 5.151802e-01  1.160214e+00  5.066839e-01  3.697421e-01
 1.158748e+00  5.134334e-01  3.692644e-01  5.060217e-01
 3.694262e-01  5.036268e-01  1.159924e+00  5.117681e-01
 5.063382e-01  3.681083e-01  5.136213e-01  1.158963e+00
 5.151802e-01  1.160214e+00  5.066839e-01 -3.697421e-01
 1.158748e+00  5.134334e-01  3.692644e-01 -5.060217e-01
 3.694262e-01  5.036268e-01  1.159924e+00 -5.117681e-01
 5.063382e-01  3.681083e-01  5.136213e-01 -1.158963e+00
 5.151802e-01  1.160214e+00 -5.066839e-01  3.697421e-01
 1.158748e+00  5.134334e-01 -3.692644e-01  5.060217e-01
 3.694262e-01  5.036268e-01 -1.159924e+00  5.117681e-01
 5.063382e-01  3.681083e-01 -5.136213e-01  1.158963e+00
 5.151802e-01  1.160214e+00 -5.066839e-01 -3.697421e-01
 1.158748e+00  5.134334e-01 -3.692644e-01 -5.060217e-01
 3.694262e-01  5.036268e-01 -1.159924e+00 -5.117681e-01
 5.063382e-01  3.681083e-01 -5.136213e-01 -1.158963e+00
 5.151802e-01 -1.160214e+00  5.066839e-01  3.697421e-01
 1.158748e+00 -5.134334e-01  3.692644e-01  5.060217e-01
 3.694262e-01 -5.036268e-01  1.159924e+00  5.117681e-01
 5.063382e-01 -3.681083e-01  5.136213e-01  1.158963e+00
 5.151802e-01 -1.160214e+00  5.066839e-01 -3.697421e-01
 1.158748e+00 -5.134334e-01  3.692644e-01 -5.060217e-01
 3.694262e-01 -5.036268e-01  1.159924e+00 -5.117681e-01
 5.063382e-01 -3.681083e-01  5.136213e-01 -1.158963e+00
 5.151802e-01 -1.160214e+00 -5.066839e-01  3.697421e-01
 1.158748e+00 -5.134334e-01 -3.692644e-01  5.060217e-01
 3.694262e-01 -5.036268e-01 -1.159924e+00  5.117681e-01
 5.063382e-01 -3.681083e-01 -5.136213e-01  1.158963e+00
 5.151802e-01 -1.160214e+00 -5.066839e-01 -3.697421e-01
 1.158748e+00 -5.134334e-01 -3.692644e-01 -5.060217e-01
 3.694262e-01 -5.036268e-01 -1.159924e+00 -5.117681e-01
 5.063382e-01 -3.681083e-01 -5.136213e-01 -1.158963e+00
-5.151802e-01  1.160214e+00  5.066839e-01  3.697421e-01
-1.158748e+00  5.134334e-01  3.692644e-01  5.060217e-01
-3.694262e-01  5.036268e-01  1.159924e+00  5.117681e-01
-5.063382e-01  3.681083e-01  5.136213e-01  1.158963e+00
-5.151802e-01  1.160214e+00  5.066839e-01 -3.697421e-01
-1.158748e+00  5.134334e-01  3.692644e-01 -5.060217e-01
-3.694262e-01  5.036268e-01  1.159924e+00 -5.117681e-01
-5.063382e-01  3.681083e-01  5.136213e-01 -1.158963e+00
-5.151802e-01  1.160214e+00 -5.066839e-01  3.697421e-01
-1.158748e+00  5.134334e-01 -3.692644e-01  5.060217e-01
-3.694262e-01  5.036268e-01 -1.159924e+00  5.117681e-01
-5.063382e-01  3.681083e-01 -5.136213e-01  1.158963e+00
-5.151802e-01  1.160214e+00 -5.066839e-01 -3.697421e-01
-1.158748e+00  5.134334e-01 -3.692644e-01 -5.060217e-01
-3.694262e-01  5.036268e-01 -1.159924e+00 -5.117681e-01
-5.063382e-01  3.681083e-01 -5.136213e-01 -1.158963e+00
-5.151802e-01 -1.160214e+00  5.066839e-01  3.697421e-01
-1.158748e+00 -5.134334e-01  3.692644e-01  5.060217e-01
-3.694262e-01 -5.036268e-01  1.159924e+00  5.117681e-01
-5.063382e-01 -3.681083e-01  5.136213e-01  1.158963e+00
-5.151802e-01 -1.160214e+00  5.066839e-01 -3.697421e-01
-1.158748e+00 -5.134334e-01  3.692644e-01 -5.060217e-01
-3.694262e-01 -5.036268e-01  1.159924e+00 -5.117681e-01
-5.063382e-01 -3.681083e-01  5.136213e-01 -1.158963e+00
-5.151802e-01 -1.160214e+00 -5.066839e-01  3.697421e-01
-1.158748e+00 -5.134334e-01 -3.692644e-01  5.060217e-01
-3.694262e-01 -5.036268e-01 -1.159924e+00  5.117681e-01
-5.063382e-01 -3.681083e-01 -5.136213e-01  1.158963e+00
-5.151802e-01 -1.160214e+00 -5.066839e-01 -3.697421e-01
-1.158748e+00 -5.134334e-01 -3.692644e-01 -5.060217e-01
-3.694262e-01 -5.036268e-01 -1.159924e+00 -5.117681e-01
-5.063382e-01 -3.681083e-01 -5.136213e-01 -1.158963e+00
