 1.174224e+00  4.721219e-01  4.669231e-01  4.260087e-01
 4.723728e-01  1.172957e+00  4.255843e-01  4.677640e-01
 4.681697e-01  4.257747e-01  1.173194e+00  4.720647e-01
 4.264324e-01  4.675752e-01  4.719679e-01  1.173450e+00
 1.174224e+00  4.721219e-01  4.669231e-01 -4.260087e-01
 4.723728e-01  1.172957e+00  4.255843e-01 -4.677640e-01
 4.681697e-01  4.257747e-01  1.173194e+00 -4.720647e-01
 4.264324e-01  4.675752e-01  4.719679e-01 -1.173450e+00
 1.174224e+00  4.721219e-01 -4.669231e-01  4.260087e-01
 4.723728e-01  1.172957e+00 -4.255843e-01  4.677640e-01
 4.681697e-01  4.257747e-01 -1.173194e+00  4.720647e-01
 4.264324e-01  4.675752e-01 -4.719679e-01  1.173450e+00
 1.174224e+00  4.721219e-01 -4.669231e-01 -4.260087e-01
 4.723728e-01  1.172957e+00 -4.255843e-01 -4.677640e-01
 4.681697e-01  4.257747e-01 -1.173194e+00 -4.720647e-01
 4.264324e-01  4.675752e-01 -4.719679e-01 -1.173450e+00
 1.174224e+00 -4.721219e-01  4.669231e-01  4.260087e-01
 4.723728e-01 -1.172957e+00  4.255843e-01  4.677640e-01
 4.681697e-01 -4.257747e-01  1.173194e+00  4.720647e-01
 4.264324e-01 -4.675752e-01  4.719679e-01  1.173450e+00
 1.174224e+00 -4.721219e-01  4.669231e-01 -4.260087e-01
 4.723728e-01 -1.172957e+00  4.255843e-01 -4.677640e-01
 4.681697e-01 -4.257747e-01  1.173194e+00 -4.720647e-01
 4.264324e-01 -4.675752e-01  4.719679e-01 -1.173450e+00
 1.174224e+00 -4.721219e-01 -4.669231e-01  4.260087e-01
 4.723728e-01 -1.172957e+00 -4.255843e-01  4.677640e-01
 4.681697e-01 -4.257747e-01 -1.173194e+00  4.720647e-01
 4.264324e-01 -4.675752e-01 -4.719679e-01  1.173450e+00
 1.174224e+00 -4.721219e-01 -4.669231e-01 -4.260087e-01
 4.723728e-01 -1.172957e+00 -4.255843e-01 -4.677640e-01
 4.681697e-01 -4.257747e-01 -1.173194e+00 -4.720647e-01
 4.264324e-01 -4.675752e-01 -4.719679e-01 -1.173450e+00
-1.174224e+00  4.721219e-01  4.669231e-01  4.260087e-01
-4.723728e-01  1.172957e+00  4.255843e-01  4.677640e-01
-4.681697e-01  4.257747e-01  1.173194e+00  4.720647e-01
-4.264324e-01  4.675752e-01  4.719679e-01  1.173450e+00
-1.174224e+00  4.721219e-01  4.669231e-01 -4.260087e-01
-4.723728e-01  1.172957e+00  4.255843e-01 -4.677640e-01
-4.681697e-01  4.257747e-01  1.173194e+00 -4.720647e-01
-4.264324e-01  4.675752e-01  4.719679e-01 -1.173450e+00
-1.174224e+00  4.721219e-01 -4.669231e-01  4.260087e-01
-4.723728e-01  1.172957e+00 -4.255843e-01  4.677640e-01
-4.681697e-01  4.257747e-01 -1.173194e+00  4.720647e-01
-4.264324e-01  4.675752e-01 -4.719679e-01  1.173450e+00
-1.174224e+00  4.721219e-01 -4.669231e-01 -4.260087e-01
-4.723728e-01  1.172957e+00 -4.255843e-01 -4.677640e-01
-4.681697e-01  4.257747e-01 -1.173194e+00 -4.720647e-01
-4.264324e-01  4.675752e-01 -4.719679e-01 -1.173450e+00
-1.174224e+00 -4.721219e-01  4.669231e-01  4.260087e-01
-4.723728e-01 -1.172957e+00  4.255843e-01  4.677640e-01
-4.681697e-01 -4.257747e-01  1.173194e+00  4.720647e-01
-4.264324e-01 -4.675752e-01  4.719679e-01  1.173450e+00
-1.174224e+00 -4.721219e-01  4.669231e-01 -4.260087e-01
-4.723728e-01 -1.172957e+00  4.255843e-01 -4.677640e-01
-4.681697e-01 -4.257747e-01  1.173194e+00 -4.720647e-01
-4.264324e-01 -4.675752e-01  4.719679e-01 -1.173450e+00
-1.174224e+00 -4.721219e-01 -4.669231e-01  4.260087e-01
-4.723728e-01 -1.172957e+00 -4.255843e-01  4.677640e-01
-4.681697e-01 -4.257747e-01 -1.173194e+00  4.720647e-01
-4.264324e-01 -4.675752e-01 -4.719679e-01  1.173450e+00
-1.174224e+00 -4.721219e-01 -4.669231e-01 -4.260087e-01
-4.723728e-01 -1.172957e+00 -4.255843e-01 -4.677640e-01
-4.681697e-01 -4.257747e-01 -1.173194e+00 -4.720647e-01
-4.264324e-01 -4.675752e-01 -4.719679e-01 -1.173450e+00
