 1.174294e+00  4.746289e-01  4.707566e-01  4.174134e-01
 4.744170e-01  1.174069e+00  4.171534e-01  4.699353e-01
 4.704933e-01  4.169419e-01  1.174539e+00  4.744455e-01
 4.169002e-01  4.714623e-01  4.751684e-01  1.174665e+00
 1.174294e+00  4.746289e-01  4.707566e-01 -4.174134e-01
 4.744170e-01  1.174069e+00  4.171534e-01 -4.699353e-01
 4.704933e-01  4.169419e-01  1.174539e+00 -4.744455e-01
 4.169002e-01  4.714623e-01  4.751684e-01 -1.174665e+00
 1.174294e+00  4.746289e-01 -4.707566e-01  4.174134e-01
 4.744170e-01  1.174069e+00 -4.171534e-01  4.699353e-01
 4.704933e-01  4.169419e-01 -1.174539e+00  4.744455e-01
 4.169002e-01  4.714623e-01 -4.751684e-01  1.174665e+00
 1.174294e+00  4.746289e-01 -4.707566e-01 -4.174134e-01
 4.744170e-01  1.174069e+00 -4.171534e-01 -4.699353e-01
 4.704933e-01  4.169419e-01 -1.174539e+00 -4.744455e-01
 4.169002e-01  4.714623e-01 -4.751684e-01 -1.174665e+00
 1.174294e+00 -4.746289e-01  4.707566e-01  4.174134e-01
 4.744170e-01 -1.174069e+00  4.171534e-01  4.699353e-01
 4.704933e-01 -4.169419e-01  1.174539e+00  4.744455e-01
 4.169002e-01 -4.714623e-01  4.751684e-01  1.174665e+00
 1.174294e+00 -4.746289e-01  4.707566e-01 -4.174134e-01
 4.744170e-01 -1.174069e+00  4.171534e-01 -4.699353e-01
 4.704933e-01 -4.169419e-01  1.174539e+00 -4.744455e-01
 4.169002e-01 -4.714623e-01  4.751684e-01 -1.174665e+00
 1.174294e+00 -4.746289e-01 -4.707566e-01  4.174134e-01
 4.744170e-01 -1.174069e+00 -4.171534e-01  4.699353e-01
 4.704933e-01 -4.169419e-01 -1.174539e+00  4.744455e-01
 4.169002e-01 -4.714623e-01 -4.751684e-01  1.174665e+00
 1.174294e+00 -4.746289e-01 -4.707566e-01 -4.174134e-01
 4.744170e-01 -1.174069e+00 -4.171534e-01 -4.699353e-01
 4.704933e-01 -4.169419e-01 -1.174539e+00 -4.744455e-01
 4.169002e-01 -4.714623e-01 -4.751684e-01 -1.174665e+00
-1.174294e+00  4.746289e-01  4.707566e-01  4.174134e-01
-4.744170e-01  1.174069e+00  4.171534e-01  4.699353e-01
-4.704933e-01  4.169419e-01  1.174539e+00  4.744455e-01
-4.169002e-01  4.714623e-01  4.751684e-01  1.174665e+00
-1.174294e+00  4.746289e-01  4.707566e-01 -4.174134e-01
-4.744170e-01  1.174069e+00  4.171534e-01 -4.699353e-01
-4.704933e-01  4.169419e-01  1.174539e+00 -4.744455e-01
-4.169002e-01  4.714623e-01  4.751684e-01 -1.174665e+00
-1.174294e+00  4.746289e-01 -4.707566e-01  4.174134e-01
-4.744170e-01  1.174069e+00 -4.171534e-01  4.699353e-01
-4.704933e-01  4.169419e-01 -1.174539e+00  4.744455e-01
-4.169002e-01  4.714623e-01 -4.751684e-01  1.174665e+00
-1.174294e+00  4.746289e-01 -4.707566e-01 -4.174134e-01
-4.744170e-01  1.174069e+00 -4.171534e-01 -4.699353e-01
-4.704933e-01  4.169419e-01 -1.174539e+00 -4.744455e-01
-4.169002e-01  4.714623e-01 -4.751684e-01 -1.174665e+00
-1.174294e+00 -4.746289e-01  4.707566e-01  4.174134e-01
-4.744170e-01 -1.174069e+00  4.171534e-01  4.699353e-01
-4.704933e-01 -4.169419e-01  1.174539e+00  4.744455e-01
-4.169002e-01 -4.714623e-01  4.751684e-01  1.174665e+00
-1.174294e+00 -4.746289e-01  4.707566e-01 -4.174134e-01
-4.744170e-01 -1.174069e+00  4.171534e-01 -4.699353e-01
-4.704933e-01 -4.169419e-01  1.174539e+00 -4.744455e-01
-4.169002e-01 -4.714623e-01  4.751684e-01 -1.174665e+00
-1.174294e+00 -4.746289e-01 -4.707566e-01  4.174134e-01
-4.744170e-01 -1.174069e+00 -4.171534e-01  4.699353e-01
-4.704933e-01 -4.169419e-01 -1.174539e+00  4.744455e-01
-4.169002e-01 -4.714623e-01 -4.751684e-01  1.174665e+00
-1.174294e+00 -4.746289e-01 -4.707566e-01 -4.174134e-01
-4.744170e-01 -1.174069e+00 -4.171534e-01 -4.699353e-01
-4.704933e-01 -4.169419e-01 -1.174539e+00 -4.744455e-01
-4.169002e-01 -4.714623e-01 -4.751684e-01 -1.174665e+00
