 1.170876e+00  4.403544e-01  4.669206e-01  4.676447e-01
 4.664146e-01  4.669841e-01  4.416054e-01  1.169942e+00
 4.677540e-01  4.670372e-01  1.170579e+00  4.400417e-01
 4.399742e-01  1.169580e+00  4.674235e-01  4.671704e-01
 1.170876e+00  4.403544e-01  4.669206e-01 -4.676447e-01
 4.664146e-01  4.669841e-01  4.416054e-01 -1.169942e+00
 4.677540e-01  4.670372e-01  1.170579e+00 -4.400417e-01
 4.399742e-01  1.169580e+00  4.674235e-01 -4.671704e-01
 1.170876e+00  4.403544e-01 -4.669206e-01  4.676447e-01
 4.664146e-01  4.669841e-01 -4.416054e-01  1.169942e+00
 4.677540e-01  4.670372e-01 -1.170579e+00  4.400417e-01
 4.399742e-01  1.169580e+00 -4.674235e-01  4.671704e-01
 1.170876e+00  4.403544e-01 -4.669206e-01 -4.676447e-01
 4.664146e-01  4.669841e-01 -4.416054e-01 -1.169942e+00
 4.677540e-01  4.670372e-01 -1.170579e+00 -4.400417e-01
 4.399742e-01  1.169580e+00 -4.674235e-01 -4.671704e-01
 1.170876e+00 -4.403544e-01  4.669206e-01  4.676447e-01
 4.664146e-01 -4.669841e-01  4.416054e-01  1.169942e+00
 4.677540e-01 -4.670372e-01  1.170579e+00  4.400417e-01
 4.399742e-01 -1.169580e+00  4.674235e-01  4.671704e-01
 1.170876e+00 -4.403544e-01  4.669206e-01 -4.676447e-01
 4.664146e-01 -4.669841e-01  4.416054e-01 -1.169942e+00
 4.677540e-01 -4.670372e-01  1.170579e+00 -4.400417e-01
 4.399742e-01 -1.169580e+00  4.674235e-01 -4.671704e-01
 1.170876e+00 -4.403544e-01 -4.669206e-01  4.676447e-01
 4.664146e-01 -4.669841e-01 -4.416054e-01  1.169942e+00
 4.677540e-01 -4.670372e-01 -1.170579e+00  4.400417e-01
 4.399742e-01 -1.169580e+00 -4.674235e-01  4.671704e-01
 1.170876e+00 -4.403544e-01 -4.669206e-01 -4.676447e-01
 4.664146e-01 -4.669841e-01 -4.416054e-01 -1.169942e+00
 4.677540e-01 -4.670372e-01 -1.170579e+00 -4.400417e-01
 4.399742e-01 -1.169580e+00 -4.674235e-01 -4.671704e-01
-1.170876e+00  4.403544e-01  4.669206e-01  4.676447e-01
-4.664146e-01  4.669841e-01  4.416054e-01  1.169942e+00
-4.677540e-01  4.670372e-01  1.170579e+00  4.400417e-01
-4.399742e-01  1.169580e+00  4.674235e-01  4.671704e-01
-1.170876e+00  4.403544e-01  4.669206e-01 -4.676447e-01
-4.664146e-01  4.669841e-01  4.416054e-01 -1.169942e+00
-4.677540e-01  4.670372e-01  1.170579e+00 -4.400417e-01
-4.399742e-01  1.169580e+00  4.674235e-01 -4.671704e-01
-1.170876e+00  4.403544e-01 -4.669206e-01  4.676447e-01
-4.664146e-01  4.669841e-01 -4.416054e-01  1.169942e+00
-4.677540e-01  4.670372e-01 -1.170579e+00  4.400417e-01
-4.399742e-01  1.169580e+00 -4.674235e-01  4.671704e-01
-1.170876e+00  4.403544e-01 -4.669206e-01 -4.676447e-01
-4.664146e-01  4.669841e-01 -4.416054e-01 -1.169942e+00
-4.677540e-01  4.670372e-01 -1.170579e+00 -4.400417e-01
-4.399742e-01  1.169580e+00 -4.674235e-01 -4.671704e-01
-1.170876e+00 -4.403544e-01  4.669206e-01  4.676447e-01
-4.664146e-01 -4.669841e-01  4.416054e-01  1.169942e+00
-4.677540e-01 -4.670372e-01  1.170579e+00  4.400417e-01
-4.399742e-01 -1.169580e+00  4.674235e-01  4.671704e-01
-1.170876e+00 -4.403544e-01  4.669206e-01 -4.676447e-01
-4.664146e-01 -4.669841e-01  4.416054e-01 -1.169942e+00
-4.677540e-01 -4.670372e-01  1.170579e+00 -4.400417e-01
-4.399742e-01 -1.169580e+00  4.674235e-01 -4.671704e-01
-1.170876e+00 -4.403544e-01 -4.669206e-01  4.676447e-01
-4.664146e-01 -4.669841e-01 -4.416054e-01  1.169942e+00
-4.677540e-01 -4.670372e-01 -1.170579e+00  4.400417e-01
-4.399742e-01 -1.169580e+00 -4.674235e-01  4.671704e-01
-1.170876e+00 -4.403544e-01 -4.669206e-01 -4.676447e-01
-4.664146e-01 -4.669841e-01 -4.416054e-01 -1.169942e+00
-4.677540e-01 -4.670372e-01 -1.170579e+00 -4.400417e-01
-4.399742e-01 -1.169580e+00 -4.674235e-01 -4.671704e-01
