 9.403075e-01  1.009631e+00  9.685199e-01  3.921284e-01
 1.083020e+00  1.021712e+00  3.190349e-01  3.054437e-01
 8.889949e-01  9.336112e-01  3.507626e-01  1.034471e+00
 1.429313e+00  3.627982e-01  3.652691e-01  3.711010e-01
 9.365717e-01  3.485422e-01  9.932110e-01  9.312012e-01
 8.314440e-01  2.824696e-01  9.100657e-01  2.941977e-01
 8.449457e-01  2.903458e-01  3.100044e-01  9.246860e-01
 8.126290e-01  3.296136e-01  2.913669e-01  2.965590e-01
 3.345852e-01  9.530159e-01  9.843755e-01  8.796749e-01
 2.806796e-01  7.763824e-01  8.359008e-01  2.807544e-01
 2.870243e-01  8.185995e-01  3.005919e-01  8.720651e-01
 3.196817e-01  1.169044e+00  3.146119e-01  3.210742e-01
 2.866115e-01  2.861340e-01  8.812658e-01  8.847648e-01
 3.354260e-01  3.411855e-01  1.370508e+00  3.566444e-01
 3.335811e-01  3.421630e-01  3.646052e-01  1.372193e+00
 2.640848e-01  2.961969e-01  3.102060e-01  3.323658e-01
 9.403075e-01  1.009631e+00  9.685199e-01 -3.921284e-01
 1.083020e+00  1.021712e+00  3.190349e-01 -3.054437e-01
 8.889949e-01  9.336112e-01  3.507626e-01 -1.034471e+00
 1.429313e+00  3.627982e-01  3.652691e-01 -3.711010e-01
 9.365717e-01  3.485422e-01  9.932110e-01 -9.312012e-01
 8.314440e-01  2.824696e-01  9.100657e-01 -2.941977e-01
 8.449457e-01  2.903458e-01  3.100044e-01 -9.246860e-01
 8.126290e-01  3.296136e-01  2.913669e-01 -2.965590e-01
 3.345852e-01  9.530159e-01  9.843755e-01 -8.796749e-01
 2.806796e-01  7.763824e-01  8.359008e-01 -2.807544e-01
 2.870243e-01  8.185995e-01  3.005919e-01 -8.720651e-01
 3.196817e-01  1.169044e+00  3.146119e-01 -3.210742e-01
 2.866115e-01  2.861340e-01  8.812658e-01 -8.847648e-01
 3.354260e-01  3.411855e-01  1.370508e+00 -3.566444e-01
 3.335811e-01  3.421630e-01  3.646052e-01 -1.372193e+00
 2.640848e-01  2.961969e-01  3.102060e-01 -3.323658e-01
 9.403075e-01  1.009631e+00 -9.685199e-01  3.921284e-01
 1.083020e+00  1.021712e+00 -3.190349e-01  3.054437e-01
 8.889949e-01  9.336112e-01 -3.507626e-01  1.034471e+00
 1.429313e+00  3.627982e-01 -3.652691e-01  3.711010e-01
 9.365717e-01  3.485422e-01 -9.932110e-01  9.312012e-01
 8.314440e-01  2.824696e-01 -9.100657e-01  2.941977e-01
 8.449457e-01  2.903458e-01 -3.100044e-01  9.246860e-01
 8.126290e-01  3.296136e-01 -2.913669e-01  2.965590e-01
 3.345852e-01  9.530159e-01 -9.843755e-01  8.796749e-01
 2.806796e-01  7.763824e-01 -8.359008e-01  2.807544e-01
 2.870243e-01  8.185995e-01 -3.005919e-01  8.720651e-01
 3.196817e-01  1.169044e+00 -3.146119e-01  3.210742e-01
 2.866115e-01  2.861340e-01 -8.812658e-01  8.847648e-01
 3.354260e-01  3.411855e-01 -1.370508e+00  3.566444e-01
 3.335811e-01  3.421630e-01 -3.646052e-01  1.372193e+00
 2.640848e-01  2.961969e-01 -3.102060e-01  3.323658e-01
 9.403075e-01  1.009631e+00 -9.685199e-01 -3.921284e-01
 1.083020e+00  1.021712e+00 -3.190349e-01 -3.054437e-01
 8.889949e-01  9.336112e-01 -3.507626e-01 -1.034471e+00
 1.429313e+00  3.627982e-01 -3.652691e-01 -3.711010e-01
 9.365717e-01  3.485422e-01 -9.932110e-01 -9.312012e-01
 8.314440e-01  2.824696e-01 -9.100657e-01 -2.941977e-01
 8.449457e-01  2.903458e-01 -3.100044e-01 -9.246860e-01
 8.126290e-01  3.296136e-01 -2.913669e-01 -2.965590e-01
 3.345852e-01  9.530159e-01 -9.843755e-01 -8.796749e-01
 2.806796e-01  7.763824e-01 -8.359008e-01 -2.807544e-01
 2.870243e-01  8.185995e-01 -3.005919e-01 -8.720651e-01
 3.196817e-01  1.169044e+00 -3.146119e-01 -3.210742e-01
 2.866115e-01  2.861340e-01 -8.812658e-01 -8.847648e-01
 3.354260e-01  3.411855e-01 -1.370508e+00 -3.566444e-01
 3.335811e-01  3.421630e-01 -3.646052e-01 -1.372193e+00
 2.640848e-01  2.961969e-01 -3.102060e-01 -3.323658e-01
 9.403075e-01 -1.009631e+00  9.685199e-01  3.921284e-01
 1.083020e+00 -1.021712e+00  3.190349e-01  3.054437e-01
 8.889949e-01 -9.336112e-01  3.507626e-01  1.034471e+00
 1.429313e+00 -3.627982e-01  3.652691e-01  3.711010e-01
 9.365717e-01 -3.485422e-01  9.932110e-01  9.312012e-01
 8.314440e-01 -2.824696e-01  9.100657e-01  2.941977e-01
 8.449457e-01 -2.903458e-01  3.100044e-01  9.246860e-01
 8.126290e-01 -3.296136e-01  2.913669e-01  2.965590e-01
 3.345852e-01 -9.530159e-01  9.843755e-01  8.796749e-01
 2.806796e-01 -7.763824e-01  8.359008e-01  2.807544e-01
 2.870243e-01 -8.185995e-01  3.005919e-01  8.720651e-01
 3.196817e-01 -1.169044e+00  3.146119e-01  3.210742e-01
 2.866115e-01 -2.861340e-01  8.812658e-01  8.847648e-01
 3.354260e-01 -3.411855e-01  1.370508e+00  3.566444e-01
 3.335811e-01 -3.421630e-01  3.646052e-01  1.372193e+00
 2.640848e-01 -2.961969e-01  3.102060e-01  3.323658e-01
 9.403075e-01 -1.009631e+00  9.685199e-01 -3.921284e-01
 1.083020e+00 -1.021712e+00  3.190349e-01 -3.054437e-01
 8.889949e-01 -9.336112e-01  3.507626e-01 -1.034471e+00
 1.429313e+00 -3.627982e-01  3.652691e-01 -3.711010e-01
 9.365717e-01 -3.485422e-01  9.932110e-01 -9.312012e-01
 8.314440e-01 -2.824696e-01  9.100657e-01 -2.941977e-01
 8.449457e-01 -2.903458e-01  3.100044e-01 -9.246860e-01
 8.126290e-01 -3.296136e-01  2.913669e-01 -2.965590e-01
 3.345852e-01 -9.530159e-01  9.843755e-01 -8.796749e-01
 2.806796e-01 -7.763824e-01  8.359008e-01 -2.807544e-01
 2.870243e-01 -8.185995e-01  3.005919e-01 -8.720651e-01
 3.196817e-01 -1.169044e+00  3.146119e-01 -3.210742e-01
 2.866115e-01 -2.861340e-01  8.812658e-01 -8.847648e-01
 3.354260e-01 -3.411855e-01  1.370508e+00 -3.566444e-01
 3.335811e-01 -3.421630e-01  3.646052e-01 -1.372193e+00
 2.640848e-01 -2.961969e-01  3.102060e-01 -3.323658e-01
 9.403075e-01 -1.009631e+00 -9.685199e-01  3.921284e-01
 1.083020e+00 -1.021712e+00 -3.190349e-01  3.054437e-01
 8.889949e-01 -9.336112e-01 -3.507626e-01  1.034471e+00
 1.429313e+00 -3.627982e-01 -3.652691e-01  3.711010e-01
 9.365717e-01 -3.485422e-01 -9.932110e-01  9.312012e-01
 8.314440e-01 -2.824696e-01 -9.100657e-01  2.941977e-01
 8.449457e-01 -2.903458e-01 -3.100044e-01  9.246860e-01
 8.126290e-01 -3.296136e-01 -2.913669e-01  2.965590e-01
 3.345852e-01 -9.530159e-01 -9.843755e-01  8.796749e-01
 2.806796e-01 -7.763824e-01 -8.359008e-01  2.807544e-01
 2.870243e-01 -8.185995e-01 -3.005919e-01  8.720651e-01
 3.196817e-01 -1.169044e+00 -3.146119e-01  3.210742e-01
 2.866115e-01 -2.861340e-01 -8.812658e-01  8.847648e-01
 3.354260e-01 -3.411855e-01 -1.370508e+00  3.566444e-01
 3.335811e-01 -3.421630e-01 -3.646052e-01  1.372193e+00
 2.640848e-01 -2.961969e-01 -3.102060e-01  3.323658e-01
 9.403075e-01 -1.009631e+00 -9.685199e-01 -3.921284e-01
 1.083020e+00 -1.021712e+00 -3.190349e-01 -3.054437e-01
 8.889949e-01 -9.336112e-01 -3.507626e-01 -1.034471e+00
 1.429313e+00 -3.627982e-01 -3.652691e-01 -3.711010e-01
 9.365717e-01 -3.485422e-01 -9.932110e-01 -9.312012e-01
 8.314440e-01 -2.824696e-01 -9.100657e-01 -2.941977e-01
 8.449457e-01 -2.903458e-01 -3.100044e-01 -9.246860e-01
 8.126290e-01 -3.296136e-01 -2.913669e-01 -2.965590e-01
 3.345852e-01 -9.530159e-01 -9.843755e-01 -8.796749e-01
 2.806796e-01 -7.763824e-01 -8.359008e-01 -2.807544e-01
 2.870243e-01 -8.185995e-01 -3.005919e-01 -8.720651e-01
 3.196817e-01 -1.169044e+00 -3.146119e-01 -3.210742e-01
 2.866115e-01 -2.861340e-01 -8.812658e-01 -8.847648e-01
 3.354260e-01 -3.411855e-01 -1.370508e+00 -3.566444e-01
 3.335811e-01 -3.421630e-01 -3.646052e-01 -1.372193e+00
 2.640848e-01 -2.961969e-01 -3.102060e-01 -3.323658e-01
-9.403075e-01  1.009631e+00  9.685199e-01  3.921284e-01
-1.083020e+00  1.021712e+00  3.190349e-01  3.054437e-01
-8.889949e-01  9.336112e-01  3.507626e-01  1.034471e+00
-1.429313e+00  3.627982e-01  3.652691e-01  3.711010e-01
-9.365717e-01  3.485422e-01  9.932110e-01  9.312012e-01
-8.314440e-01  2.824696e-01  9.100657e-01  2.941977e-01
-8.449457e-01  2.903458e-01  3.100044e-01  9.246860e-01
-8.126290e-01  3.296136e-01  2.913669e-01  2.965590e-01
-3.345852e-01  9.530159e-01  9.843755e-01  8.796749e-01
-2.806796e-01  7.763824e-01  8.359008e-01  2.807544e-01
-2.870243e-01  8.185995e-01  3.005919e-01  8.720651e-01
-3.196817e-01  1.169044e+00  3.146119e-01  3.210742e-01
-2.866115e-01  2.861340e-01  8.812658e-01  8.847648e-01
-3.354260e-01  3.411855e-01  1.370508e+00  3.566444e-01
-3.335811e-01  3.421630e-01  3.646052e-01  1.372193e+00
-2.640848e-01  2.961969e-01  3.102060e-01  3.323658e-01
-9.403075e-01  1.009631e+00  9.685199e-01 -3.921284e-01
-1.083020e+00  1.021712e+00  3.190349e-01 -3.054437e-01
-8.889949e-01  9.336112e-01  3.507626e-01 -1.034471e+00
-1.429313e+00  3.627982e-01  3.652691e-01 -3.711010e-01
-9.365717e-01  3.485422e-01  9.932110e-01 -9.312012e-01
-8.314440e-01  2.824696e-01  9.100657e-01 -2.941977e-01
-8.449457e-01  2.903458e-01  3.100044e-01 -9.246860e-01
-8.126290e-01  3.296136e-01  2.913669e-01 -2.965590e-01
-3.345852e-01  9.530159e-01  9.843755e-01 -8.796749e-01
-2.806796e-01  7.763824e-01  8.359008e-01 -2.807544e-01
-2.870243e-01  8.185995e-01  3.005919e-01 -8.720651e-01
-3.196817e-01  1.169044e+00  3.146119e-01 -3.210742e-01
-2.866115e-01  2.861340e-01  8.812658e-01 -8.847648e-01
-3.354260e-01  3.411855e-01  1.370508e+00 -3.566444e-01
-3.335811e-01  3.421630e-01  3.646052e-01 -1.372193e+00
-2.640848e-01  2.961969e-01  3.102060e-01 -3.323658e-01
-9.403075e-01  1.009631e+00 -9.685199e-01  3.921284e-01
-1.083020e+00  1.021712e+00 -3.190349e-01  3.054437e-01
-8.889949e-01  9.336112e-01 -3.507626e-01  1.034471e+00
-1.429313e+00  3.627982e-01 -3.652691e-01  3.711010e-01
-9.365717e-01  3.485422e-01 -9.932110e-01  9.312012e-01
-8.314440e-01  2.824696e-01 -9.100657e-01  2.941977e-01
-8.449457e-01  2.903458e-01 -3.100044e-01  9.246860e-01
-8.126290e-01  3.296136e-01 -2.913669e-01  2.965590e-01
-3.345852e-01  9.530159e-01 -9.843755e-01  8.796749e-01
-2.806796e-01  7.763824e-01 -8.359008e-01  2.807544e-01
-2.870243e-01  8.185995e-01 -3.005919e-01  8.720651e-01
-3.196817e-01  1.169044e+00 -3.146119e-01  3.210742e-01
-2.866115e-01  2.861340e-01 -8.812658e-01  8.847648e-01
-3.354260e-01  3.411855e-01 -1.370508e+00  3.566444e-01
-3.335811e-01  3.421630e-01 -3.646052e-01  1.372193e+00
-2.640848e-01  2.961969e-01 -3.102060e-01  3.323658e-01
-9.403075e-01  1.009631e+00 -9.685199e-01 -3.921284e-01
-1.083020e+00  1.021712e+00 -3.190349e-01 -3.054437e-01
-8.889949e-01  9.336112e-01 -3.507626e-01 -1.034471e+00
-1.429313e+00  3.627982e-01 -3.652691e-01 -3.711010e-01
-9.365717e-01  3.485422e-01 -9.932110e-01 -9.312012e-01
-8.314440e-01  2.824696e-01 -9.100657e-01 -2.941977e-01
-8.449457e-01  2.903458e-01 -3.100044e-01 -9.246860e-01
-8.126290e-01  3.296136e-01 -2.913669e-01 -2.965590e-01
-3.345852e-01  9.530159e-01 -9.843755e-01 -8.796749e-01
-2.806796e-01  7.763824e-01 -8.359008e-01 -2.807544e-01
-2.870243e-01  8.185995e-01 -3.005919e-01 -8.720651e-01
-3.196817e-01  1.169044e+00 -3.146119e-01 -3.210742e-01
-2.866115e-01  2.861340e-01 -8.812658e-01 -8.847648e-01
-3.354260e-01  3.411855e-01 -1.370508e+00 -3.566444e-01
-3.335811e-01  3.421630e-01 -3.646052e-01 -1.372193e+00
-2.640848e-01  2.961969e-01 -3.102060e-01 -3.323658e-01
-9.403075e-01 -1.009631e+00  9.685199e-01  3.921284e-01
-1.083020e+00 -1.021712e+00  3.190349e-01  3.054437e-01
-8.889949e-01 -9.336112e-01  3.507626e-01  1.034471e+00
-1.429313e+00 -3.627982e-01  3.652691e-01  3.711010e-01
-9.365717e-01 -3.485422e-01  9.932110e-01  9.312012e-01
-8.314440e-01 -2.824696e-01  9.100657e-01  2.941977e-01
-8.449457e-01 -2.903458e-01  3.100044e-01  9.246860e-01
-8.126290e-01 -3.296136e-01  2.913669e-01  2.965590e-01
-3.345852e-01 -9.530159e-01  9.843755e-01  8.796749e-01
-2.806796e-01 -7.763824e-01  8.359008e-01  2.807544e-01
-2.870243e-01 -8.185995e-01  3.005919e-01  8.720651e-01
-3.196817e-01 -1.169044e+00  3.146119e-01  3.210742e-01
-2.866115e-01 -2.861340e-01  8.812658e-01  8.847648e-01
-3.354260e-01 -3.411855e-01  1.370508e+00  3.566444e-01
-3.335811e-01 -3.421630e-01  3.646052e-01  1.372193e+00
-2.640848e-01 -2.961969e-01  3.102060e-01  3.323658e-01
-9.403075e-01 -1.009631e+00  9.685199e-01 -3.921284e-01
-1.083020e+00 -1.021712e+00  3.190349e-01 -3.054437e-01
-8.889949e-01 -9.336112e-01  3.507626e-01 -1.034471e+00
-1.429313e+00 -3.627982e-01  3.652691e-01 -3.711010e-01
-9.365717e-01 -3.485422e-01  9.932110e-01 -9.312012e-01
-8.314440e-01 -2.824696e-01  9.100657e-01 -2.941977e-01
-8.449457e-01 -2.903458e-01  3.100044e-01 -9.246860e-01
-8.126290e-01 -3.296136e-01  2.913669e-01 -2.965590e-01
-3.345852e-01 -9.530159e-01  9.843755e-01 -8.796749e-01
-2.806796e-01 -7.763824e-01  8.359008e-01 -2.807544e-01
-2.870243e-01 -8.185995e-01  3.005919e-01 -8.720651e-01
-3.196817e-01 -1.169044e+00  3.146119e-01 -3.210742e-01
-2.866115e-01 -2.861340e-01  8.812658e-01 -8.847648e-01
-3.354260e-01 -3.411855e-01  1.370508e+00 -3.566444e-01
-3.335811e-01 -3.421630e-01  3.646052e-01 -1.372193e+00
-2.640848e-01 -2.961969e-01  3.102060e-01 -3.323658e-01
-9.403075e-01 -1.009631e+00 -9.685199e-01  3.921284e-01
-1.083020e+00 -1.021712e+00 -3.190349e-01  3.054437e-01
-8.889949e-01 -9.336112e-01 -3.507626e-01  1.034471e+00
-1.429313e+00 -3.627982e-01 -3.652691e-01  3.711010e-01
-9.365717e-01 -3.485422e-01 -9.932110e-01  9.312012e-01
-8.314440e-01 -2.824696e-01 -9.100657e-01  2.941977e-01
-8.449457e-01 -2.903458e-01 -3.100044e-01  9.246860e-01
-8.126290e-01 -3.296136e-01 -2.913669e-01  2.965590e-01
-3.345852e-01 -9.530159e-01 -9.843755e-01  8.796749e-01
-2.806796e-01 -7.763824e-01 -8.359008e-01  2.807544e-01
-2.870243e-01 -8.185995e-01 -3.005919e-01  8.720651e-01
-3.196817e-01 -1.169044e+00 -3.146119e-01  3.210742e-01
-2.866115e-01 -2.861340e-01 -8.812658e-01  8.847648e-01
-3.354260e-01 -3.411855e-01 -1.370508e+00  3.566444e-01
-3.335811e-01 -3.421630e-01 -3.646052e-01  1.372193e+00
-2.640848e-01 -2.961969e-01 -3.102060e-01  3.323658e-01
-9.403075e-01 -1.009631e+00 -9.685199e-01 -3.921284e-01
-1.083020e+00 -1.021712e+00 -3.190349e-01 -3.054437e-01
-8.889949e-01 -9.336112e-01 -3.507626e-01 -1.034471e+00
-1.429313e+00 -3.627982e-01 -3.652691e-01 -3.711010e-01
-9.365717e-01 -3.485422e-01 -9.932110e-01 -9.312012e-01
-8.314440e-01 -2.824696e-01 -9.100657e-01 -2.941977e-01
-8.449457e-01 -2.903458e-01 -3.100044e-01 -9.246860e-01
-8.126290e-01 -3.296136e-01 -2.913669e-01 -2.965590e-01
-3.345852e-01 -9.530159e-01 -9.843755e-01 -8.796749e-01
-2.806796e-01 -7.763824e-01 -8.359008e-01 -2.807544e-01
-2.870243e-01 -8.185995e-01 -3.005919e-01 -8.720651e-01
-3.196817e-01 -1.169044e+00 -3.146119e-01 -3.210742e-01
-2.866115e-01 -2.861340e-01 -8.812658e-01 -8.847648e-01
-3.354260e-01 -3.411855e-01 -1.370508e+00 -3.566444e-01
-3.335811e-01 -3.421630e-01 -3.646052e-01 -1.372193e+00
-2.640848e-01 -2.961969e-01 -3.102060e-01 -3.323658e-01
