 7.522399e-01  1.263150e+00  2.296883e-01  8.227729e-01
 2.751393e-01  2.938370e-01  3.085554e-01  1.711278e+00
 2.876270e-01  9.522367e-01  1.054491e+00  8.639146e-01
 3.109438e-01  8.879483e-01  1.407357e+00  3.283750e-01
 2.719512e-01  9.746914e-01  1.754674e-01  7.013103e-01
 7.993740e-01  1.186623e+00  2.048701e-01  2.246449e-01
 2.589966e-01  9.335396e-01  5.880126e-01  6.966857e-01
 9.106740e-01  1.278322e+00  6.600229e-01  2.397792e-01
 2.845976e-01  1.521589e+00  2.603685e-01  8.220710e-01
 2.767338e-01  1.179519e+00  3.307577e-01  1.323115e+00
 3.438804e-01  1.414123e+00  8.465511e-01  7.475587e-01
 3.013605e-01  1.265151e+00  1.091311e+00  2.354968e-01
 3.002653e-01  1.647558e+00  2.778746e-01  2.837656e-01
 2.630683e-01  1.201774e+00  1.880577e-01  1.873654e-01
 2.321621e-01  1.210950e+00  6.020957e-01  4.774653e-01
 2.971681e-01  1.183389e+00  6.371807e-01  1.667059e-01
 1.287007e+00  9.022239e-01  2.896788e-01  7.954592e-01
 9.186757e-01  7.990201e-01  3.456553e-01  1.270288e+00
 8.561835e-01  7.944466e-01  1.008661e+00  8.612922e-01
 8.555366e-01  8.018939e-01  1.202412e+00  2.754717e-01
 9.402955e-01  6.975840e-01  2.198400e-01  6.318297e-01
 1.059801e+00  7.599267e-01  2.154136e-01  2.124563e-01
 7.936177e-01  8.053855e-01  6.546508e-01  6.237748e-01
 1.107266e+00  7.688339e-01  6.957953e-01  2.353871e-01
 1.403640e+00  2.931994e-01  3.240923e-01  8.670642e-01
 1.102265e+00  2.661106e-01  2.945623e-01  1.275795e+00
 1.181535e+00  2.850391e-01  8.783907e-01  8.030798e-01
 1.156635e+00  2.865868e-01  1.167361e+00  2.847987e-01
 1.100344e+00  2.322744e-01  2.225346e-01  6.083135e-01
 1.105978e+00  2.418413e-01  2.135237e-01  1.994367e-01
 1.654691e+00  3.406895e-01  3.052093e-01  2.736196e-01
 1.234446e+00  2.560722e-01  6.595642e-01  2.206990e-01
 2.129991e-01  5.191557e-01  7.780303e-01  1.231396e+00
 1.991297e-01  5.978469e-01  2.536567e-01  1.258742e+00
 2.124692e-01  5.456699e-01  1.018885e+00  7.289429e-01
 2.183155e-01  6.063247e-01  1.110033e+00  2.304937e-01
 2.092812e-01  5.887403e-01  1.968616e-01  6.264310e-01
 2.039918e-01  6.401238e-01  2.002097e-01  1.959928e-01
 2.149390e-01  6.161803e-01  6.040447e-01  5.717305e-01
 2.078436e-01  6.329479e-01  6.439682e-01  1.799842e-01
 2.090414e-01  1.829668e-01  6.012501e-01  1.022267e+00
 2.105198e-01  1.942463e-01  2.053752e-01  1.147836e+00
 2.119038e-01  1.808083e-01  9.210436e-01  6.659916e-01
 2.178843e-01  1.975909e-01  1.051518e+00  2.119720e-01
 2.144326e-01  1.941335e-01  2.151885e-01  6.082143e-01
 2.174790e-01  2.066990e-01  1.934653e-01  1.897427e-01
 2.222550e-01  2.055030e-01  5.838886e-01  5.083916e-01
 2.252097e-01  2.081199e-01  6.152456e-01  1.696374e-01
 5.948834e-01  2.934862e-01  9.565251e-01  1.337417e+00
 5.878856e-01  5.911852e-01  2.357977e-01  1.206422e+00
 3.184668e-01  2.842922e-01  1.401764e+00  9.107751e-01
 3.017124e-01  2.739215e-01  1.593318e+00  3.040375e-01
 6.148291e-01  5.547324e-01  2.032363e-01  6.047805e-01
 6.198133e-01  6.190978e-01  2.045804e-01  1.848808e-01
 6.140611e-01  5.755090e-01  6.104033e-01  5.299084e-01
 6.474659e-01  6.171275e-01  6.523155e-01  1.658885e-01
 6.512424e-01  1.898433e-01  6.204031e-01  1.023399e+00
 6.651178e-01  2.046252e-01  2.233882e-01  1.171283e+00
 6.740705e-01  2.035724e-01  1.028307e+00  7.009259e-01
 6.606361e-01  2.178347e-01  1.196704e+00  2.400045e-01
 6.562364e-01  1.862552e-01  2.271539e-01  6.149089e-01
 6.653174e-01  2.009376e-01  2.075011e-01  1.872425e-01
 6.753297e-01  2.047532e-01  6.326241e-01  5.108008e-01
 7.197862e-01  2.063631e-01  6.832975e-01  1.734033e-01
 7.522399e-01  1.263150e+00  2.296883e-01 -8.227729e-01
 2.751393e-01  2.938370e-01  3.085554e-01 -1.711278e+00
 2.876270e-01  9.522367e-01  1.054491e+00 -8.639146e-01
 3.109438e-01  8.879483e-01  1.407357e+00 -3.283750e-01
 2.719512e-01  9.746914e-01  1.754674e-01 -7.013103e-01
 7.993740e-01  1.186623e+00  2.048701e-01 -2.246449e-01
 2.589966e-01  9.335396e-01  5.880126e-01 -6.966857e-01
 9.106740e-01  1.278322e+00  6.600229e-01 -2.397792e-01
 2.845976e-01  1.521589e+00  2.603685e-01 -8.220710e-01
 2.767338e-01  1.179519e+00  3.307577e-01 -1.323115e+00
 3.438804e-01  1.414123e+00  8.465511e-01 -7.475587e-01
 3.013605e-01  1.265151e+00  1.091311e+00 -2.354968e-01
 3.002653e-01  1.647558e+00  2.778746e-01 -2.837656e-01
 2.630683e-01  1.201774e+00  1.880577e-01 -1.873654e-01
 2.321621e-01  1.210950e+00  6.020957e-01 -4.774653e-01
 2.971681e-01  1.183389e+00  6.371807e-01 -1.667059e-01
 1.287007e+00  9.022239e-01  2.896788e-01 -7.954592e-01
 9.186757e-01  7.990201e-01  3.456553e-01 -1.270288e+00
 8.561835e-01  7.944466e-01  1.008661e+00 -8.612922e-01
 8.555366e-01  8.018939e-01  1.202412e+00 -2.754717e-01
 9.402955e-01  6.975840e-01  2.198400e-01 -6.318297e-01
 1.059801e+00  7.599267e-01  2.154136e-01 -2.124563e-01
 7.936177e-01  8.053855e-01  6.546508e-01 -6.237748e-01
 1.107266e+00  7.688339e-01  6.957953e-01 -2.353871e-01
 1.403640e+00  2.931994e-01  3.240923e-01 -8.670642e-01
 1.102265e+00  2.661106e-01  2.945623e-01 -1.275795e+00
 1.181535e+00  2.850391e-01  8.783907e-01 -8.030798e-01
 1.156635e+00  2.865868e-01  1.167361e+00 -2.847987e-01
 1.100344e+00  2.322744e-01  2.225346e-01 -6.083135e-01
 1.105978e+00  2.418413e-01  2.135237e-01 -1.994367e-01
 1.654691e+00  3.406895e-01  3.052093e-01 -2.736196e-01
 1.234446e+00  2.560722e-01  6.595642e-01 -2.206990e-01
 2.129991e-01  5.191557e-01  7.780303e-01 -1.231396e+00
 1.991297e-01  5.978469e-01  2.536567e-01 -1.258742e+00
 2.124692e-01  5.456699e-01  1.018885e+00 -7.289429e-01
 2.183155e-01  6.063247e-01  1.110033e+00 -2.304937e-01
 2.092812e-01  5.887403e-01  1.968616e-01 -6.264310e-01
 2.039918e-01  6.401238e-01  2.002097e-01 -1.959928e-01
 2.149390e-01  6.161803e-01  6.040447e-01 -5.717305e-01
 2.078436e-01  6.329479e-01  6.439682e-01 -1.799842e-01
 2.090414e-01  1.829668e-01  6.012501e-01 -1.022267e+00
 2.105198e-01  1.942463e-01  2.053752e-01 -1.147836e+00
 2.119038e-01  1.808083e-01  9.210436e-01 -6.659916e-01
 2.178843e-01  1.975909e-01  1.051518e+00 -2.119720e-01
 2.144326e-01  1.941335e-01  2.151885e-01 -6.082143e-01
 2.174790e-01  2.066990e-01  1.934653e-01 -1.897427e-01
 2.222550e-01  2.055030e-01  5.838886e-01 -5.083916e-01
 2.252097e-01  2.081199e-01  6.152456e-01 -1.696374e-01
 5.948834e-01  2.934862e-01  9.565251e-01 -1.337417e+00
 5.878856e-01  5.911852e-01  2.357977e-01 -1.206422e+00
 3.184668e-01  2.842922e-01  1.401764e+00 -9.107751e-01
 3.017124e-01  2.739215e-01  1.593318e+00 -3.040375e-01
 6.148291e-01  5.547324e-01  2.032363e-01 -6.047805e-01
 6.198133e-01  6.190978e-01  2.045804e-01 -1.848808e-01
 6.140611e-01  5.755090e-01  6.104033e-01 -5.299084e-01
 6.474659e-01  6.171275e-01  6.523155e-01 -1.658885e-01
 6.512424e-01  1.898433e-01  6.204031e-01 -1.023399e+00
 6.651178e-01  2.046252e-01  2.233882e-01 -1.171283e+00
 6.740705e-01  2.035724e-01  1.028307e+00 -7.009259e-01
 6.606361e-01  2.178347e-01  1.196704e+00 -2.400045e-01
 6.562364e-01  1.862552e-01  2.271539e-01 -6.149089e-01
 6.653174e-01  2.009376e-01  2.075011e-01 -1.872425e-01
 6.753297e-01  2.047532e-01  6.326241e-01 -5.108008e-01
 7.197862e-01  2.063631e-01  6.832975e-01 -1.734033e-01
 7.522399e-01  1.263150e+00 -2.296883e-01  8.227729e-01
 2.751393e-01  2.938370e-01 -3.085554e-01  1.711278e+00
 2.876270e-01  9.522367e-01 -1.054491e+00  8.639146e-01
 3.109438e-01  8.879483e-01 -1.407357e+00  3.283750e-01
 2.719512e-01  9.746914e-01 -1.754674e-01  7.013103e-01
 7.993740e-01  1.186623e+00 -2.048701e-01  2.246449e-01
 2.589966e-01  9.335396e-01 -5.880126e-01  6.966857e-01
 9.106740e-01  1.278322e+00 -6.600229e-01  2.397792e-01
 2.845976e-01  1.521589e+00 -2.603685e-01  8.220710e-01
 2.767338e-01  1.179519e+00 -3.307577e-01  1.323115e+00
 3.438804e-01  1.414123e+00 -8.465511e-01  7.475587e-01
 3.013605e-01  1.265151e+00 -1.091311e+00  2.354968e-01
 3.002653e-01  1.647558e+00 -2.778746e-01  2.837656e-01
 2.630683e-01  1.201774e+00 -1.880577e-01  1.873654e-01
 2.321621e-01  1.210950e+00 -6.020957e-01  4.774653e-01
 2.971681e-01  1.183389e+00 -6.371807e-01  1.667059e-01
 1.287007e+00  9.022239e-01 -2.896788e-01  7.954592e-01
 9.186757e-01  7.990201e-01 -3.456553e-01  1.270288e+00
 8.561835e-01  7.944466e-01 -1.008661e+00  8.612922e-01
 8.555366e-01  8.018939e-01 -1.202412e+00  2.754717e-01
 9.402955e-01  6.975840e-01 -2.198400e-01  6.318297e-01
 1.059801e+00  7.599267e-01 -2.154136e-01  2.124563e-01
 7.936177e-01  8.053855e-01 -6.546508e-01  6.237748e-01
 1.107266e+00  7.688339e-01 -6.957953e-01  2.353871e-01
 1.403640e+00  2.931994e-01 -3.240923e-01  8.670642e-01
 1.102265e+00  2.661106e-01 -2.945623e-01  1.275795e+00
 1.181535e+00  2.850391e-01 -8.783907e-01  8.030798e-01
 1.156635e+00  2.865868e-01 -1.167361e+00  2.847987e-01
 1.100344e+00  2.322744e-01 -2.225346e-01  6.083135e-01
 1.105978e+00  2.418413e-01 -2.135237e-01  1.994367e-01
 1.654691e+00  3.406895e-01 -3.052093e-01  2.736196e-01
 1.234446e+00  2.560722e-01 -6.595642e-01  2.206990e-01
 2.129991e-01  5.191557e-01 -7.780303e-01  1.231396e+00
 1.991297e-01  5.978469e-01 -2.536567e-01  1.258742e+00
 2.124692e-01  5.456699e-01 -1.018885e+00  7.289429e-01
 2.183155e-01  6.063247e-01 -1.110033e+00  2.304937e-01
 2.092812e-01  5.887403e-01 -1.968616e-01  6.264310e-01
 2.039918e-01  6.401238e-01 -2.002097e-01  1.959928e-01
 2.149390e-01  6.161803e-01 -6.040447e-01  5.717305e-01
 2.078436e-01  6.329479e-01 -6.439682e-01  1.799842e-01
 2.090414e-01  1.829668e-01 -6.012501e-01  1.022267e+00
 2.105198e-01  1.942463e-01 -2.053752e-01  1.147836e+00
 2.119038e-01  1.808083e-01 -9.210436e-01  6.659916e-01
 2.178843e-01  1.975909e-01 -1.051518e+00  2.119720e-01
 2.144326e-01  1.941335e-01 -2.151885e-01  6.082143e-01
 2.174790e-01  2.066990e-01 -1.934653e-01  1.897427e-01
 2.222550e-01  2.055030e-01 -5.838886e-01  5.083916e-01
 2.252097e-01  2.081199e-01 -6.152456e-01  1.696374e-01
 5.948834e-01  2.934862e-01 -9.565251e-01  1.337417e+00
 5.878856e-01  5.911852e-01 -2.357977e-01  1.206422e+00
 3.184668e-01  2.842922e-01 -1.401764e+00  9.107751e-01
 3.017124e-01  2.739215e-01 -1.593318e+00  3.040375e-01
 6.148291e-01  5.547324e-01 -2.032363e-01  6.047805e-01
 6.198133e-01  6.190978e-01 -2.045804e-01  1.848808e-01
 6.140611e-01  5.755090e-01 -6.104033e-01  5.299084e-01
 6.474659e-01  6.171275e-01 -6.523155e-01  1.658885e-01
 6.512424e-01  1.898433e-01 -6.204031e-01  1.023399e+00
 6.651178e-01  2.046252e-01 -2.233882e-01  1.171283e+00
 6.740705e-01  2.035724e-01 -1.028307e+00  7.009259e-01
 6.606361e-01  2.178347e-01 -1.196704e+00  2.400045e-01
 6.562364e-01  1.862552e-01 -2.271539e-01  6.149089e-01
 6.653174e-01  2.009376e-01 -2.075011e-01  1.872425e-01
 6.753297e-01  2.047532e-01 -6.326241e-01  5.108008e-01
 7.197862e-01  2.063631e-01 -6.832975e-01  1.734033e-01
 7.522399e-01  1.263150e+00 -2.296883e-01 -8.227729e-01
 2.751393e-01  2.938370e-01 -3.085554e-01 -1.711278e+00
 2.876270e-01  9.522367e-01 -1.054491e+00 -8.639146e-01
 3.109438e-01  8.879483e-01 -1.407357e+00 -3.283750e-01
 2.719512e-01  9.746914e-01 -1.754674e-01 -7.013103e-01
 7.993740e-01  1.186623e+00 -2.048701e-01 -2.246449e-01
 2.589966e-01  9.335396e-01 -5.880126e-01 -6.966857e-01
 9.106740e-01  1.278322e+00 -6.600229e-01 -2.397792e-01
 2.845976e-01  1.521589e+00 -2.603685e-01 -8.220710e-01
 2.767338e-01  1.179519e+00 -3.307577e-01 -1.323115e+00
 3.438804e-01  1.414123e+00 -8.465511e-01 -7.475587e-01
 3.013605e-01  1.265151e+00 -1.091311e+00 -2.354968e-01
 3.002653e-01  1.647558e+00 -2.778746e-01 -2.837656e-01
 2.630683e-01  1.201774e+00 -1.880577e-01 -1.873654e-01
 2.321621e-01  1.210950e+00 -6.020957e-01 -4.774653e-01
 2.971681e-01  1.183389e+00 -6.371807e-01 -1.667059e-01
 1.287007e+00  9.022239e-01 -2.896788e-01 -7.954592e-01
 9.186757e-01  7.990201e-01 -3.456553e-01 -1.270288e+00
 8.561835e-01  7.944466e-01 -1.008661e+00 -8.612922e-01
 8.555366e-01  8.018939e-01 -1.202412e+00 -2.754717e-01
 9.402955e-01  6.975840e-01 -2.198400e-01 -6.318297e-01
 1.059801e+00  7.599267e-01 -2.154136e-01 -2.124563e-01
 7.936177e-01  8.053855e-01 -6.546508e-01 -6.237748e-01
 1.107266e+00  7.688339e-01 -6.957953e-01 -2.353871e-01
 1.403640e+00  2.931994e-01 -3.240923e-01 -8.670642e-01
 1.102265e+00  2.661106e-01 -2.945623e-01 -1.275795e+00
 1.181535e+00  2.850391e-01 -8.783907e-01 -8.030798e-01
 1.156635e+00  2.865868e-01 -1.167361e+00 -2.847987e-01
 1.100344e+00  2.322744e-01 -2.225346e-01 -6.083135e-01
 1.105978e+00  2.418413e-01 -2.135237e-01 -1.994367e-01
 1.654691e+00  3.406895e-01 -3.052093e-01 -2.736196e-01
 1.234446e+00  2.560722e-01 -6.595642e-01 -2.206990e-01
 2.129991e-01  5.191557e-01 -7.780303e-01 -1.231396e+00
 1.991297e-01  5.978469e-01 -2.536567e-01 -1.258742e+00
 2.124692e-01  5.456699e-01 -1.018885e+00 -7.289429e-01
 2.183155e-01  6.063247e-01 -1.110033e+00 -2.304937e-01
 2.092812e-01  5.887403e-01 -1.968616e-01 -6.264310e-01
 2.039918e-01  6.401238e-01 -2.002097e-01 -1.959928e-01
 2.149390e-01  6.161803e-01 -6.040447e-01 -5.717305e-01
 2.078436e-01  6.329479e-01 -6.439682e-01 -1.799842e-01
 2.090414e-01  1.829668e-01 -6.012501e-01 -1.022267e+00
 2.105198e-01  1.942463e-01 -2.053752e-01 -1.147836e+00
 2.119038e-01  1.808083e-01 -9.210436e-01 -6.659916e-01
 2.178843e-01  1.975909e-01 -1.051518e+00 -2.119720e-01
 2.144326e-01  1.941335e-01 -2.151885e-01 -6.082143e-01
 2.174790e-01  2.066990e-01 -1.934653e-01 -1.897427e-01
 2.222550e-01  2.055030e-01 -5.838886e-01 -5.083916e-01
 2.252097e-01  2.081199e-01 -6.152456e-01 -1.696374e-01
 5.948834e-01  2.934862e-01 -9.565251e-01 -1.337417e+00
 5.878856e-01  5.911852e-01 -2.357977e-01 -1.206422e+00
 3.184668e-01  2.842922e-01 -1.401764e+00 -9.107751e-01
 3.017124e-01  2.739215e-01 -1.593318e+00 -3.040375e-01
 6.148291e-01  5.547324e-01 -2.032363e-01 -6.047805e-01
 6.198133e-01  6.190978e-01 -2.045804e-01 -1.848808e-01
 6.140611e-01  5.755090e-01 -6.104033e-01 -5.299084e-01
 6.474659e-01  6.171275e-01 -6.523155e-01 -1.658885e-01
 6.512424e-01  1.898433e-01 -6.204031e-01 -1.023399e+00
 6.651178e-01  2.046252e-01 -2.233882e-01 -1.171283e+00
 6.740705e-01  2.035724e-01 -1.028307e+00 -7.009259e-01
 6.606361e-01  2.178347e-01 -1.196704e+00 -2.400045e-01
 6.562364e-01  1.862552e-01 -2.271539e-01 -6.149089e-01
 6.653174e-01  2.009376e-01 -2.075011e-01 -1.872425e-01
 6.753297e-01  2.047532e-01 -6.326241e-01 -5.108008e-01
 7.197862e-01  2.063631e-01 -6.832975e-01 -1.734033e-01
 7.522399e-01 -1.263150e+00  2.296883e-01  8.227729e-01
 2.751393e-01 -2.938370e-01  3.085554e-01  1.711278e+00
 2.876270e-01 -9.522367e-01  1.054491e+00  8.639146e-01
 3.109438e-01 -8.879483e-01  1.407357e+00  3.283750e-01
 2.719512e-01 -9.746914e-01  1.754674e-01  7.013103e-01
 7.993740e-01 -1.186623e+00  2.048701e-01  2.246449e-01
 2.589966e-01 -9.335396e-01  5.880126e-01  6.966857e-01
 9.106740e-01 -1.278322e+00  6.600229e-01  2.397792e-01
 2.845976e-01 -1.521589e+00  2.603685e-01  8.220710e-01
 2.767338e-01 -1.179519e+00  3.307577e-01  1.323115e+00
 3.438804e-01 -1.414123e+00  8.465511e-01  7.475587e-01
 3.013605e-01 -1.265151e+00  1.091311e+00  2.354968e-01
 3.002653e-01 -1.647558e+00  2.778746e-01  2.837656e-01
 2.630683e-01 -1.201774e+00  1.880577e-01  1.873654e-01
 2.321621e-01 -1.210950e+00  6.020957e-01  4.774653e-01
 2.971681e-01 -1.183389e+00  6.371807e-01  1.667059e-01
 1.287007e+00 -9.022239e-01  2.896788e-01  7.954592e-01
 9.186757e-01 -7.990201e-01  3.456553e-01  1.270288e+00
 8.561835e-01 -7.944466e-01  1.008661e+00  8.612922e-01
 8.555366e-01 -8.018939e-01  1.202412e+00  2.754717e-01
 9.402955e-01 -6.975840e-01  2.198400e-01  6.318297e-01
 1.059801e+00 -7.599267e-01  2.154136e-01  2.124563e-01
 7.936177e-01 -8.053855e-01  6.546508e-01  6.237748e-01
 1.107266e+00 -7.688339e-01  6.957953e-01  2.353871e-01
 1.403640e+00 -2.931994e-01  3.240923e-01  8.670642e-01
 1.102265e+00 -2.661106e-01  2.945623e-01  1.275795e+00
 1.181535e+00 -2.850391e-01  8.783907e-01  8.030798e-01
 1.156635e+00 -2.865868e-01  1.167361e+00  2.847987e-01
 1.100344e+00 -2.322744e-01  2.225346e-01  6.083135e-01
 1.105978e+00 -2.418413e-01  2.135237e-01  1.994367e-01
 1.654691e+00 -3.406895e-01  3.052093e-01  2.736196e-01
 1.234446e+00 -2.560722e-01  6.595642e-01  2.206990e-01
 2.129991e-01 -5.191557e-01  7.780303e-01  1.231396e+00
 1.991297e-01 -5.978469e-01  2.536567e-01  1.258742e+00
 2.124692e-01 -5.456699e-01  1.018885e+00  7.289429e-01
 2.183155e-01 -6.063247e-01  1.110033e+00  2.304937e-01
 2.092812e-01 -5.887403e-01  1.968616e-01  6.264310e-01
 2.039918e-01 -6.401238e-01  2.002097e-01  1.959928e-01
 2.149390e-01 -6.161803e-01  6.040447e-01  5.717305e-01
 2.078436e-01 -6.329479e-01  6.439682e-01  1.799842e-01
 2.090414e-01 -1.829668e-01  6.012501e-01  1.022267e+00
 2.105198e-01 -1.942463e-01  2.053752e-01  1.147836e+00
 2.119038e-01 -1.808083e-01  9.210436e-01  6.659916e-01
 2.178843e-01 -1.975909e-01  1.051518e+00  2.119720e-01
 2.144326e-01 -1.941335e-01  2.151885e-01  6.082143e-01
 2.174790e-01 -2.066990e-01  1.934653e-01  1.897427e-01
 2.222550e-01 -2.055030e-01  5.838886e-01  5.083916e-01
 2.252097e-01 -2.081199e-01  6.152456e-01  1.696374e-01
 5.948834e-01 -2.934862e-01  9.565251e-01  1.337417e+00
 5.878856e-01 -5.911852e-01  2.357977e-01  1.206422e+00
 3.184668e-01 -2.842922e-01  1.401764e+00  9.107751e-01
 3.017124e-01 -2.739215e-01  1.593318e+00  3.040375e-01
 6.148291e-01 -5.547324e-01  2.032363e-01  6.047805e-01
 6.198133e-01 -6.190978e-01  2.045804e-01  1.848808e-01
 6.140611e-01 -5.755090e-01  6.104033e-01  5.299084e-01
 6.474659e-01 -6.171275e-01  6.523155e-01  1.658885e-01
 6.512424e-01 -1.898433e-01  6.204031e-01  1.023399e+00
 6.651178e-01 -2.046252e-01  2.233882e-01  1.171283e+00
 6.740705e-01 -2.035724e-01  1.028307e+00  7.009259e-01
 6.606361e-01 -2.178347e-01  1.196704e+00  2.400045e-01
 6.562364e-01 -1.862552e-01  2.271539e-01  6.149089e-01
 6.653174e-01 -2.009376e-01  2.075011e-01  1.872425e-01
 6.753297e-01 -2.047532e-01  6.326241e-01  5.108008e-01
 7.197862e-01 -2.063631e-01  6.832975e-01  1.734033e-01
 7.522399e-01 -1.263150e+00  2.296883e-01 -8.227729e-01
 2.751393e-01 -2.938370e-01  3.085554e-01 -1.711278e+00
 2.876270e-01 -9.522367e-01  1.054491e+00 -8.639146e-01
 3.109438e-01 -8.879483e-01  1.407357e+00 -3.283750e-01
 2.719512e-01 -9.746914e-01  1.754674e-01 -7.013103e-01
 7.993740e-01 -1.186623e+00  2.048701e-01 -2.246449e-01
 2.589966e-01 -9.335396e-01  5.880126e-01 -6.966857e-01
 9.106740e-01 -1.278322e+00  6.600229e-01 -2.397792e-01
 2.845976e-01 -1.521589e+00  2.603685e-01 -8.220710e-01
 2.767338e-01 -1.179519e+00  3.307577e-01 -1.323115e+00
 3.438804e-01 -1.414123e+00  8.465511e-01 -7.475587e-01
 3.013605e-01 -1.265151e+00  1.091311e+00 -2.354968e-01
 3.002653e-01 -1.647558e+00  2.778746e-01 -2.837656e-01
 2.630683e-01 -1.201774e+00  1.880577e-01 -1.873654e-01
 2.321621e-01 -1.210950e+00  6.020957e-01 -4.774653e-01
 2.971681e-01 -1.183389e+00  6.371807e-01 -1.667059e-01
 1.287007e+00 -9.022239e-01  2.896788e-01 -7.954592e-01
 9.186757e-01 -7.990201e-01  3.456553e-01 -1.270288e+00
 8.561835e-01 -7.944466e-01  1.008661e+00 -8.612922e-01
 8.555366e-01 -8.018939e-01  1.202412e+00 -2.754717e-01
 9.402955e-01 -6.975840e-01  2.198400e-01 -6.318297e-01
 1.059801e+00 -7.599267e-01  2.154136e-01 -2.124563e-01
 7.936177e-01 -8.053855e-01  6.546508e-01 -6.237748e-01
 1.107266e+00 -7.688339e-01  6.957953e-01 -2.353871e-01
 1.403640e+00 -2.931994e-01  3.240923e-01 -8.670642e-01
 1.102265e+00 -2.661106e-01  2.945623e-01 -1.275795e+00
 1.181535e+00 -2.850391e-01  8.783907e-01 -8.030798e-01
 1.156635e+00 -2.865868e-01  1.167361e+00 -2.847987e-01
 1.100344e+00 -2.322744e-01  2.225346e-01 -6.083135e-01
 1.105978e+00 -2.418413e-01  2.135237e-01 -1.994367e-01
 1.654691e+00 -3.406895e-01  3.052093e-01 -2.736196e-01
 1.234446e+00 -2.560722e-01  6.595642e-01 -2.206990e-01
 2.129991e-01 -5.191557e-01  7.780303e-01 -1.231396e+00
 1.991297e-01 -5.978469e-01  2.536567e-01 -1.258742e+00
 2.124692e-01 -5.456699e-01  1.018885e+00 -7.289429e-01
 2.183155e-01 -6.063247e-01  1.110033e+00 -2.304937e-01
 2.092812e-01 -5.887403e-01  1.968616e-01 -6.264310e-01
 2.039918e-01 -6.401238e-01  2.002097e-01 -1.959928e-01
 2.149390e-01 -6.161803e-01  6.040447e-01 -5.717305e-01
 2.078436e-01 -6.329479e-01  6.439682e-01 -1.799842e-01
 2.090414e-01 -1.829668e-01  6.012501e-01 -1.022267e+00
 2.105198e-01 -1.942463e-01  2.053752e-01 -1.147836e+00
 2.119038e-01 -1.808083e-01  9.210436e-01 -6.659916e-01
 2.178843e-01 -1.975909e-01  1.051518e+00 -2.119720e-01
 2.144326e-01 -1.941335e-01  2.151885e-01 -6.082143e-01
 2.174790e-01 -2.066990e-01  1.934653e-01 -1.897427e-01
 2.222550e-01 -2.055030e-01  5.838886e-01 -5.083916e-01
 2.252097e-01 -2.081199e-01  6.152456e-01 -1.696374e-01
 5.948834e-01 -2.934862e-01  9.565251e-01 -1.337417e+00
 5.878856e-01 -5.911852e-01  2.357977e-01 -1.206422e+00
 3.184668e-01 -2.842922e-01  1.401764e+00 -9.107751e-01
 3.017124e-01 -2.739215e-01  1.593318e+00 -3.040375e-01
 6.148291e-01 -5.547324e-01  2.032363e-01 -6.047805e-01
 6.198133e-01 -6.190978e-01  2.045804e-01 -1.848808e-01
 6.140611e-01 -5.755090e-01  6.104033e-01 -5.299084e-01
 6.474659e-01 -6.171275e-01  6.523155e-01 -1.658885e-01
 6.512424e-01 -1.898433e-01  6.204031e-01 -1.023399e+00
 6.651178e-01 -2.046252e-01  2.233882e-01 -1.171283e+00
 6.740705e-01 -2.035724e-01  1.028307e+00 -7.009259e-01
 6.606361e-01 -2.178347e-01  1.196704e+00 -2.400045e-01
 6.562364e-01 -1.862552e-01  2.271539e-01 -6.149089e-01
 6.653174e-01 -2.009376e-01  2.075011e-01 -1.872425e-01
 6.753297e-01 -2.047532e-01  6.326241e-01 -5.108008e-01
 7.197862e-01 -2.063631e-01  6.832975e-01 -1.734033e-01
 7.522399e-01 -1.263150e+00 -2.296883e-01  8.227729e-01
 2.751393e-01 -2.938370e-01 -3.085554e-01  1.711278e+00
 2.876270e-01 -9.522367e-01 -1.054491e+00  8.639146e-01
 3.109438e-01 -8.879483e-01 -1.407357e+00  3.283750e-01
 2.719512e-01 -9.746914e-01 -1.754674e-01  7.013103e-01
 7.993740e-01 -1.186623e+00 -2.048701e-01  2.246449e-01
 2.589966e-01 -9.335396e-01 -5.880126e-01  6.966857e-01
 9.106740e-01 -1.278322e+00 -6.600229e-01  2.397792e-01
 2.845976e-01 -1.521589e+00 -2.603685e-01  8.220710e-01
 2.767338e-01 -1.179519e+00 -3.307577e-01  1.323115e+00
 3.438804e-01 -1.414123e+00 -8.465511e-01  7.475587e-01
 3.013605e-01 -1.265151e+00 -1.091311e+00  2.354968e-01
 3.002653e-01 -1.647558e+00 -2.778746e-01  2.837656e-01
 2.630683e-01 -1.201774e+00 -1.880577e-01  1.873654e-01
 2.321621e-01 -1.210950e+00 -6.020957e-01  4.774653e-01
 2.971681e-01 -1.183389e+00 -6.371807e-01  1.667059e-01
 1.287007e+00 -9.022239e-01 -2.896788e-01  7.954592e-01
 9.186757e-01 -7.990201e-01 -3.456553e-01  1.270288e+00
 8.561835e-01 -7.944466e-01 -1.008661e+00  8.612922e-01
 8.555366e-01 -8.018939e-01 -1.202412e+00  2.754717e-01
 9.402955e-01 -6.975840e-01 -2.198400e-01  6.318297e-01
 1.059801e+00 -7.599267e-01 -2.154136e-01  2.124563e-01
 7.936177e-01 -8.053855e-01 -6.546508e-01  6.237748e-01
 1.107266e+00 -7.688339e-01 -6.957953e-01  2.353871e-01
 1.403640e+00 -2.931994e-01 -3.240923e-01  8.670642e-01
 1.102265e+00 -2.661106e-01 -2.945623e-01  1.275795e+00
 1.181535e+00 -2.850391e-01 -8.783907e-01  8.030798e-01
 1.156635e+00 -2.865868e-01 -1.167361e+00  2.847987e-01
 1.100344e+00 -2.322744e-01 -2.225346e-01  6.083135e-01
 1.105978e+00 -2.418413e-01 -2.135237e-01  1.994367e-01
 1.654691e+00 -3.406895e-01 -3.052093e-01  2.736196e-01
 1.234446e+00 -2.560722e-01 -6.595642e-01  2.206990e-01
 2.129991e-01 -5.191557e-01 -7.780303e-01  1.231396e+00
 1.991297e-01 -5.978469e-01 -2.536567e-01  1.258742e+00
 2.124692e-01 -5.456699e-01 -1.018885e+00  7.289429e-01
 2.183155e-01 -6.063247e-01 -1.110033e+00  2.304937e-01
 2.092812e-01 -5.887403e-01 -1.968616e-01  6.264310e-01
 2.039918e-01 -6.401238e-01 -2.002097e-01  1.959928e-01
 2.149390e-01 -6.161803e-01 -6.040447e-01  5.717305e-01
 2.078436e-01 -6.329479e-01 -6.439682e-01  1.799842e-01
 2.090414e-01 -1.829668e-01 -6.012501e-01  1.022267e+00
 2.105198e-01 -1.942463e-01 -2.053752e-01  1.147836e+00
 2.119038e-01 -1.808083e-01 -9.210436e-01  6.659916e-01
 2.178843e-01 -1.975909e-01 -1.051518e+00  2.119720e-01
 2.144326e-01 -1.941335e-01 -2.151885e-01  6.082143e-01
 2.174790e-01 -2.066990e-01 -1.934653e-01  1.897427e-01
 2.222550e-01 -2.055030e-01 -5.838886e-01  5.083916e-01
 2.252097e-01 -2.081199e-01 -6.152456e-01  1.696374e-01
 5.948834e-01 -2.934862e-01 -9.565251e-01  1.337417e+00
 5.878856e-01 -5.911852e-01 -2.357977e-01  1.206422e+00
 3.184668e-01 -2.842922e-01 -1.401764e+00  9.107751e-01
 3.017124e-01 -2.739215e-01 -1.593318e+00  3.040375e-01
 6.148291e-01 -5.547324e-01 -2.032363e-01  6.047805e-01
 6.198133e-01 -6.190978e-01 -2.045804e-01  1.848808e-01
 6.140611e-01 -5.755090e-01 -6.104033e-01  5.299084e-01
 6.474659e-01 -6.171275e-01 -6.523155e-01  1.658885e-01
 6.512424e-01 -1.898433e-01 -6.204031e-01  1.023399e+00
 6.651178e-01 -2.046252e-01 -2.233882e-01  1.171283e+00
 6.740705e-01 -2.035724e-01 -1.028307e+00  7.009259e-01
 6.606361e-01 -2.178347e-01 -1.196704e+00  2.400045e-01
 6.562364e-01 -1.862552e-01 -2.271539e-01  6.149089e-01
 6.653174e-01 -2.009376e-01 -2.075011e-01  1.872425e-01
 6.753297e-01 -2.047532e-01 -6.326241e-01  5.108008e-01
 7.197862e-01 -2.063631e-01 -6.832975e-01  1.734033e-01
 7.522399e-01 -1.263150e+00 -2.296883e-01 -8.227729e-01
 2.751393e-01 -2.938370e-01 -3.085554e-01 -1.711278e+00
 2.876270e-01 -9.522367e-01 -1.054491e+00 -8.639146e-01
 3.109438e-01 -8.879483e-01 -1.407357e+00 -3.283750e-01
 2.719512e-01 -9.746914e-01 -1.754674e-01 -7.013103e-01
 7.993740e-01 -1.186623e+00 -2.048701e-01 -2.246449e-01
 2.589966e-01 -9.335396e-01 -5.880126e-01 -6.966857e-01
 9.106740e-01 -1.278322e+00 -6.600229e-01 -2.397792e-01
 2.845976e-01 -1.521589e+00 -2.603685e-01 -8.220710e-01
 2.767338e-01 -1.179519e+00 -3.307577e-01 -1.323115e+00
 3.438804e-01 -1.414123e+00 -8.465511e-01 -7.475587e-01
 3.013605e-01 -1.265151e+00 -1.091311e+00 -2.354968e-01
 3.002653e-01 -1.647558e+00 -2.778746e-01 -2.837656e-01
 2.630683e-01 -1.201774e+00 -1.880577e-01 -1.873654e-01
 2.321621e-01 -1.210950e+00 -6.020957e-01 -4.774653e-01
 2.971681e-01 -1.183389e+00 -6.371807e-01 -1.667059e-01
 1.287007e+00 -9.022239e-01 -2.896788e-01 -7.954592e-01
 9.186757e-01 -7.990201e-01 -3.456553e-01 -1.270288e+00
 8.561835e-01 -7.944466e-01 -1.008661e+00 -8.612922e-01
 8.555366e-01 -8.018939e-01 -1.202412e+00 -2.754717e-01
 9.402955e-01 -6.975840e-01 -2.198400e-01 -6.318297e-01
 1.059801e+00 -7.599267e-01 -2.154136e-01 -2.124563e-01
 7.936177e-01 -8.053855e-01 -6.546508e-01 -6.237748e-01
 1.107266e+00 -7.688339e-01 -6.957953e-01 -2.353871e-01
 1.403640e+00 -2.931994e-01 -3.240923e-01 -8.670642e-01
 1.102265e+00 -2.661106e-01 -2.945623e-01 -1.275795e+00
 1.181535e+00 -2.850391e-01 -8.783907e-01 -8.030798e-01
 1.156635e+00 -2.865868e-01 -1.167361e+00 -2.847987e-01
 1.100344e+00 -2.322744e-01 -2.225346e-01 -6.083135e-01
 1.105978e+00 -2.418413e-01 -2.135237e-01 -1.994367e-01
 1.654691e+00 -3.406895e-01 -3.052093e-01 -2.736196e-01
 1.234446e+00 -2.560722e-01 -6.595642e-01 -2.206990e-01
 2.129991e-01 -5.191557e-01 -7.780303e-01 -1.231396e+00
 1.991297e-01 -5.978469e-01 -2.536567e-01 -1.258742e+00
 2.124692e-01 -5.456699e-01 -1.018885e+00 -7.289429e-01
 2.183155e-01 -6.063247e-01 -1.110033e+00 -2.304937e-01
 2.092812e-01 -5.887403e-01 -1.968616e-01 -6.264310e-01
 2.039918e-01 -6.401238e-01 -2.002097e-01 -1.959928e-01
 2.149390e-01 -6.161803e-01 -6.040447e-01 -5.717305e-01
 2.078436e-01 -6.329479e-01 -6.439682e-01 -1.799842e-01
 2.090414e-01 -1.829668e-01 -6.012501e-01 -1.022267e+00
 2.105198e-01 -1.942463e-01 -2.053752e-01 -1.147836e+00
 2.119038e-01 -1.808083e-01 -9.210436e-01 -6.659916e-01
 2.178843e-01 -1.975909e-01 -1.051518e+00 -2.119720e-01
 2.144326e-01 -1.941335e-01 -2.151885e-01 -6.082143e-01
 2.174790e-01 -2.066990e-01 -1.934653e-01 -1.897427e-01
 2.222550e-01 -2.055030e-01 -5.838886e-01 -5.083916e-01
 2.252097e-01 -2.081199e-01 -6.152456e-01 -1.696374e-01
 5.948834e-01 -2.934862e-01 -9.565251e-01 -1.337417e+00
 5.878856e-01 -5.911852e-01 -2.357977e-01 -1.206422e+00
 3.184668e-01 -2.842922e-01 -1.401764e+00 -9.107751e-01
 3.017124e-01 -2.739215e-01 -1.593318e+00 -3.040375e-01
 6.148291e-01 -5.547324e-01 -2.032363e-01 -6.047805e-01
 6.198133e-01 -6.190978e-01 -2.045804e-01 -1.848808e-01
 6.140611e-01 -5.755090e-01 -6.104033e-01 -5.299084e-01
 6.474659e-01 -6.171275e-01 -6.523155e-01 -1.658885e-01
 6.512424e-01 -1.898433e-01 -6.204031e-01 -1.023399e+00
 6.651178e-01 -2.046252e-01 -2.233882e-01 -1.171283e+00
 6.740705e-01 -2.035724e-01 -1.028307e+00 -7.009259e-01
 6.606361e-01 -2.178347e-01 -1.196704e+00 -2.400045e-01
 6.562364e-01 -1.862552e-01 -2.271539e-01 -6.149089e-01
 6.653174e-01 -2.009376e-01 -2.075011e-01 -1.872425e-01
 6.753297e-01 -2.047532e-01 -6.326241e-01 -5.108008e-01
 7.197862e-01 -2.063631e-01 -6.832975e-01 -1.734033e-01
-7.522399e-01  1.263150e+00  2.296883e-01  8.227729e-01
-2.751393e-01  2.938370e-01  3.085554e-01  1.711278e+00
-2.876270e-01  9.522367e-01  1.054491e+00  8.639146e-01
-3.109438e-01  8.879483e-01  1.407357e+00  3.283750e-01
-2.719512e-01  9.746914e-01  1.754674e-01  7.013103e-01
-7.993740e-01  1.186623e+00  2.048701e-01  2.246449e-01
-2.589966e-01  9.335396e-01  5.880126e-01  6.966857e-01
-9.106740e-01  1.278322e+00  6.600229e-01  2.397792e-01
-2.845976e-01  1.521589e+00  2.603685e-01  8.220710e-01
-2.767338e-01  1.179519e+00  3.307577e-01  1.323115e+00
-3.438804e-01  1.414123e+00  8.465511e-01  7.475587e-01
-3.013605e-01  1.265151e+00  1.091311e+00  2.354968e-01
-3.002653e-01  1.647558e+00  2.778746e-01  2.837656e-01
-2.630683e-01  1.201774e+00  1.880577e-01  1.873654e-01
-2.321621e-01  1.210950e+00  6.020957e-01  4.774653e-01
-2.971681e-01  1.183389e+00  6.371807e-01  1.667059e-01
-1.287007e+00  9.022239e-01  2.896788e-01  7.954592e-01
-9.186757e-01  7.990201e-01  3.456553e-01  1.270288e+00
-8.561835e-01  7.944466e-01  1.008661e+00  8.612922e-01
-8.555366e-01  8.018939e-01  1.202412e+00  2.754717e-01
-9.402955e-01  6.975840e-01  2.198400e-01  6.318297e-01
-1.059801e+00  7.599267e-01  2.154136e-01  2.124563e-01
-7.936177e-01  8.053855e-01  6.546508e-01  6.237748e-01
-1.107266e+00  7.688339e-01  6.957953e-01  2.353871e-01
-1.403640e+00  2.931994e-01  3.240923e-01  8.670642e-01
-1.102265e+00  2.661106e-01  2.945623e-01  1.275795e+00
-1.181535e+00  2.850391e-01  8.783907e-01  8.030798e-01
-1.156635e+00  2.865868e-01  1.167361e+00  2.847987e-01
-1.100344e+00  2.322744e-01  2.225346e-01  6.083135e-01
-1.105978e+00  2.418413e-01  2.135237e-01  1.994367e-01
-1.654691e+00  3.406895e-01  3.052093e-01  2.736196e-01
-1.234446e+00  2.560722e-01  6.595642e-01  2.206990e-01
-2.129991e-01  5.191557e-01  7.780303e-01  1.231396e+00
-1.991297e-01  5.978469e-01  2.536567e-01  1.258742e+00
-2.124692e-01  5.456699e-01  1.018885e+00  7.289429e-01
-2.183155e-01  6.063247e-01  1.110033e+00  2.304937e-01
-2.092812e-01  5.887403e-01  1.968616e-01  6.264310e-01
-2.039918e-01  6.401238e-01  2.002097e-01  1.959928e-01
-2.149390e-01  6.161803e-01  6.040447e-01  5.717305e-01
-2.078436e-01  6.329479e-01  6.439682e-01  1.799842e-01
-2.090414e-01  1.829668e-01  6.012501e-01  1.022267e+00
-2.105198e-01  1.942463e-01  2.053752e-01  1.147836e+00
-2.119038e-01  1.808083e-01  9.210436e-01  6.659916e-01
-2.178843e-01  1.975909e-01  1.051518e+00  2.119720e-01
-2.144326e-01  1.941335e-01  2.151885e-01  6.082143e-01
-2.174790e-01  2.066990e-01  1.934653e-01  1.897427e-01
-2.222550e-01  2.055030e-01  5.838886e-01  5.083916e-01
-2.252097e-01  2.081199e-01  6.152456e-01  1.696374e-01
-5.948834e-01  2.934862e-01  9.565251e-01  1.337417e+00
-5.878856e-01  5.911852e-01  2.357977e-01  1.206422e+00
-3.184668e-01  2.842922e-01  1.401764e+00  9.107751e-01
-3.017124e-01  2.739215e-01  1.593318e+00  3.040375e-01
-6.148291e-01  5.547324e-01  2.032363e-01  6.047805e-01
-6.198133e-01  6.190978e-01  2.045804e-01  1.848808e-01
-6.140611e-01  5.755090e-01  6.104033e-01  5.299084e-01
-6.474659e-01  6.171275e-01  6.523155e-01  1.658885e-01
-6.512424e-01  1.898433e-01  6.204031e-01  1.023399e+00
-6.651178e-01  2.046252e-01  2.233882e-01  1.171283e+00
-6.740705e-01  2.035724e-01  1.028307e+00  7.009259e-01
-6.606361e-01  2.178347e-01  1.196704e+00  2.400045e-01
-6.562364e-01  1.862552e-01  2.271539e-01  6.149089e-01
-6.653174e-01  2.009376e-01  2.075011e-01  1.872425e-01
-6.753297e-01  2.047532e-01  6.326241e-01  5.108008e-01
-7.197862e-01  2.063631e-01  6.832975e-01  1.734033e-01
-7.522399e-01  1.263150e+00  2.296883e-01 -8.227729e-01
-2.751393e-01  2.938370e-01  3.085554e-01 -1.711278e+00
-2.876270e-01  9.522367e-01  1.054491e+00 -8.639146e-01
-3.109438e-01  8.879483e-01  1.407357e+00 -3.283750e-01
-2.719512e-01  9.746914e-01  1.754674e-01 -7.013103e-01
-7.993740e-01  1.186623e+00  2.048701e-01 -2.246449e-01
-2.589966e-01  9.335396e-01  5.880126e-01 -6.966857e-01
-9.106740e-01  1.278322e+00  6.600229e-01 -2.397792e-01
-2.845976e-01  1.521589e+00  2.603685e-01 -8.220710e-01
-2.767338e-01  1.179519e+00  3.307577e-01 -1.323115e+00
-3.438804e-01  1.414123e+00  8.465511e-01 -7.475587e-01
-3.013605e-01  1.265151e+00  1.091311e+00 -2.354968e-01
-3.002653e-01  1.647558e+00  2.778746e-01 -2.837656e-01
-2.630683e-01  1.201774e+00  1.880577e-01 -1.873654e-01
-2.321621e-01  1.210950e+00  6.020957e-01 -4.774653e-01
-2.971681e-01  1.183389e+00  6.371807e-01 -1.667059e-01
-1.287007e+00  9.022239e-01  2.896788e-01 -7.954592e-01
-9.186757e-01  7.990201e-01  3.456553e-01 -1.270288e+00
-8.561835e-01  7.944466e-01  1.008661e+00 -8.612922e-01
-8.555366e-01  8.018939e-01  1.202412e+00 -2.754717e-01
-9.402955e-01  6.975840e-01  2.198400e-01 -6.318297e-01
-1.059801e+00  7.599267e-01  2.154136e-01 -2.124563e-01
-7.936177e-01  8.053855e-01  6.546508e-01 -6.237748e-01
-1.107266e+00  7.688339e-01  6.957953e-01 -2.353871e-01
-1.403640e+00  2.931994e-01  3.240923e-01 -8.670642e-01
-1.102265e+00  2.661106e-01  2.945623e-01 -1.275795e+00
-1.181535e+00  2.850391e-01  8.783907e-01 -8.030798e-01
-1.156635e+00  2.865868e-01  1.167361e+00 -2.847987e-01
-1.100344e+00  2.322744e-01  2.225346e-01 -6.083135e-01
-1.105978e+00  2.418413e-01  2.135237e-01 -1.994367e-01
-1.654691e+00  3.406895e-01  3.052093e-01 -2.736196e-01
-1.234446e+00  2.560722e-01  6.595642e-01 -2.206990e-01
-2.129991e-01  5.191557e-01  7.780303e-01 -1.231396e+00
-1.991297e-01  5.978469e-01  2.536567e-01 -1.258742e+00
-2.124692e-01  5.456699e-01  1.018885e+00 -7.289429e-01
-2.183155e-01  6.063247e-01  1.110033e+00 -2.304937e-01
-2.092812e-01  5.887403e-01  1.968616e-01 -6.264310e-01
-2.039918e-01  6.401238e-01  2.002097e-01 -1.959928e-01
-2.149390e-01  6.161803e-01  6.040447e-01 -5.717305e-01
-2.078436e-01  6.329479e-01  6.439682e-01 -1.799842e-01
-2.090414e-01  1.829668e-01  6.012501e-01 -1.022267e+00
-2.105198e-01  1.942463e-01  2.053752e-01 -1.147836e+00
-2.119038e-01  1.808083e-01  9.210436e-01 -6.659916e-01
-2.178843e-01  1.975909e-01  1.051518e+00 -2.119720e-01
-2.144326e-01  1.941335e-01  2.151885e-01 -6.082143e-01
-2.174790e-01  2.066990e-01  1.934653e-01 -1.897427e-01
-2.222550e-01  2.055030e-01  5.838886e-01 -5.083916e-01
-2.252097e-01  2.081199e-01  6.152456e-01 -1.696374e-01
-5.948834e-01  2.934862e-01  9.565251e-01 -1.337417e+00
-5.878856e-01  5.911852e-01  2.357977e-01 -1.206422e+00
-3.184668e-01  2.842922e-01  1.401764e+00 -9.107751e-01
-3.017124e-01  2.739215e-01  1.593318e+00 -3.040375e-01
-6.148291e-01  5.547324e-01  2.032363e-01 -6.047805e-01
-6.198133e-01  6.190978e-01  2.045804e-01 -1.848808e-01
-6.140611e-01  5.755090e-01  6.104033e-01 -5.299084e-01
-6.474659e-01  6.171275e-01  6.523155e-01 -1.658885e-01
-6.512424e-01  1.898433e-01  6.204031e-01 -1.023399e+00
-6.651178e-01  2.046252e-01  2.233882e-01 -1.171283e+00
-6.740705e-01  2.035724e-01  1.028307e+00 -7.009259e-01
-6.606361e-01  2.178347e-01  1.196704e+00 -2.400045e-01
-6.562364e-01  1.862552e-01  2.271539e-01 -6.149089e-01
-6.653174e-01  2.009376e-01  2.075011e-01 -1.872425e-01
-6.753297e-01  2.047532e-01  6.326241e-01 -5.108008e-01
-7.197862e-01  2.063631e-01  6.832975e-01 -1.734033e-01
-7.522399e-01  1.263150e+00 -2.296883e-01  8.227729e-01
-2.751393e-01  2.938370e-01 -3.085554e-01  1.711278e+00
-2.876270e-01  9.522367e-01 -1.054491e+00  8.639146e-01
-3.109438e-01  8.879483e-01 -1.407357e+00  3.283750e-01
-2.719512e-01  9.746914e-01 -1.754674e-01  7.013103e-01
-7.993740e-01  1.186623e+00 -2.048701e-01  2.246449e-01
-2.589966e-01  9.335396e-01 -5.880126e-01  6.966857e-01
-9.106740e-01  1.278322e+00 -6.600229e-01  2.397792e-01
-2.845976e-01  1.521589e+00 -2.603685e-01  8.220710e-01
-2.767338e-01  1.179519e+00 -3.307577e-01  1.323115e+00
-3.438804e-01  1.414123e+00 -8.465511e-01  7.475587e-01
-3.013605e-01  1.265151e+00 -1.091311e+00  2.354968e-01
-3.002653e-01  1.647558e+00 -2.778746e-01  2.837656e-01
-2.630683e-01  1.201774e+00 -1.880577e-01  1.873654e-01
-2.321621e-01  1.210950e+00 -6.020957e-01  4.774653e-01
-2.971681e-01  1.183389e+00 -6.371807e-01  1.667059e-01
-1.287007e+00  9.022239e-01 -2.896788e-01  7.954592e-01
-9.186757e-01  7.990201e-01 -3.456553e-01  1.270288e+00
-8.561835e-01  7.944466e-01 -1.008661e+00  8.612922e-01
-8.555366e-01  8.018939e-01 -1.202412e+00  2.754717e-01
-9.402955e-01  6.975840e-01 -2.198400e-01  6.318297e-01
-1.059801e+00  7.599267e-01 -2.154136e-01  2.124563e-01
-7.936177e-01  8.053855e-01 -6.546508e-01  6.237748e-01
-1.107266e+00  7.688339e-01 -6.957953e-01  2.353871e-01
-1.403640e+00  2.931994e-01 -3.240923e-01  8.670642e-01
-1.102265e+00  2.661106e-01 -2.945623e-01  1.275795e+00
-1.181535e+00  2.850391e-01 -8.783907e-01  8.030798e-01
-1.156635e+00  2.865868e-01 -1.167361e+00  2.847987e-01
-1.100344e+00  2.322744e-01 -2.225346e-01  6.083135e-01
-1.105978e+00  2.418413e-01 -2.135237e-01  1.994367e-01
-1.654691e+00  3.406895e-01 -3.052093e-01  2.736196e-01
-1.234446e+00  2.560722e-01 -6.595642e-01  2.206990e-01
-2.129991e-01  5.191557e-01 -7.780303e-01  1.231396e+00
-1.991297e-01  5.978469e-01 -2.536567e-01  1.258742e+00
-2.124692e-01  5.456699e-01 -1.018885e+00  7.289429e-01
-2.183155e-01  6.063247e-01 -1.110033e+00  2.304937e-01
-2.092812e-01  5.887403e-01 -1.968616e-01  6.264310e-01
-2.039918e-01  6.401238e-01 -2.002097e-01  1.959928e-01
-2.149390e-01  6.161803e-01 -6.040447e-01  5.717305e-01
-2.078436e-01  6.329479e-01 -6.439682e-01  1.799842e-01
-2.090414e-01  1.829668e-01 -6.012501e-01  1.022267e+00
-2.105198e-01  1.942463e-01 -2.053752e-01  1.147836e+00
-2.119038e-01  1.808083e-01 -9.210436e-01  6.659916e-01
-2.178843e-01  1.975909e-01 -1.051518e+00  2.119720e-01
-2.144326e-01  1.941335e-01 -2.151885e-01  6.082143e-01
-2.174790e-01  2.066990e-01 -1.934653e-01  1.897427e-01
-2.222550e-01  2.055030e-01 -5.838886e-01  5.083916e-01
-2.252097e-01  2.081199e-01 -6.152456e-01  1.696374e-01
-5.948834e-01  2.934862e-01 -9.565251e-01  1.337417e+00
-5.878856e-01  5.911852e-01 -2.357977e-01  1.206422e+00
-3.184668e-01  2.842922e-01 -1.401764e+00  9.107751e-01
-3.017124e-01  2.739215e-01 -1.593318e+00  3.040375e-01
-6.148291e-01  5.547324e-01 -2.032363e-01  6.047805e-01
-6.198133e-01  6.190978e-01 -2.045804e-01  1.848808e-01
-6.140611e-01  5.755090e-01 -6.104033e-01  5.299084e-01
-6.474659e-01  6.171275e-01 -6.523155e-01  1.658885e-01
-6.512424e-01  1.898433e-01 -6.204031e-01  1.023399e+00
-6.651178e-01  2.046252e-01 -2.233882e-01  1.171283e+00
-6.740705e-01  2.035724e-01 -1.028307e+00  7.009259e-01
-6.606361e-01  2.178347e-01 -1.196704e+00  2.400045e-01
-6.562364e-01  1.862552e-01 -2.271539e-01  6.149089e-01
-6.653174e-01  2.009376e-01 -2.075011e-01  1.872425e-01
-6.753297e-01  2.047532e-01 -6.326241e-01  5.108008e-01
-7.197862e-01  2.063631e-01 -6.832975e-01  1.734033e-01
-7.522399e-01  1.263150e+00 -2.296883e-01 -8.227729e-01
-2.751393e-01  2.938370e-01 -3.085554e-01 -1.711278e+00
-2.876270e-01  9.522367e-01 -1.054491e+00 -8.639146e-01
-3.109438e-01  8.879483e-01 -1.407357e+00 -3.283750e-01
-2.719512e-01  9.746914e-01 -1.754674e-01 -7.013103e-01
-7.993740e-01  1.186623e+00 -2.048701e-01 -2.246449e-01
-2.589966e-01  9.335396e-01 -5.880126e-01 -6.966857e-01
-9.106740e-01  1.278322e+00 -6.600229e-01 -2.397792e-01
-2.845976e-01  1.521589e+00 -2.603685e-01 -8.220710e-01
-2.767338e-01  1.179519e+00 -3.307577e-01 -1.323115e+00
-3.438804e-01  1.414123e+00 -8.465511e-01 -7.475587e-01
-3.013605e-01  1.265151e+00 -1.091311e+00 -2.354968e-01
-3.002653e-01  1.647558e+00 -2.778746e-01 -2.837656e-01
-2.630683e-01  1.201774e+00 -1.880577e-01 -1.873654e-01
-2.321621e-01  1.210950e+00 -6.020957e-01 -4.774653e-01
-2.971681e-01  1.183389e+00 -6.371807e-01 -1.667059e-01
-1.287007e+00  9.022239e-01 -2.896788e-01 -7.954592e-01
-9.186757e-01  7.990201e-01 -3.456553e-01 -1.270288e+00
-8.561835e-01  7.944466e-01 -1.008661e+00 -8.612922e-01
-8.555366e-01  8.018939e-01 -1.202412e+00 -2.754717e-01
-9.402955e-01  6.975840e-01 -2.198400e-01 -6.318297e-01
-1.059801e+00  7.599267e-01 -2.154136e-01 -2.124563e-01
-7.936177e-01  8.053855e-01 -6.546508e-01 -6.237748e-01
-1.107266e+00  7.688339e-01 -6.957953e-01 -2.353871e-01
-1.403640e+00  2.931994e-01 -3.240923e-01 -8.670642e-01
-1.102265e+00  2.661106e-01 -2.945623e-01 -1.275795e+00
-1.181535e+00  2.850391e-01 -8.783907e-01 -8.030798e-01
-1.156635e+00  2.865868e-01 -1.167361e+00 -2.847987e-01
-1.100344e+00  2.322744e-01 -2.225346e-01 -6.083135e-01
-1.105978e+00  2.418413e-01 -2.135237e-01 -1.994367e-01
-1.654691e+00  3.406895e-01 -3.052093e-01 -2.736196e-01
-1.234446e+00  2.560722e-01 -6.595642e-01 -2.206990e-01
-2.129991e-01  5.191557e-01 -7.780303e-01 -1.231396e+00
-1.991297e-01  5.978469e-01 -2.536567e-01 -1.258742e+00
-2.124692e-01  5.456699e-01 -1.018885e+00 -7.289429e-01
-2.183155e-01  6.063247e-01 -1.110033e+00 -2.304937e-01
-2.092812e-01  5.887403e-01 -1.968616e-01 -6.264310e-01
-2.039918e-01  6.401238e-01 -2.002097e-01 -1.959928e-01
-2.149390e-01  6.161803e-01 -6.040447e-01 -5.717305e-01
-2.078436e-01  6.329479e-01 -6.439682e-01 -1.799842e-01
-2.090414e-01  1.829668e-01 -6.012501e-01 -1.022267e+00
-2.105198e-01  1.942463e-01 -2.053752e-01 -1.147836e+00
-2.119038e-01  1.808083e-01 -9.210436e-01 -6.659916e-01
-2.178843e-01  1.975909e-01 -1.051518e+00 -2.119720e-01
-2.144326e-01  1.941335e-01 -2.151885e-01 -6.082143e-01
-2.174790e-01  2.066990e-01 -1.934653e-01 -1.897427e-01
-2.222550e-01  2.055030e-01 -5.838886e-01 -5.083916e-01
-2.252097e-01  2.081199e-01 -6.152456e-01 -1.696374e-01
-5.948834e-01  2.934862e-01 -9.565251e-01 -1.337417e+00
-5.878856e-01  5.911852e-01 -2.357977e-01 -1.206422e+00
-3.184668e-01  2.842922e-01 -1.401764e+00 -9.107751e-01
-3.017124e-01  2.739215e-01 -1.593318e+00 -3.040375e-01
-6.148291e-01  5.547324e-01 -2.032363e-01 -6.047805e-01
-6.198133e-01  6.190978e-01 -2.045804e-01 -1.848808e-01
-6.140611e-01  5.755090e-01 -6.104033e-01 -5.299084e-01
-6.474659e-01  6.171275e-01 -6.523155e-01 -1.658885e-01
-6.512424e-01  1.898433e-01 -6.204031e-01 -1.023399e+00
-6.651178e-01  2.046252e-01 -2.233882e-01 -1.171283e+00
-6.740705e-01  2.035724e-01 -1.028307e+00 -7.009259e-01
-6.606361e-01  2.178347e-01 -1.196704e+00 -2.400045e-01
-6.562364e-01  1.862552e-01 -2.271539e-01 -6.149089e-01
-6.653174e-01  2.009376e-01 -2.075011e-01 -1.872425e-01
-6.753297e-01  2.047532e-01 -6.326241e-01 -5.108008e-01
-7.197862e-01  2.063631e-01 -6.832975e-01 -1.734033e-01
-7.522399e-01 -1.263150e+00  2.296883e-01  8.227729e-01
-2.751393e-01 -2.938370e-01  3.085554e-01  1.711278e+00
-2.876270e-01 -9.522367e-01  1.054491e+00  8.639146e-01
-3.109438e-01 -8.879483e-01  1.407357e+00  3.283750e-01
-2.719512e-01 -9.746914e-01  1.754674e-01  7.013103e-01
-7.993740e-01 -1.186623e+00  2.048701e-01  2.246449e-01
-2.589966e-01 -9.335396e-01  5.880126e-01  6.966857e-01
-9.106740e-01 -1.278322e+00  6.600229e-01  2.397792e-01
-2.845976e-01 -1.521589e+00  2.603685e-01  8.220710e-01
-2.767338e-01 -1.179519e+00  3.307577e-01  1.323115e+00
-3.438804e-01 -1.414123e+00  8.465511e-01  7.475587e-01
-3.013605e-01 -1.265151e+00  1.091311e+00  2.354968e-01
-3.002653e-01 -1.647558e+00  2.778746e-01  2.837656e-01
-2.630683e-01 -1.201774e+00  1.880577e-01  1.873654e-01
-2.321621e-01 -1.210950e+00  6.020957e-01  4.774653e-01
-2.971681e-01 -1.183389e+00  6.371807e-01  1.667059e-01
-1.287007e+00 -9.022239e-01  2.896788e-01  7.954592e-01
-9.186757e-01 -7.990201e-01  3.456553e-01  1.270288e+00
-8.561835e-01 -7.944466e-01  1.008661e+00  8.612922e-01
-8.555366e-01 -8.018939e-01  1.202412e+00  2.754717e-01
-9.402955e-01 -6.975840e-01  2.198400e-01  6.318297e-01
-1.059801e+00 -7.599267e-01  2.154136e-01  2.124563e-01
-7.936177e-01 -8.053855e-01  6.546508e-01  6.237748e-01
-1.107266e+00 -7.688339e-01  6.957953e-01  2.353871e-01
-1.403640e+00 -2.931994e-01  3.240923e-01  8.670642e-01
-1.102265e+00 -2.661106e-01  2.945623e-01  1.275795e+00
-1.181535e+00 -2.850391e-01  8.783907e-01  8.030798e-01
-1.156635e+00 -2.865868e-01  1.167361e+00  2.847987e-01
-1.100344e+00 -2.322744e-01  2.225346e-01  6.083135e-01
-1.105978e+00 -2.418413e-01  2.135237e-01  1.994367e-01
-1.654691e+00 -3.406895e-01  3.052093e-01  2.736196e-01
-1.234446e+00 -2.560722e-01  6.595642e-01  2.206990e-01
-2.129991e-01 -5.191557e-01  7.780303e-01  1.231396e+00
-1.991297e-01 -5.978469e-01  2.536567e-01  1.258742e+00
-2.124692e-01 -5.456699e-01  1.018885e+00  7.289429e-01
-2.183155e-01 -6.063247e-01  1.110033e+00  2.304937e-01
-2.092812e-01 -5.887403e-01  1.968616e-01  6.264310e-01
-2.039918e-01 -6.401238e-01  2.002097e-01  1.959928e-01
-2.149390e-01 -6.161803e-01  6.040447e-01  5.717305e-01
-2.078436e-01 -6.329479e-01  6.439682e-01  1.799842e-01
-2.090414e-01 -1.829668e-01  6.012501e-01  1.022267e+00
-2.105198e-01 -1.942463e-01  2.053752e-01  1.147836e+00
-2.119038e-01 -1.808083e-01  9.210436e-01  6.659916e-01
-2.178843e-01 -1.975909e-01  1.051518e+00  2.119720e-01
-2.144326e-01 -1.941335e-01  2.151885e-01  6.082143e-01
-2.174790e-01 -2.066990e-01  1.934653e-01  1.897427e-01
-2.222550e-01 -2.055030e-01  5.838886e-01  5.083916e-01
-2.252097e-01 -2.081199e-01  6.152456e-01  1.696374e-01
-5.948834e-01 -2.934862e-01  9.565251e-01  1.337417e+00
-5.878856e-01 -5.911852e-01  2.357977e-01  1.206422e+00
-3.184668e-01 -2.842922e-01  1.401764e+00  9.107751e-01
-3.017124e-01 -2.739215e-01  1.593318e+00  3.040375e-01
-6.148291e-01 -5.547324e-01  2.032363e-01  6.047805e-01
-6.198133e-01 -6.190978e-01  2.045804e-01  1.848808e-01
-6.140611e-01 -5.755090e-01  6.104033e-01  5.299084e-01
-6.474659e-01 -6.171275e-01  6.523155e-01  1.658885e-01
-6.512424e-01 -1.898433e-01  6.204031e-01  1.023399e+00
-6.651178e-01 -2.046252e-01  2.233882e-01  1.171283e+00
-6.740705e-01 -2.035724e-01  1.028307e+00  7.009259e-01
-6.606361e-01 -2.178347e-01  1.196704e+00  2.400045e-01
-6.562364e-01 -1.862552e-01  2.271539e-01  6.149089e-01
-6.653174e-01 -2.009376e-01  2.075011e-01  1.872425e-01
-6.753297e-01 -2.047532e-01  6.326241e-01  5.108008e-01
-7.197862e-01 -2.063631e-01  6.832975e-01  1.734033e-01
-7.522399e-01 -1.263150e+00  2.296883e-01 -8.227729e-01
-2.751393e-01 -2.938370e-01  3.085554e-01 -1.711278e+00
-2.876270e-01 -9.522367e-01  1.054491e+00 -8.639146e-01
-3.109438e-01 -8.879483e-01  1.407357e+00 -3.283750e-01
-2.719512e-01 -9.746914e-01  1.754674e-01 -7.013103e-01
-7.993740e-01 -1.186623e+00  2.048701e-01 -2.246449e-01
-2.589966e-01 -9.335396e-01  5.880126e-01 -6.966857e-01
-9.106740e-01 -1.278322e+00  6.600229e-01 -2.397792e-01
-2.845976e-01 -1.521589e+00  2.603685e-01 -8.220710e-01
-2.767338e-01 -1.179519e+00  3.307577e-01 -1.323115e+00
-3.438804e-01 -1.414123e+00  8.465511e-01 -7.475587e-01
-3.013605e-01 -1.265151e+00  1.091311e+00 -2.354968e-01
-3.002653e-01 -1.647558e+00  2.778746e-01 -2.837656e-01
-2.630683e-01 -1.201774e+00  1.880577e-01 -1.873654e-01
-2.321621e-01 -1.210950e+00  6.020957e-01 -4.774653e-01
-2.971681e-01 -1.183389e+00  6.371807e-01 -1.667059e-01
-1.287007e+00 -9.022239e-01  2.896788e-01 -7.954592e-01
-9.186757e-01 -7.990201e-01  3.456553e-01 -1.270288e+00
-8.561835e-01 -7.944466e-01  1.008661e+00 -8.612922e-01
-8.555366e-01 -8.018939e-01  1.202412e+00 -2.754717e-01
-9.402955e-01 -6.975840e-01  2.198400e-01 -6.318297e-01
-1.059801e+00 -7.599267e-01  2.154136e-01 -2.124563e-01
-7.936177e-01 -8.053855e-01  6.546508e-01 -6.237748e-01
-1.107266e+00 -7.688339e-01  6.957953e-01 -2.353871e-01
-1.403640e+00 -2.931994e-01  3.240923e-01 -8.670642e-01
-1.102265e+00 -2.661106e-01  2.945623e-01 -1.275795e+00
-1.181535e+00 -2.850391e-01  8.783907e-01 -8.030798e-01
-1.156635e+00 -2.865868e-01  1.167361e+00 -2.847987e-01
-1.100344e+00 -2.322744e-01  2.225346e-01 -6.083135e-01
-1.105978e+00 -2.418413e-01  2.135237e-01 -1.994367e-01
-1.654691e+00 -3.406895e-01  3.052093e-01 -2.736196e-01
-1.234446e+00 -2.560722e-01  6.595642e-01 -2.206990e-01
-2.129991e-01 -5.191557e-01  7.780303e-01 -1.231396e+00
-1.991297e-01 -5.978469e-01  2.536567e-01 -1.258742e+00
-2.124692e-01 -5.456699e-01  1.018885e+00 -7.289429e-01
-2.183155e-01 -6.063247e-01  1.110033e+00 -2.304937e-01
-2.092812e-01 -5.887403e-01  1.968616e-01 -6.264310e-01
-2.039918e-01 -6.401238e-01  2.002097e-01 -1.959928e-01
-2.149390e-01 -6.161803e-01  6.040447e-01 -5.717305e-01
-2.078436e-01 -6.329479e-01  6.439682e-01 -1.799842e-01
-2.090414e-01 -1.829668e-01  6.012501e-01 -1.022267e+00
-2.105198e-01 -1.942463e-01  2.053752e-01 -1.147836e+00
-2.119038e-01 -1.808083e-01  9.210436e-01 -6.659916e-01
-2.178843e-01 -1.975909e-01  1.051518e+00 -2.119720e-01
-2.144326e-01 -1.941335e-01  2.151885e-01 -6.082143e-01
-2.174790e-01 -2.066990e-01  1.934653e-01 -1.897427e-01
-2.222550e-01 -2.055030e-01  5.838886e-01 -5.083916e-01
-2.252097e-01 -2.081199e-01  6.152456e-01 -1.696374e-01
-5.948834e-01 -2.934862e-01  9.565251e-01 -1.337417e+00
-5.878856e-01 -5.911852e-01  2.357977e-01 -1.206422e+00
-3.184668e-01 -2.842922e-01  1.401764e+00 -9.107751e-01
-3.017124e-01 -2.739215e-01  1.593318e+00 -3.040375e-01
-6.148291e-01 -5.547324e-01  2.032363e-01 -6.047805e-01
-6.198133e-01 -6.190978e-01  2.045804e-01 -1.848808e-01
-6.140611e-01 -5.755090e-01  6.104033e-01 -5.299084e-01
-6.474659e-01 -6.171275e-01  6.523155e-01 -1.658885e-01
-6.512424e-01 -1.898433e-01  6.204031e-01 -1.023399e+00
-6.651178e-01 -2.046252e-01  2.233882e-01 -1.171283e+00
-6.740705e-01 -2.035724e-01  1.028307e+00 -7.009259e-01
-6.606361e-01 -2.178347e-01  1.196704e+00 -2.400045e-01
-6.562364e-01 -1.862552e-01  2.271539e-01 -6.149089e-01
-6.653174e-01 -2.009376e-01  2.075011e-01 -1.872425e-01
-6.753297e-01 -2.047532e-01  6.326241e-01 -5.108008e-01
-7.197862e-01 -2.063631e-01  6.832975e-01 -1.734033e-01
-7.522399e-01 -1.263150e+00 -2.296883e-01  8.227729e-01
-2.751393e-01 -2.938370e-01 -3.085554e-01  1.711278e+00
-2.876270e-01 -9.522367e-01 -1.054491e+00  8.639146e-01
-3.109438e-01 -8.879483e-01 -1.407357e+00  3.283750e-01
-2.719512e-01 -9.746914e-01 -1.754674e-01  7.013103e-01
-7.993740e-01 -1.186623e+00 -2.048701e-01  2.246449e-01
-2.589966e-01 -9.335396e-01 -5.880126e-01  6.966857e-01
-9.106740e-01 -1.278322e+00 -6.600229e-01  2.397792e-01
-2.845976e-01 -1.521589e+00 -2.603685e-01  8.220710e-01
-2.767338e-01 -1.179519e+00 -3.307577e-01  1.323115e+00
-3.438804e-01 -1.414123e+00 -8.465511e-01  7.475587e-01
-3.013605e-01 -1.265151e+00 -1.091311e+00  2.354968e-01
-3.002653e-01 -1.647558e+00 -2.778746e-01  2.837656e-01
-2.630683e-01 -1.201774e+00 -1.880577e-01  1.873654e-01
-2.321621e-01 -1.210950e+00 -6.020957e-01  4.774653e-01
-2.971681e-01 -1.183389e+00 -6.371807e-01  1.667059e-01
-1.287007e+00 -9.022239e-01 -2.896788e-01  7.954592e-01
-9.186757e-01 -7.990201e-01 -3.456553e-01  1.270288e+00
-8.561835e-01 -7.944466e-01 -1.008661e+00  8.612922e-01
-8.555366e-01 -8.018939e-01 -1.202412e+00  2.754717e-01
-9.402955e-01 -6.975840e-01 -2.198400e-01  6.318297e-01
-1.059801e+00 -7.599267e-01 -2.154136e-01  2.124563e-01
-7.936177e-01 -8.053855e-01 -6.546508e-01  6.237748e-01
-1.107266e+00 -7.688339e-01 -6.957953e-01  2.353871e-01
-1.403640e+00 -2.931994e-01 -3.240923e-01  8.670642e-01
-1.102265e+00 -2.661106e-01 -2.945623e-01  1.275795e+00
-1.181535e+00 -2.850391e-01 -8.783907e-01  8.030798e-01
-1.156635e+00 -2.865868e-01 -1.167361e+00  2.847987e-01
-1.100344e+00 -2.322744e-01 -2.225346e-01  6.083135e-01
-1.105978e+00 -2.418413e-01 -2.135237e-01  1.994367e-01
-1.654691e+00 -3.406895e-01 -3.052093e-01  2.736196e-01
-1.234446e+00 -2.560722e-01 -6.595642e-01  2.206990e-01
-2.129991e-01 -5.191557e-01 -7.780303e-01  1.231396e+00
-1.991297e-01 -5.978469e-01 -2.536567e-01  1.258742e+00
-2.124692e-01 -5.456699e-01 -1.018885e+00  7.289429e-01
-2.183155e-01 -6.063247e-01 -1.110033e+00  2.304937e-01
-2.092812e-01 -5.887403e-01 -1.968616e-01  6.264310e-01
-2.039918e-01 -6.401238e-01 -2.002097e-01  1.959928e-01
-2.149390e-01 -6.161803e-01 -6.040447e-01  5.717305e-01
-2.078436e-01 -6.329479e-01 -6.439682e-01  1.799842e-01
-2.090414e-01 -1.829668e-01 -6.012501e-01  1.022267e+00
-2.105198e-01 -1.942463e-01 -2.053752e-01  1.147836e+00
-2.119038e-01 -1.808083e-01 -9.210436e-01  6.659916e-01
-2.178843e-01 -1.975909e-01 -1.051518e+00  2.119720e-01
-2.144326e-01 -1.941335e-01 -2.151885e-01  6.082143e-01
-2.174790e-01 -2.066990e-01 -1.934653e-01  1.897427e-01
-2.222550e-01 -2.055030e-01 -5.838886e-01  5.083916e-01
-2.252097e-01 -2.081199e-01 -6.152456e-01  1.696374e-01
-5.948834e-01 -2.934862e-01 -9.565251e-01  1.337417e+00
-5.878856e-01 -5.911852e-01 -2.357977e-01  1.206422e+00
-3.184668e-01 -2.842922e-01 -1.401764e+00  9.107751e-01
-3.017124e-01 -2.739215e-01 -1.593318e+00  3.040375e-01
-6.148291e-01 -5.547324e-01 -2.032363e-01  6.047805e-01
-6.198133e-01 -6.190978e-01 -2.045804e-01  1.848808e-01
-6.140611e-01 -5.755090e-01 -6.104033e-01  5.299084e-01
-6.474659e-01 -6.171275e-01 -6.523155e-01  1.658885e-01
-6.512424e-01 -1.898433e-01 -6.204031e-01  1.023399e+00
-6.651178e-01 -2.046252e-01 -2.233882e-01  1.171283e+00
-6.740705e-01 -2.035724e-01 -1.028307e+00  7.009259e-01
-6.606361e-01 -2.178347e-01 -1.196704e+00  2.400045e-01
-6.562364e-01 -1.862552e-01 -2.271539e-01  6.149089e-01
-6.653174e-01 -2.009376e-01 -2.075011e-01  1.872425e-01
-6.753297e-01 -2.047532e-01 -6.326241e-01  5.108008e-01
-7.197862e-01 -2.063631e-01 -6.832975e-01  1.734033e-01
-7.522399e-01 -1.263150e+00 -2.296883e-01 -8.227729e-01
-2.751393e-01 -2.938370e-01 -3.085554e-01 -1.711278e+00
-2.876270e-01 -9.522367e-01 -1.054491e+00 -8.639146e-01
-3.109438e-01 -8.879483e-01 -1.407357e+00 -3.283750e-01
-2.719512e-01 -9.746914e-01 -1.754674e-01 -7.013103e-01
-7.993740e-01 -1.186623e+00 -2.048701e-01 -2.246449e-01
-2.589966e-01 -9.335396e-01 -5.880126e-01 -6.966857e-01
-9.106740e-01 -1.278322e+00 -6.600229e-01 -2.397792e-01
-2.845976e-01 -1.521589e+00 -2.603685e-01 -8.220710e-01
-2.767338e-01 -1.179519e+00 -3.307577e-01 -1.323115e+00
-3.438804e-01 -1.414123e+00 -8.465511e-01 -7.475587e-01
-3.013605e-01 -1.265151e+00 -1.091311e+00 -2.354968e-01
-3.002653e-01 -1.647558e+00 -2.778746e-01 -2.837656e-01
-2.630683e-01 -1.201774e+00 -1.880577e-01 -1.873654e-01
-2.321621e-01 -1.210950e+00 -6.020957e-01 -4.774653e-01
-2.971681e-01 -1.183389e+00 -6.371807e-01 -1.667059e-01
-1.287007e+00 -9.022239e-01 -2.896788e-01 -7.954592e-01
-9.186757e-01 -7.990201e-01 -3.456553e-01 -1.270288e+00
-8.561835e-01 -7.944466e-01 -1.008661e+00 -8.612922e-01
-8.555366e-01 -8.018939e-01 -1.202412e+00 -2.754717e-01
-9.402955e-01 -6.975840e-01 -2.198400e-01 -6.318297e-01
-1.059801e+00 -7.599267e-01 -2.154136e-01 -2.124563e-01
-7.936177e-01 -8.053855e-01 -6.546508e-01 -6.237748e-01
-1.107266e+00 -7.688339e-01 -6.957953e-01 -2.353871e-01
-1.403640e+00 -2.931994e-01 -3.240923e-01 -8.670642e-01
-1.102265e+00 -2.661106e-01 -2.945623e-01 -1.275795e+00
-1.181535e+00 -2.850391e-01 -8.783907e-01 -8.030798e-01
-1.156635e+00 -2.865868e-01 -1.167361e+00 -2.847987e-01
-1.100344e+00 -2.322744e-01 -2.225346e-01 -6.083135e-01
-1.105978e+00 -2.418413e-01 -2.135237e-01 -1.994367e-01
-1.654691e+00 -3.406895e-01 -3.052093e-01 -2.736196e-01
-1.234446e+00 -2.560722e-01 -6.595642e-01 -2.206990e-01
-2.129991e-01 -5.191557e-01 -7.780303e-01 -1.231396e+00
-1.991297e-01 -5.978469e-01 -2.536567e-01 -1.258742e+00
-2.124692e-01 -5.456699e-01 -1.018885e+00 -7.289429e-01
-2.183155e-01 -6.063247e-01 -1.110033e+00 -2.304937e-01
-2.092812e-01 -5.887403e-01 -1.968616e-01 -6.264310e-01
-2.039918e-01 -6.401238e-01 -2.002097e-01 -1.959928e-01
-2.149390e-01 -6.161803e-01 -6.040447e-01 -5.717305e-01
-2.078436e-01 -6.329479e-01 -6.439682e-01 -1.799842e-01
-2.090414e-01 -1.829668e-01 -6.012501e-01 -1.022267e+00
-2.105198e-01 -1.942463e-01 -2.053752e-01 -1.147836e+00
-2.119038e-01 -1.808083e-01 -9.210436e-01 -6.659916e-01
-2.178843e-01 -1.975909e-01 -1.051518e+00 -2.119720e-01
-2.144326e-01 -1.941335e-01 -2.151885e-01 -6.082143e-01
-2.174790e-01 -2.066990e-01 -1.934653e-01 -1.897427e-01
-2.222550e-01 -2.055030e-01 -5.838886e-01 -5.083916e-01
-2.252097e-01 -2.081199e-01 -6.152456e-01 -1.696374e-01
-5.948834e-01 -2.934862e-01 -9.565251e-01 -1.337417e+00
-5.878856e-01 -5.911852e-01 -2.357977e-01 -1.206422e+00
-3.184668e-01 -2.842922e-01 -1.401764e+00 -9.107751e-01
-3.017124e-01 -2.739215e-01 -1.593318e+00 -3.040375e-01
-6.148291e-01 -5.547324e-01 -2.032363e-01 -6.047805e-01
-6.198133e-01 -6.190978e-01 -2.045804e-01 -1.848808e-01
-6.140611e-01 -5.755090e-01 -6.104033e-01 -5.299084e-01
-6.474659e-01 -6.171275e-01 -6.523155e-01 -1.658885e-01
-6.512424e-01 -1.898433e-01 -6.204031e-01 -1.023399e+00
-6.651178e-01 -2.046252e-01 -2.233882e-01 -1.171283e+00
-6.740705e-01 -2.035724e-01 -1.028307e+00 -7.009259e-01
-6.606361e-01 -2.178347e-01 -1.196704e+00 -2.400045e-01
-6.562364e-01 -1.862552e-01 -2.271539e-01 -6.149089e-01
-6.653174e-01 -2.009376e-01 -2.075011e-01 -1.872425e-01
-6.753297e-01 -2.047532e-01 -6.326241e-01 -5.108008e-01
-7.197862e-01 -2.063631e-01 -6.832975e-01 -1.734033e-01
