 7.597809e-01  1.187877e+00  2.418383e-01  8.247569e-01
 2.836426e-01  1.078777e+00  2.688479e-01  1.145524e+00
 5.448546e-01  8.839604e-01  1.199332e+00  7.953765e-01
 2.681303e-01  7.194012e-01  1.490716e+00  2.781716e-01
 1.036094e+00  1.335907e+00  2.644396e-01  2.928903e-01
 6.757744e-01  1.075531e+00  2.165968e-01  2.408954e-01
 8.491698e-01  1.250197e+00  7.624463e-01  5.715393e-01
 7.050861e-01  1.072098e+00  6.675143e-01  2.056120e-01
 3.057927e-01  1.539879e+00  2.924614e-01  7.456714e-01
 2.195266e-01  1.128200e+00  2.231085e-01  6.621867e-01
 2.565376e-01  1.186229e+00  8.115872e-01  7.691799e-01
 2.755361e-01  1.136173e+00  1.143731e+00  2.682980e-01
 3.112894e-01  1.558947e+00  2.337674e-01  2.393135e-01
 2.225509e-01  1.103791e+00  2.149829e-01  2.171914e-01
 3.045102e-01  1.539186e+00  7.221754e-01  2.810470e-01
 2.251380e-01  1.096059e+00  6.512303e-01  2.304007e-01
 9.170414e-01  7.526308e-01  2.448268e-01  1.077595e+00
 5.666429e-01  7.345436e-01  2.858735e-01  1.483691e+00
 8.602207e-01  7.980228e-01  7.876207e-01  1.071147e+00
 9.767004e-01  7.946948e-01  1.187653e+00  2.821598e-01
 1.260643e+00  7.777629e-01  2.379805e-01  6.410598e-01
 1.051120e+00  7.213668e-01  2.193762e-01  2.161940e-01
 1.006177e+00  7.273511e-01  6.492079e-01  6.220378e-01
 1.223537e+00  7.537947e-01  6.815324e-01  2.219395e-01
 1.165740e+00  2.630966e-01  2.899422e-01  1.047680e+00
 8.847482e-01  2.671064e-01  2.900241e-01  1.480459e+00
 1.191190e+00  2.586140e-01  8.299915e-01  8.208880e-01
 1.129016e+00  2.545364e-01  1.105045e+00  2.772962e-01
 1.153268e+00  2.495296e-01  2.309729e-01  6.140130e-01
 1.040370e+00  2.287605e-01  2.123583e-01  2.019935e-01
 1.569771e+00  2.944275e-01  2.812774e-01  2.759476e-01
 1.163158e+00  2.393462e-01  6.393471e-01  2.330493e-01
 2.285071e-01  6.706284e-01  7.601871e-01  1.180767e+00
 2.155202e-01  6.375836e-01  2.350910e-01  1.104700e+00
 2.166836e-01  6.126177e-01  1.057716e+00  7.352321e-01
 2.041198e-01  6.180729e-01  1.030859e+00  2.349457e-01
 2.146396e-01  5.751489e-01  1.974891e-01  6.031401e-01
 2.059424e-01  6.113564e-01  2.011170e-01  2.015773e-01
 1.937597e-01  6.377206e-01  6.123449e-01  6.222187e-01
 2.200480e-01  6.045015e-01  6.043745e-01  2.005046e-01
 2.094972e-01  2.138727e-01  6.580465e-01  1.051803e+00
 2.011858e-01  2.081512e-01  2.156176e-01  1.075286e+00
 2.327964e-01  1.979256e-01  9.728420e-01  6.724293e-01
 2.241926e-01  2.040750e-01  1.150373e+00  2.273110e-01
 2.270963e-01  1.914148e-01  1.974067e-01  5.897564e-01
 2.033833e-01  2.000518e-01  2.173285e-01  1.925708e-01
 2.307461e-01  2.065427e-01  5.856475e-01  5.667915e-01
 2.207252e-01  1.983127e-01  6.727615e-01  1.912972e-01
 2.726892e-01  2.755855e-01  1.117133e+00  1.304692e+00
 2.584697e-01  2.761322e-01  3.138032e-01  1.585291e+00
 2.726596e-01  2.589115e-01  1.498727e+00  7.577400e-01
 6.271604e-01  5.881625e-01  1.034298e+00  2.343946e-01
 6.570353e-01  6.243028e-01  1.988319e-01  6.410017e-01
 6.196099e-01  5.857469e-01  2.013632e-01  2.080541e-01
 5.928736e-01  6.371480e-01  6.195453e-01  6.597794e-01
 6.584135e-01  5.728714e-01  6.080968e-01  2.103803e-01
 6.460387e-01  2.294061e-01  7.605929e-01  1.168102e+00
 6.040161e-01  2.244319e-01  2.393084e-01  1.136084e+00
 7.073413e-01  2.472916e-01  1.106434e+00  7.532986e-01
 6.602079e-01  2.299453e-01  1.332191e+00  2.613145e-01
 6.825935e-01  2.038547e-01  2.085351e-01  6.332693e-01
 6.170797e-01  1.895687e-01  2.310088e-01  2.080030e-01
 6.977181e-01  2.073489e-01  6.375427e-01  6.378114e-01
 6.770210e-01  1.831461e-01  7.168421e-01  2.142559e-01
 7.597809e-01  1.187877e+00  2.418383e-01 -8.247569e-01
 2.836426e-01  1.078777e+00  2.688479e-01 -1.145524e+00
 5.448546e-01  8.839604e-01  1.199332e+00 -7.953765e-01
 2.681303e-01  7.194012e-01  1.490716e+00 -2.781716e-01
 1.036094e+00  1.335907e+00  2.644396e-01 -2.928903e-01
 6.757744e-01  1.075531e+00  2.165968e-01 -2.408954e-01
 8.491698e-01  1.250197e+00  7.624463e-01 -5.715393e-01
 7.050861e-01  1.072098e+00  6.675143e-01 -2.056120e-01
 3.057927e-01  1.539879e+00  2.924614e-01 -7.456714e-01
 2.195266e-01  1.128200e+00  2.231085e-01 -6.621867e-01
 2.565376e-01  1.186229e+00  8.115872e-01 -7.691799e-01
 2.755361e-01  1.136173e+00  1.143731e+00 -2.682980e-01
 3.112894e-01  1.558947e+00  2.337674e-01 -2.393135e-01
 2.225509e-01  1.103791e+00  2.149829e-01 -2.171914e-01
 3.045102e-01  1.539186e+00  7.221754e-01 -2.810470e-01
 2.251380e-01  1.096059e+00  6.512303e-01 -2.304007e-01
 9.170414e-01  7.526308e-01  2.448268e-01 -1.077595e+00
 5.666429e-01  7.345436e-01  2.858735e-01 -1.483691e+00
 8.602207e-01  7.980228e-01  7.876207e-01 -1.071147e+00
 9.767004e-01  7.946948e-01  1.187653e+00 -2.821598e-01
 1.260643e+00  7.777629e-01  2.379805e-01 -6.410598e-01
 1.051120e+00  7.213668e-01  2.193762e-01 -2.161940e-01
 1.006177e+00  7.273511e-01  6.492079e-01 -6.220378e-01
 1.223537e+00  7.537947e-01  6.815324e-01 -2.219395e-01
 1.165740e+00  2.630966e-01  2.899422e-01 -1.047680e+00
 8.847482e-01  2.671064e-01  2.900241e-01 -1.480459e+00
 1.191190e+00  2.586140e-01  8.299915e-01 -8.208880e-01
 1.129016e+00  2.545364e-01  1.105045e+00 -2.772962e-01
 1.153268e+00  2.495296e-01  2.309729e-01 -6.140130e-01
 1.040370e+00  2.287605e-01  2.123583e-01 -2.019935e-01
 1.569771e+00  2.944275e-01  2.812774e-01 -2.759476e-01
 1.163158e+00  2.393462e-01  6.393471e-01 -2.330493e-01
 2.285071e-01  6.706284e-01  7.601871e-01 -1.180767e+00
 2.155202e-01  6.375836e-01  2.350910e-01 -1.104700e+00
 2.166836e-01  6.126177e-01  1.057716e+00 -7.352321e-01
 2.041198e-01  6.180729e-01  1.030859e+00 -2.349457e-01
 2.146396e-01  5.751489e-01  1.974891e-01 -6.031401e-01
 2.059424e-01  6.113564e-01  2.011170e-01 -2.015773e-01
 1.937597e-01  6.377206e-01  6.123449e-01 -6.222187e-01
 2.200480e-01  6.045015e-01  6.043745e-01 -2.005046e-01
 2.094972e-01  2.138727e-01  6.580465e-01 -1.051803e+00
 2.011858e-01  2.081512e-01  2.156176e-01 -1.075286e+00
 2.327964e-01  1.979256e-01  9.728420e-01 -6.724293e-01
 2.241926e-01  2.040750e-01  1.150373e+00 -2.273110e-01
 2.270963e-01  1.914148e-01  1.974067e-01 -5.897564e-01
 2.033833e-01  2.000518e-01  2.173285e-01 -1.925708e-01
 2.307461e-01  2.065427e-01  5.856475e-01 -5.667915e-01
 2.207252e-01  1.983127e-01  6.727615e-01 -1.912972e-01
 2.726892e-01  2.755855e-01  1.117133e+00 -1.304692e+00
 2.584697e-01  2.761322e-01  3.138032e-01 -1.585291e+00
 2.726596e-01  2.589115e-01  1.498727e+00 -7.577400e-01
 6.271604e-01  5.881625e-01  1.034298e+00 -2.343946e-01
 6.570353e-01  6.243028e-01  1.988319e-01 -6.410017e-01
 6.196099e-01  5.857469e-01  2.013632e-01 -2.080541e-01
 5.928736e-01  6.371480e-01  6.195453e-01 -6.597794e-01
 6.584135e-01  5.728714e-01  6.080968e-01 -2.103803e-01
 6.460387e-01  2.294061e-01  7.605929e-01 -1.168102e+00
 6.040161e-01  2.244319e-01  2.393084e-01 -1.136084e+00
 7.073413e-01  2.472916e-01  1.106434e+00 -7.532986e-01
 6.602079e-01  2.299453e-01  1.332191e+00 -2.613145e-01
 6.825935e-01  2.038547e-01  2.085351e-01 -6.332693e-01
 6.170797e-01  1.895687e-01  2.310088e-01 -2.080030e-01
 6.977181e-01  2.073489e-01  6.375427e-01 -6.378114e-01
 6.770210e-01  1.831461e-01  7.168421e-01 -2.142559e-01
 7.597809e-01  1.187877e+00 -2.418383e-01  8.247569e-01
 2.836426e-01  1.078777e+00 -2.688479e-01  1.145524e+00
 5.448546e-01  8.839604e-01 -1.199332e+00  7.953765e-01
 2.681303e-01  7.194012e-01 -1.490716e+00  2.781716e-01
 1.036094e+00  1.335907e+00 -2.644396e-01  2.928903e-01
 6.757744e-01  1.075531e+00 -2.165968e-01  2.408954e-01
 8.491698e-01  1.250197e+00 -7.624463e-01  5.715393e-01
 7.050861e-01  1.072098e+00 -6.675143e-01  2.056120e-01
 3.057927e-01  1.539879e+00 -2.924614e-01  7.456714e-01
 2.195266e-01  1.128200e+00 -2.231085e-01  6.621867e-01
 2.565376e-01  1.186229e+00 -8.115872e-01  7.691799e-01
 2.755361e-01  1.136173e+00 -1.143731e+00  2.682980e-01
 3.112894e-01  1.558947e+00 -2.337674e-01  2.393135e-01
 2.225509e-01  1.103791e+00 -2.149829e-01  2.171914e-01
 3.045102e-01  1.539186e+00 -7.221754e-01  2.810470e-01
 2.251380e-01  1.096059e+00 -6.512303e-01  2.304007e-01
 9.170414e-01  7.526308e-01 -2.448268e-01  1.077595e+00
 5.666429e-01  7.345436e-01 -2.858735e-01  1.483691e+00
 8.602207e-01  7.980228e-01 -7.876207e-01  1.071147e+00
 9.767004e-01  7.946948e-01 -1.187653e+00  2.821598e-01
 1.260643e+00  7.777629e-01 -2.379805e-01  6.410598e-01
 1.051120e+00  7.213668e-01 -2.193762e-01  2.161940e-01
 1.006177e+00  7.273511e-01 -6.492079e-01  6.220378e-01
 1.223537e+00  7.537947e-01 -6.815324e-01  2.219395e-01
 1.165740e+00  2.630966e-01 -2.899422e-01  1.047680e+00
 8.847482e-01  2.671064e-01 -2.900241e-01  1.480459e+00
 1.191190e+00  2.586140e-01 -8.299915e-01  8.208880e-01
 1.129016e+00  2.545364e-01 -1.105045e+00  2.772962e-01
 1.153268e+00  2.495296e-01 -2.309729e-01  6.140130e-01
 1.040370e+00  2.287605e-01 -2.123583e-01  2.019935e-01
 1.569771e+00  2.944275e-01 -2.812774e-01  2.759476e-01
 1.163158e+00  2.393462e-01 -6.393471e-01  2.330493e-01
 2.285071e-01  6.706284e-01 -7.601871e-01  1.180767e+00
 2.155202e-01  6.375836e-01 -2.350910e-01  1.104700e+00
 2.166836e-01  6.126177e-01 -1.057716e+00  7.352321e-01
 2.041198e-01  6.180729e-01 -1.030859e+00  2.349457e-01
 2.146396e-01  5.751489e-01 -1.974891e-01  6.031401e-01
 2.059424e-01  6.113564e-01 -2.011170e-01  2.015773e-01
 1.937597e-01  6.377206e-01 -6.123449e-01  6.222187e-01
 2.200480e-01  6.045015e-01 -6.043745e-01  2.005046e-01
 2.094972e-01  2.138727e-01 -6.580465e-01  1.051803e+00
 2.011858e-01  2.081512e-01 -2.156176e-01  1.075286e+00
 2.327964e-01  1.979256e-01 -9.728420e-01  6.724293e-01
 2.241926e-01  2.040750e-01 -1.150373e+00  2.273110e-01
 2.270963e-01  1.914148e-01 -1.974067e-01  5.897564e-01
 2.033833e-01  2.000518e-01 -2.173285e-01  1.925708e-01
 2.307461e-01  2.065427e-01 -5.856475e-01  5.667915e-01
 2.207252e-01  1.983127e-01 -6.727615e-01  1.912972e-01
 2.726892e-01  2.755855e-01 -1.117133e+00  1.304692e+00
 2.584697e-01  2.761322e-01 -3.138032e-01  1.585291e+00
 2.726596e-01  2.589115e-01 -1.498727e+00  7.577400e-01
 6.271604e-01  5.881625e-01 -1.034298e+00  2.343946e-01
 6.570353e-01  6.243028e-01 -1.988319e-01  6.410017e-01
 6.196099e-01  5.857469e-01 -2.013632e-01  2.080541e-01
 5.928736e-01  6.371480e-01 -6.195453e-01  6.597794e-01
 6.584135e-01  5.728714e-01 -6.080968e-01  2.103803e-01
 6.460387e-01  2.294061e-01 -7.605929e-01  1.168102e+00
 6.040161e-01  2.244319e-01 -2.393084e-01  1.136084e+00
 7.073413e-01  2.472916e-01 -1.106434e+00  7.532986e-01
 6.602079e-01  2.299453e-01 -1.332191e+00  2.613145e-01
 6.825935e-01  2.038547e-01 -2.085351e-01  6.332693e-01
 6.170797e-01  1.895687e-01 -2.310088e-01  2.080030e-01
 6.977181e-01  2.073489e-01 -6.375427e-01  6.378114e-01
 6.770210e-01  1.831461e-01 -7.168421e-01  2.142559e-01
 7.597809e-01  1.187877e+00 -2.418383e-01 -8.247569e-01
 2.836426e-01  1.078777e+00 -2.688479e-01 -1.145524e+00
 5.448546e-01  8.839604e-01 -1.199332e+00 -7.953765e-01
 2.681303e-01  7.194012e-01 -1.490716e+00 -2.781716e-01
 1.036094e+00  1.335907e+00 -2.644396e-01 -2.928903e-01
 6.757744e-01  1.075531e+00 -2.165968e-01 -2.408954e-01
 8.491698e-01  1.250197e+00 -7.624463e-01 -5.715393e-01
 7.050861e-01  1.072098e+00 -6.675143e-01 -2.056120e-01
 3.057927e-01  1.539879e+00 -2.924614e-01 -7.456714e-01
 2.195266e-01  1.128200e+00 -2.231085e-01 -6.621867e-01
 2.565376e-01  1.186229e+00 -8.115872e-01 -7.691799e-01
 2.755361e-01  1.136173e+00 -1.143731e+00 -2.682980e-01
 3.112894e-01  1.558947e+00 -2.337674e-01 -2.393135e-01
 2.225509e-01  1.103791e+00 -2.149829e-01 -2.171914e-01
 3.045102e-01  1.539186e+00 -7.221754e-01 -2.810470e-01
 2.251380e-01  1.096059e+00 -6.512303e-01 -2.304007e-01
 9.170414e-01  7.526308e-01 -2.448268e-01 -1.077595e+00
 5.666429e-01  7.345436e-01 -2.858735e-01 -1.483691e+00
 8.602207e-01  7.980228e-01 -7.876207e-01 -1.071147e+00
 9.767004e-01  7.946948e-01 -1.187653e+00 -2.821598e-01
 1.260643e+00  7.777629e-01 -2.379805e-01 -6.410598e-01
 1.051120e+00  7.213668e-01 -2.193762e-01 -2.161940e-01
 1.006177e+00  7.273511e-01 -6.492079e-01 -6.220378e-01
 1.223537e+00  7.537947e-01 -6.815324e-01 -2.219395e-01
 1.165740e+00  2.630966e-01 -2.899422e-01 -1.047680e+00
 8.847482e-01  2.671064e-01 -2.900241e-01 -1.480459e+00
 1.191190e+00  2.586140e-01 -8.299915e-01 -8.208880e-01
 1.129016e+00  2.545364e-01 -1.105045e+00 -2.772962e-01
 1.153268e+00  2.495296e-01 -2.309729e-01 -6.140130e-01
 1.040370e+00  2.287605e-01 -2.123583e-01 -2.019935e-01
 1.569771e+00  2.944275e-01 -2.812774e-01 -2.759476e-01
 1.163158e+00  2.393462e-01 -6.393471e-01 -2.330493e-01
 2.285071e-01  6.706284e-01 -7.601871e-01 -1.180767e+00
 2.155202e-01  6.375836e-01 -2.350910e-01 -1.104700e+00
 2.166836e-01  6.126177e-01 -1.057716e+00 -7.352321e-01
 2.041198e-01  6.180729e-01 -1.030859e+00 -2.349457e-01
 2.146396e-01  5.751489e-01 -1.974891e-01 -6.031401e-01
 2.059424e-01  6.113564e-01 -2.011170e-01 -2.015773e-01
 1.937597e-01  6.377206e-01 -6.123449e-01 -6.222187e-01
 2.200480e-01  6.045015e-01 -6.043745e-01 -2.005046e-01
 2.094972e-01  2.138727e-01 -6.580465e-01 -1.051803e+00
 2.011858e-01  2.081512e-01 -2.156176e-01 -1.075286e+00
 2.327964e-01  1.979256e-01 -9.728420e-01 -6.724293e-01
 2.241926e-01  2.040750e-01 -1.150373e+00 -2.273110e-01
 2.270963e-01  1.914148e-01 -1.974067e-01 -5.897564e-01
 2.033833e-01  2.000518e-01 -2.173285e-01 -1.925708e-01
 2.307461e-01  2.065427e-01 -5.856475e-01 -5.667915e-01
 2.207252e-01  1.983127e-01 -6.727615e-01 -1.912972e-01
 2.726892e-01  2.755855e-01 -1.117133e+00 -1.304692e+00
 2.584697e-01  2.761322e-01 -3.138032e-01 -1.585291e+00
 2.726596e-01  2.589115e-01 -1.498727e+00 -7.577400e-01
 6.271604e-01  5.881625e-01 -1.034298e+00 -2.343946e-01
 6.570353e-01  6.243028e-01 -1.988319e-01 -6.410017e-01
 6.196099e-01  5.857469e-01 -2.013632e-01 -2.080541e-01
 5.928736e-01  6.371480e-01 -6.195453e-01 -6.597794e-01
 6.584135e-01  5.728714e-01 -6.080968e-01 -2.103803e-01
 6.460387e-01  2.294061e-01 -7.605929e-01 -1.168102e+00
 6.040161e-01  2.244319e-01 -2.393084e-01 -1.136084e+00
 7.073413e-01  2.472916e-01 -1.106434e+00 -7.532986e-01
 6.602079e-01  2.299453e-01 -1.332191e+00 -2.613145e-01
 6.825935e-01  2.038547e-01 -2.085351e-01 -6.332693e-01
 6.170797e-01  1.895687e-01 -2.310088e-01 -2.080030e-01
 6.977181e-01  2.073489e-01 -6.375427e-01 -6.378114e-01
 6.770210e-01  1.831461e-01 -7.168421e-01 -2.142559e-01
 7.597809e-01 -1.187877e+00  2.418383e-01  8.247569e-01
 2.836426e-01 -1.078777e+00  2.688479e-01  1.145524e+00
 5.448546e-01 -8.839604e-01  1.199332e+00  7.953765e-01
 2.681303e-01 -7.194012e-01  1.490716e+00  2.781716e-01
 1.036094e+00 -1.335907e+00  2.644396e-01  2.928903e-01
 6.757744e-01 -1.075531e+00  2.165968e-01  2.408954e-01
 8.491698e-01 -1.250197e+00  7.624463e-01  5.715393e-01
 7.050861e-01 -1.072098e+00  6.675143e-01  2.056120e-01
 3.057927e-01 -1.539879e+00  2.924614e-01  7.456714e-01
 2.195266e-01 -1.128200e+00  2.231085e-01  6.621867e-01
 2.565376e-01 -1.186229e+00  8.115872e-01  7.691799e-01
 2.755361e-01 -1.136173e+00  1.143731e+00  2.682980e-01
 3.112894e-01 -1.558947e+00  2.337674e-01  2.393135e-01
 2.225509e-01 -1.103791e+00  2.149829e-01  2.171914e-01
 3.045102e-01 -1.539186e+00  7.221754e-01  2.810470e-01
 2.251380e-01 -1.096059e+00  6.512303e-01  2.304007e-01
 9.170414e-01 -7.526308e-01  2.448268e-01  1.077595e+00
 5.666429e-01 -7.345436e-01  2.858735e-01  1.483691e+00
 8.602207e-01 -7.980228e-01  7.876207e-01  1.071147e+00
 9.767004e-01 -7.946948e-01  1.187653e+00  2.821598e-01
 1.260643e+00 -7.777629e-01  2.379805e-01  6.410598e-01
 1.051120e+00 -7.213668e-01  2.193762e-01  2.161940e-01
 1.006177e+00 -7.273511e-01  6.492079e-01  6.220378e-01
 1.223537e+00 -7.537947e-01  6.815324e-01  2.219395e-01
 1.165740e+00 -2.630966e-01  2.899422e-01  1.047680e+00
 8.847482e-01 -2.671064e-01  2.900241e-01  1.480459e+00
 1.191190e+00 -2.586140e-01  8.299915e-01  8.208880e-01
 1.129016e+00 -2.545364e-01  1.105045e+00  2.772962e-01
 1.153268e+00 -2.495296e-01  2.309729e-01  6.140130e-01
 1.040370e+00 -2.287605e-01  2.123583e-01  2.019935e-01
 1.569771e+00 -2.944275e-01  2.812774e-01  2.759476e-01
 1.163158e+00 -2.393462e-01  6.393471e-01  2.330493e-01
 2.285071e-01 -6.706284e-01  7.601871e-01  1.180767e+00
 2.155202e-01 -6.375836e-01  2.350910e-01  1.104700e+00
 2.166836e-01 -6.126177e-01  1.057716e+00  7.352321e-01
 2.041198e-01 -6.180729e-01  1.030859e+00  2.349457e-01
 2.146396e-01 -5.751489e-01  1.974891e-01  6.031401e-01
 2.059424e-01 -6.113564e-01  2.011170e-01  2.015773e-01
 1.937597e-01 -6.377206e-01  6.123449e-01  6.222187e-01
 2.200480e-01 -6.045015e-01  6.043745e-01  2.005046e-01
 2.094972e-01 -2.138727e-01  6.580465e-01  1.051803e+00
 2.011858e-01 -2.081512e-01  2.156176e-01  1.075286e+00
 2.327964e-01 -1.979256e-01  9.728420e-01  6.724293e-01
 2.241926e-01 -2.040750e-01  1.150373e+00  2.273110e-01
 2.270963e-01 -1.914148e-01  1.974067e-01  5.897564e-01
 2.033833e-01 -2.000518e-01  2.173285e-01  1.925708e-01
 2.307461e-01 -2.065427e-01  5.856475e-01  5.667915e-01
 2.207252e-01 -1.983127e-01  6.727615e-01  1.912972e-01
 2.726892e-01 -2.755855e-01  1.117133e+00  1.304692e+00
 2.584697e-01 -2.761322e-01  3.138032e-01  1.585291e+00
 2.726596e-01 -2.589115e-01  1.498727e+00  7.577400e-01
 6.271604e-01 -5.881625e-01  1.034298e+00  2.343946e-01
 6.570353e-01 -6.243028e-01  1.988319e-01  6.410017e-01
 6.196099e-01 -5.857469e-01  2.013632e-01  2.080541e-01
 5.928736e-01 -6.371480e-01  6.195453e-01  6.597794e-01
 6.584135e-01 -5.728714e-01  6.080968e-01  2.103803e-01
 6.460387e-01 -2.294061e-01  7.605929e-01  1.168102e+00
 6.040161e-01 -2.244319e-01  2.393084e-01  1.136084e+00
 7.073413e-01 -2.472916e-01  1.106434e+00  7.532986e-01
 6.602079e-01 -2.299453e-01  1.332191e+00  2.613145e-01
 6.825935e-01 -2.038547e-01  2.085351e-01  6.332693e-01
 6.170797e-01 -1.895687e-01  2.310088e-01  2.080030e-01
 6.977181e-01 -2.073489e-01  6.375427e-01  6.378114e-01
 6.770210e-01 -1.831461e-01  7.168421e-01  2.142559e-01
 7.597809e-01 -1.187877e+00  2.418383e-01 -8.247569e-01
 2.836426e-01 -1.078777e+00  2.688479e-01 -1.145524e+00
 5.448546e-01 -8.839604e-01  1.199332e+00 -7.953765e-01
 2.681303e-01 -7.194012e-01  1.490716e+00 -2.781716e-01
 1.036094e+00 -1.335907e+00  2.644396e-01 -2.928903e-01
 6.757744e-01 -1.075531e+00  2.165968e-01 -2.408954e-01
 8.491698e-01 -1.250197e+00  7.624463e-01 -5.715393e-01
 7.050861e-01 -1.072098e+00  6.675143e-01 -2.056120e-01
 3.057927e-01 -1.539879e+00  2.924614e-01 -7.456714e-01
 2.195266e-01 -1.128200e+00  2.231085e-01 -6.621867e-01
 2.565376e-01 -1.186229e+00  8.115872e-01 -7.691799e-01
 2.755361e-01 -1.136173e+00  1.143731e+00 -2.682980e-01
 3.112894e-01 -1.558947e+00  2.337674e-01 -2.393135e-01
 2.225509e-01 -1.103791e+00  2.149829e-01 -2.171914e-01
 3.045102e-01 -1.539186e+00  7.221754e-01 -2.810470e-01
 2.251380e-01 -1.096059e+00  6.512303e-01 -2.304007e-01
 9.170414e-01 -7.526308e-01  2.448268e-01 -1.077595e+00
 5.666429e-01 -7.345436e-01  2.858735e-01 -1.483691e+00
 8.602207e-01 -7.980228e-01  7.876207e-01 -1.071147e+00
 9.767004e-01 -7.946948e-01  1.187653e+00 -2.821598e-01
 1.260643e+00 -7.777629e-01  2.379805e-01 -6.410598e-01
 1.051120e+00 -7.213668e-01  2.193762e-01 -2.161940e-01
 1.006177e+00 -7.273511e-01  6.492079e-01 -6.220378e-01
 1.223537e+00 -7.537947e-01  6.815324e-01 -2.219395e-01
 1.165740e+00 -2.630966e-01  2.899422e-01 -1.047680e+00
 8.847482e-01 -2.671064e-01  2.900241e-01 -1.480459e+00
 1.191190e+00 -2.586140e-01  8.299915e-01 -8.208880e-01
 1.129016e+00 -2.545364e-01  1.105045e+00 -2.772962e-01
 1.153268e+00 -2.495296e-01  2.309729e-01 -6.140130e-01
 1.040370e+00 -2.287605e-01  2.123583e-01 -2.019935e-01
 1.569771e+00 -2.944275e-01  2.812774e-01 -2.759476e-01
 1.163158e+00 -2.393462e-01  6.393471e-01 -2.330493e-01
 2.285071e-01 -6.706284e-01  7.601871e-01 -1.180767e+00
 2.155202e-01 -6.375836e-01  2.350910e-01 -1.104700e+00
 2.166836e-01 -6.126177e-01  1.057716e+00 -7.352321e-01
 2.041198e-01 -6.180729e-01  1.030859e+00 -2.349457e-01
 2.146396e-01 -5.751489e-01  1.974891e-01 -6.031401e-01
 2.059424e-01 -6.113564e-01  2.011170e-01 -2.015773e-01
 1.937597e-01 -6.377206e-01  6.123449e-01 -6.222187e-01
 2.200480e-01 -6.045015e-01  6.043745e-01 -2.005046e-01
 2.094972e-01 -2.138727e-01  6.580465e-01 -1.051803e+00
 2.011858e-01 -2.081512e-01  2.156176e-01 -1.075286e+00
 2.327964e-01 -1.979256e-01  9.728420e-01 -6.724293e-01
 2.241926e-01 -2.040750e-01  1.150373e+00 -2.273110e-01
 2.270963e-01 -1.914148e-01  1.974067e-01 -5.897564e-01
 2.033833e-01 -2.000518e-01  2.173285e-01 -1.925708e-01
 2.307461e-01 -2.065427e-01  5.856475e-01 -5.667915e-01
 2.207252e-01 -1.983127e-01  6.727615e-01 -1.912972e-01
 2.726892e-01 -2.755855e-01  1.117133e+00 -1.304692e+00
 2.584697e-01 -2.761322e-01  3.138032e-01 -1.585291e+00
 2.726596e-01 -2.589115e-01  1.498727e+00 -7.577400e-01
 6.271604e-01 -5.881625e-01  1.034298e+00 -2.343946e-01
 6.570353e-01 -6.243028e-01  1.988319e-01 -6.410017e-01
 6.196099e-01 -5.857469e-01  2.013632e-01 -2.080541e-01
 5.928736e-01 -6.371480e-01  6.195453e-01 -6.597794e-01
 6.584135e-01 -5.728714e-01  6.080968e-01 -2.103803e-01
 6.460387e-01 -2.294061e-01  7.605929e-01 -1.168102e+00
 6.040161e-01 -2.244319e-01  2.393084e-01 -1.136084e+00
 7.073413e-01 -2.472916e-01  1.106434e+00 -7.532986e-01
 6.602079e-01 -2.299453e-01  1.332191e+00 -2.613145e-01
 6.825935e-01 -2.038547e-01  2.085351e-01 -6.332693e-01
 6.170797e-01 -1.895687e-01  2.310088e-01 -2.080030e-01
 6.977181e-01 -2.073489e-01  6.375427e-01 -6.378114e-01
 6.770210e-01 -1.831461e-01  7.168421e-01 -2.142559e-01
 7.597809e-01 -1.187877e+00 -2.418383e-01  8.247569e-01
 2.836426e-01 -1.078777e+00 -2.688479e-01  1.145524e+00
 5.448546e-01 -8.839604e-01 -1.199332e+00  7.953765e-01
 2.681303e-01 -7.194012e-01 -1.490716e+00  2.781716e-01
 1.036094e+00 -1.335907e+00 -2.644396e-01  2.928903e-01
 6.757744e-01 -1.075531e+00 -2.165968e-01  2.408954e-01
 8.491698e-01 -1.250197e+00 -7.624463e-01  5.715393e-01
 7.050861e-01 -1.072098e+00 -6.675143e-01  2.056120e-01
 3.057927e-01 -1.539879e+00 -2.924614e-01  7.456714e-01
 2.195266e-01 -1.128200e+00 -2.231085e-01  6.621867e-01
 2.565376e-01 -1.186229e+00 -8.115872e-01  7.691799e-01
 2.755361e-01 -1.136173e+00 -1.143731e+00  2.682980e-01
 3.112894e-01 -1.558947e+00 -2.337674e-01  2.393135e-01
 2.225509e-01 -1.103791e+00 -2.149829e-01  2.171914e-01
 3.045102e-01 -1.539186e+00 -7.221754e-01  2.810470e-01
 2.251380e-01 -1.096059e+00 -6.512303e-01  2.304007e-01
 9.170414e-01 -7.526308e-01 -2.448268e-01  1.077595e+00
 5.666429e-01 -7.345436e-01 -2.858735e-01  1.483691e+00
 8.602207e-01 -7.980228e-01 -7.876207e-01  1.071147e+00
 9.767004e-01 -7.946948e-01 -1.187653e+00  2.821598e-01
 1.260643e+00 -7.777629e-01 -2.379805e-01  6.410598e-01
 1.051120e+00 -7.213668e-01 -2.193762e-01  2.161940e-01
 1.006177e+00 -7.273511e-01 -6.492079e-01  6.220378e-01
 1.223537e+00 -7.537947e-01 -6.815324e-01  2.219395e-01
 1.165740e+00 -2.630966e-01 -2.899422e-01  1.047680e+00
 8.847482e-01 -2.671064e-01 -2.900241e-01  1.480459e+00
 1.191190e+00 -2.586140e-01 -8.299915e-01  8.208880e-01
 1.129016e+00 -2.545364e-01 -1.105045e+00  2.772962e-01
 1.153268e+00 -2.495296e-01 -2.309729e-01  6.140130e-01
 1.040370e+00 -2.287605e-01 -2.123583e-01  2.019935e-01
 1.569771e+00 -2.944275e-01 -2.812774e-01  2.759476e-01
 1.163158e+00 -2.393462e-01 -6.393471e-01  2.330493e-01
 2.285071e-01 -6.706284e-01 -7.601871e-01  1.180767e+00
 2.155202e-01 -6.375836e-01 -2.350910e-01  1.104700e+00
 2.166836e-01 -6.126177e-01 -1.057716e+00  7.352321e-01
 2.041198e-01 -6.180729e-01 -1.030859e+00  2.349457e-01
 2.146396e-01 -5.751489e-01 -1.974891e-01  6.031401e-01
 2.059424e-01 -6.113564e-01 -2.011170e-01  2.015773e-01
 1.937597e-01 -6.377206e-01 -6.123449e-01  6.222187e-01
 2.200480e-01 -6.045015e-01 -6.043745e-01  2.005046e-01
 2.094972e-01 -2.138727e-01 -6.580465e-01  1.051803e+00
 2.011858e-01 -2.081512e-01 -2.156176e-01  1.075286e+00
 2.327964e-01 -1.979256e-01 -9.728420e-01  6.724293e-01
 2.241926e-01 -2.040750e-01 -1.150373e+00  2.273110e-01
 2.270963e-01 -1.914148e-01 -1.974067e-01  5.897564e-01
 2.033833e-01 -2.000518e-01 -2.173285e-01  1.925708e-01
 2.307461e-01 -2.065427e-01 -5.856475e-01  5.667915e-01
 2.207252e-01 -1.983127e-01 -6.727615e-01  1.912972e-01
 2.726892e-01 -2.755855e-01 -1.117133e+00  1.304692e+00
 2.584697e-01 -2.761322e-01 -3.138032e-01  1.585291e+00
 2.726596e-01 -2.589115e-01 -1.498727e+00  7.577400e-01
 6.271604e-01 -5.881625e-01 -1.034298e+00  2.343946e-01
 6.570353e-01 -6.243028e-01 -1.988319e-01  6.410017e-01
 6.196099e-01 -5.857469e-01 -2.013632e-01  2.080541e-01
 5.928736e-01 -6.371480e-01 -6.195453e-01  6.597794e-01
 6.584135e-01 -5.728714e-01 -6.080968e-01  2.103803e-01
 6.460387e-01 -2.294061e-01 -7.605929e-01  1.168102e+00
 6.040161e-01 -2.244319e-01 -2.393084e-01  1.136084e+00
 7.073413e-01 -2.472916e-01 -1.106434e+00  7.532986e-01
 6.602079e-01 -2.299453e-01 -1.332191e+00  2.613145e-01
 6.825935e-01 -2.038547e-01 -2.085351e-01  6.332693e-01
 6.170797e-01 -1.895687e-01 -2.310088e-01  2.080030e-01
 6.977181e-01 -2.073489e-01 -6.375427e-01  6.378114e-01
 6.770210e-01 -1.831461e-01 -7.168421e-01  2.142559e-01
 7.597809e-01 -1.187877e+00 -2.418383e-01 -8.247569e-01
 2.836426e-01 -1.078777e+00 -2.688479e-01 -1.145524e+00
 5.448546e-01 -8.839604e-01 -1.199332e+00 -7.953765e-01
 2.681303e-01 -7.194012e-01 -1.490716e+00 -2.781716e-01
 1.036094e+00 -1.335907e+00 -2.644396e-01 -2.928903e-01
 6.757744e-01 -1.075531e+00 -2.165968e-01 -2.408954e-01
 8.491698e-01 -1.250197e+00 -7.624463e-01 -5.715393e-01
 7.050861e-01 -1.072098e+00 -6.675143e-01 -2.056120e-01
 3.057927e-01 -1.539879e+00 -2.924614e-01 -7.456714e-01
 2.195266e-01 -1.128200e+00 -2.231085e-01 -6.621867e-01
 2.565376e-01 -1.186229e+00 -8.115872e-01 -7.691799e-01
 2.755361e-01 -1.136173e+00 -1.143731e+00 -2.682980e-01
 3.112894e-01 -1.558947e+00 -2.337674e-01 -2.393135e-01
 2.225509e-01 -1.103791e+00 -2.149829e-01 -2.171914e-01
 3.045102e-01 -1.539186e+00 -7.221754e-01 -2.810470e-01
 2.251380e-01 -1.096059e+00 -6.512303e-01 -2.304007e-01
 9.170414e-01 -7.526308e-01 -2.448268e-01 -1.077595e+00
 5.666429e-01 -7.345436e-01 -2.858735e-01 -1.483691e+00
 8.602207e-01 -7.980228e-01 -7.876207e-01 -1.071147e+00
 9.767004e-01 -7.946948e-01 -1.187653e+00 -2.821598e-01
 1.260643e+00 -7.777629e-01 -2.379805e-01 -6.410598e-01
 1.051120e+00 -7.213668e-01 -2.193762e-01 -2.161940e-01
 1.006177e+00 -7.273511e-01 -6.492079e-01 -6.220378e-01
 1.223537e+00 -7.537947e-01 -6.815324e-01 -2.219395e-01
 1.165740e+00 -2.630966e-01 -2.899422e-01 -1.047680e+00
 8.847482e-01 -2.671064e-01 -2.900241e-01 -1.480459e+00
 1.191190e+00 -2.586140e-01 -8.299915e-01 -8.208880e-01
 1.129016e+00 -2.545364e-01 -1.105045e+00 -2.772962e-01
 1.153268e+00 -2.495296e-01 -2.309729e-01 -6.140130e-01
 1.040370e+00 -2.287605e-01 -2.123583e-01 -2.019935e-01
 1.569771e+00 -2.944275e-01 -2.812774e-01 -2.759476e-01
 1.163158e+00 -2.393462e-01 -6.393471e-01 -2.330493e-01
 2.285071e-01 -6.706284e-01 -7.601871e-01 -1.180767e+00
 2.155202e-01 -6.375836e-01 -2.350910e-01 -1.104700e+00
 2.166836e-01 -6.126177e-01 -1.057716e+00 -7.352321e-01
 2.041198e-01 -6.180729e-01 -1.030859e+00 -2.349457e-01
 2.146396e-01 -5.751489e-01 -1.974891e-01 -6.031401e-01
 2.059424e-01 -6.113564e-01 -2.011170e-01 -2.015773e-01
 1.937597e-01 -6.377206e-01 -6.123449e-01 -6.222187e-01
 2.200480e-01 -6.045015e-01 -6.043745e-01 -2.005046e-01
 2.094972e-01 -2.138727e-01 -6.580465e-01 -1.051803e+00
 2.011858e-01 -2.081512e-01 -2.156176e-01 -1.075286e+00
 2.327964e-01 -1.979256e-01 -9.728420e-01 -6.724293e-01
 2.241926e-01 -2.040750e-01 -1.150373e+00 -2.273110e-01
 2.270963e-01 -1.914148e-01 -1.974067e-01 -5.897564e-01
 2.033833e-01 -2.000518e-01 -2.173285e-01 -1.925708e-01
 2.307461e-01 -2.065427e-01 -5.856475e-01 -5.667915e-01
 2.207252e-01 -1.983127e-01 -6.727615e-01 -1.912972e-01
 2.726892e-01 -2.755855e-01 -1.117133e+00 -1.304692e+00
 2.584697e-01 -2.761322e-01 -3.138032e-01 -1.585291e+00
 2.726596e-01 -2.589115e-01 -1.498727e+00 -7.577400e-01
 6.271604e-01 -5.881625e-01 -1.034298e+00 -2.343946e-01
 6.570353e-01 -6.243028e-01 -1.988319e-01 -6.410017e-01
 6.196099e-01 -5.857469e-01 -2.013632e-01 -2.080541e-01
 5.928736e-01 -6.371480e-01 -6.195453e-01 -6.597794e-01
 6.584135e-01 -5.728714e-01 -6.080968e-01 -2.103803e-01
 6.460387e-01 -2.294061e-01 -7.605929e-01 -1.168102e+00
 6.040161e-01 -2.244319e-01 -2.393084e-01 -1.136084e+00
 7.073413e-01 -2.472916e-01 -1.106434e+00 -7.532986e-01
 6.602079e-01 -2.299453e-01 -1.332191e+00 -2.613145e-01
 6.825935e-01 -2.038547e-01 -2.085351e-01 -6.332693e-01
 6.170797e-01 -1.895687e-01 -2.310088e-01 -2.080030e-01
 6.977181e-01 -2.073489e-01 -6.375427e-01 -6.378114e-01
 6.770210e-01 -1.831461e-01 -7.168421e-01 -2.142559e-01
-7.597809e-01  1.187877e+00  2.418383e-01  8.247569e-01
-2.836426e-01  1.078777e+00  2.688479e-01  1.145524e+00
-5.448546e-01  8.839604e-01  1.199332e+00  7.953765e-01
-2.681303e-01  7.194012e-01  1.490716e+00  2.781716e-01
-1.036094e+00  1.335907e+00  2.644396e-01  2.928903e-01
-6.757744e-01  1.075531e+00  2.165968e-01  2.408954e-01
-8.491698e-01  1.250197e+00  7.624463e-01  5.715393e-01
-7.050861e-01  1.072098e+00  6.675143e-01  2.056120e-01
-3.057927e-01  1.539879e+00  2.924614e-01  7.456714e-01
-2.195266e-01  1.128200e+00  2.231085e-01  6.621867e-01
-2.565376e-01  1.186229e+00  8.115872e-01  7.691799e-01
-2.755361e-01  1.136173e+00  1.143731e+00  2.682980e-01
-3.112894e-01  1.558947e+00  2.337674e-01  2.393135e-01
-2.225509e-01  1.103791e+00  2.149829e-01  2.171914e-01
-3.045102e-01  1.539186e+00  7.221754e-01  2.810470e-01
-2.251380e-01  1.096059e+00  6.512303e-01  2.304007e-01
-9.170414e-01  7.526308e-01  2.448268e-01  1.077595e+00
-5.666429e-01  7.345436e-01  2.858735e-01  1.483691e+00
-8.602207e-01  7.980228e-01  7.876207e-01  1.071147e+00
-9.767004e-01  7.946948e-01  1.187653e+00  2.821598e-01
-1.260643e+00  7.777629e-01  2.379805e-01  6.410598e-01
-1.051120e+00  7.213668e-01  2.193762e-01  2.161940e-01
-1.006177e+00  7.273511e-01  6.492079e-01  6.220378e-01
-1.223537e+00  7.537947e-01  6.815324e-01  2.219395e-01
-1.165740e+00  2.630966e-01  2.899422e-01  1.047680e+00
-8.847482e-01  2.671064e-01  2.900241e-01  1.480459e+00
-1.191190e+00  2.586140e-01  8.299915e-01  8.208880e-01
-1.129016e+00  2.545364e-01  1.105045e+00  2.772962e-01
-1.153268e+00  2.495296e-01  2.309729e-01  6.140130e-01
-1.040370e+00  2.287605e-01  2.123583e-01  2.019935e-01
-1.569771e+00  2.944275e-01  2.812774e-01  2.759476e-01
-1.163158e+00  2.393462e-01  6.393471e-01  2.330493e-01
-2.285071e-01  6.706284e-01  7.601871e-01  1.180767e+00
-2.155202e-01  6.375836e-01  2.350910e-01  1.104700e+00
-2.166836e-01  6.126177e-01  1.057716e+00  7.352321e-01
-2.041198e-01  6.180729e-01  1.030859e+00  2.349457e-01
-2.146396e-01  5.751489e-01  1.974891e-01  6.031401e-01
-2.059424e-01  6.113564e-01  2.011170e-01  2.015773e-01
-1.937597e-01  6.377206e-01  6.123449e-01  6.222187e-01
-2.200480e-01  6.045015e-01  6.043745e-01  2.005046e-01
-2.094972e-01  2.138727e-01  6.580465e-01  1.051803e+00
-2.011858e-01  2.081512e-01  2.156176e-01  1.075286e+00
-2.327964e-01  1.979256e-01  9.728420e-01  6.724293e-01
-2.241926e-01  2.040750e-01  1.150373e+00  2.273110e-01
-2.270963e-01  1.914148e-01  1.974067e-01  5.897564e-01
-2.033833e-01  2.000518e-01  2.173285e-01  1.925708e-01
-2.307461e-01  2.065427e-01  5.856475e-01  5.667915e-01
-2.207252e-01  1.983127e-01  6.727615e-01  1.912972e-01
-2.726892e-01  2.755855e-01  1.117133e+00  1.304692e+00
-2.584697e-01  2.761322e-01  3.138032e-01  1.585291e+00
-2.726596e-01  2.589115e-01  1.498727e+00  7.577400e-01
-6.271604e-01  5.881625e-01  1.034298e+00  2.343946e-01
-6.570353e-01  6.243028e-01  1.988319e-01  6.410017e-01
-6.196099e-01  5.857469e-01  2.013632e-01  2.080541e-01
-5.928736e-01  6.371480e-01  6.195453e-01  6.597794e-01
-6.584135e-01  5.728714e-01  6.080968e-01  2.103803e-01
-6.460387e-01  2.294061e-01  7.605929e-01  1.168102e+00
-6.040161e-01  2.244319e-01  2.393084e-01  1.136084e+00
-7.073413e-01  2.472916e-01  1.106434e+00  7.532986e-01
-6.602079e-01  2.299453e-01  1.332191e+00  2.613145e-01
-6.825935e-01  2.038547e-01  2.085351e-01  6.332693e-01
-6.170797e-01  1.895687e-01  2.310088e-01  2.080030e-01
-6.977181e-01  2.073489e-01  6.375427e-01  6.378114e-01
-6.770210e-01  1.831461e-01  7.168421e-01  2.142559e-01
-7.597809e-01  1.187877e+00  2.418383e-01 -8.247569e-01
-2.836426e-01  1.078777e+00  2.688479e-01 -1.145524e+00
-5.448546e-01  8.839604e-01  1.199332e+00 -7.953765e-01
-2.681303e-01  7.194012e-01  1.490716e+00 -2.781716e-01
-1.036094e+00  1.335907e+00  2.644396e-01 -2.928903e-01
-6.757744e-01  1.075531e+00  2.165968e-01 -2.408954e-01
-8.491698e-01  1.250197e+00  7.624463e-01 -5.715393e-01
-7.050861e-01  1.072098e+00  6.675143e-01 -2.056120e-01
-3.057927e-01  1.539879e+00  2.924614e-01 -7.456714e-01
-2.195266e-01  1.128200e+00  2.231085e-01 -6.621867e-01
-2.565376e-01  1.186229e+00  8.115872e-01 -7.691799e-01
-2.755361e-01  1.136173e+00  1.143731e+00 -2.682980e-01
-3.112894e-01  1.558947e+00  2.337674e-01 -2.393135e-01
-2.225509e-01  1.103791e+00  2.149829e-01 -2.171914e-01
-3.045102e-01  1.539186e+00  7.221754e-01 -2.810470e-01
-2.251380e-01  1.096059e+00  6.512303e-01 -2.304007e-01
-9.170414e-01  7.526308e-01  2.448268e-01 -1.077595e+00
-5.666429e-01  7.345436e-01  2.858735e-01 -1.483691e+00
-8.602207e-01  7.980228e-01  7.876207e-01 -1.071147e+00
-9.767004e-01  7.946948e-01  1.187653e+00 -2.821598e-01
-1.260643e+00  7.777629e-01  2.379805e-01 -6.410598e-01
-1.051120e+00  7.213668e-01  2.193762e-01 -2.161940e-01
-1.006177e+00  7.273511e-01  6.492079e-01 -6.220378e-01
-1.223537e+00  7.537947e-01  6.815324e-01 -2.219395e-01
-1.165740e+00  2.630966e-01  2.899422e-01 -1.047680e+00
-8.847482e-01  2.671064e-01  2.900241e-01 -1.480459e+00
-1.191190e+00  2.586140e-01  8.299915e-01 -8.208880e-01
-1.129016e+00  2.545364e-01  1.105045e+00 -2.772962e-01
-1.153268e+00  2.495296e-01  2.309729e-01 -6.140130e-01
-1.040370e+00  2.287605e-01  2.123583e-01 -2.019935e-01
-1.569771e+00  2.944275e-01  2.812774e-01 -2.759476e-01
-1.163158e+00  2.393462e-01  6.393471e-01 -2.330493e-01
-2.285071e-01  6.706284e-01  7.601871e-01 -1.180767e+00
-2.155202e-01  6.375836e-01  2.350910e-01 -1.104700e+00
-2.166836e-01  6.126177e-01  1.057716e+00 -7.352321e-01
-2.041198e-01  6.180729e-01  1.030859e+00 -2.349457e-01
-2.146396e-01  5.751489e-01  1.974891e-01 -6.031401e-01
-2.059424e-01  6.113564e-01  2.011170e-01 -2.015773e-01
-1.937597e-01  6.377206e-01  6.123449e-01 -6.222187e-01
-2.200480e-01  6.045015e-01  6.043745e-01 -2.005046e-01
-2.094972e-01  2.138727e-01  6.580465e-01 -1.051803e+00
-2.011858e-01  2.081512e-01  2.156176e-01 -1.075286e+00
-2.327964e-01  1.979256e-01  9.728420e-01 -6.724293e-01
-2.241926e-01  2.040750e-01  1.150373e+00 -2.273110e-01
-2.270963e-01  1.914148e-01  1.974067e-01 -5.897564e-01
-2.033833e-01  2.000518e-01  2.173285e-01 -1.925708e-01
-2.307461e-01  2.065427e-01  5.856475e-01 -5.667915e-01
-2.207252e-01  1.983127e-01  6.727615e-01 -1.912972e-01
-2.726892e-01  2.755855e-01  1.117133e+00 -1.304692e+00
-2.584697e-01  2.761322e-01  3.138032e-01 -1.585291e+00
-2.726596e-01  2.589115e-01  1.498727e+00 -7.577400e-01
-6.271604e-01  5.881625e-01  1.034298e+00 -2.343946e-01
-6.570353e-01  6.243028e-01  1.988319e-01 -6.410017e-01
-6.196099e-01  5.857469e-01  2.013632e-01 -2.080541e-01
-5.928736e-01  6.371480e-01  6.195453e-01 -6.597794e-01
-6.584135e-01  5.728714e-01  6.080968e-01 -2.103803e-01
-6.460387e-01  2.294061e-01  7.605929e-01 -1.168102e+00
-6.040161e-01  2.244319e-01  2.393084e-01 -1.136084e+00
-7.073413e-01  2.472916e-01  1.106434e+00 -7.532986e-01
-6.602079e-01  2.299453e-01  1.332191e+00 -2.613145e-01
-6.825935e-01  2.038547e-01  2.085351e-01 -6.332693e-01
-6.170797e-01  1.895687e-01  2.310088e-01 -2.080030e-01
-6.977181e-01  2.073489e-01  6.375427e-01 -6.378114e-01
-6.770210e-01  1.831461e-01  7.168421e-01 -2.142559e-01
-7.597809e-01  1.187877e+00 -2.418383e-01  8.247569e-01
-2.836426e-01  1.078777e+00 -2.688479e-01  1.145524e+00
-5.448546e-01  8.839604e-01 -1.199332e+00  7.953765e-01
-2.681303e-01  7.194012e-01 -1.490716e+00  2.781716e-01
-1.036094e+00  1.335907e+00 -2.644396e-01  2.928903e-01
-6.757744e-01  1.075531e+00 -2.165968e-01  2.408954e-01
-8.491698e-01  1.250197e+00 -7.624463e-01  5.715393e-01
-7.050861e-01  1.072098e+00 -6.675143e-01  2.056120e-01
-3.057927e-01  1.539879e+00 -2.924614e-01  7.456714e-01
-2.195266e-01  1.128200e+00 -2.231085e-01  6.621867e-01
-2.565376e-01  1.186229e+00 -8.115872e-01  7.691799e-01
-2.755361e-01  1.136173e+00 -1.143731e+00  2.682980e-01
-3.112894e-01  1.558947e+00 -2.337674e-01  2.393135e-01
-2.225509e-01  1.103791e+00 -2.149829e-01  2.171914e-01
-3.045102e-01  1.539186e+00 -7.221754e-01  2.810470e-01
-2.251380e-01  1.096059e+00 -6.512303e-01  2.304007e-01
-9.170414e-01  7.526308e-01 -2.448268e-01  1.077595e+00
-5.666429e-01  7.345436e-01 -2.858735e-01  1.483691e+00
-8.602207e-01  7.980228e-01 -7.876207e-01  1.071147e+00
-9.767004e-01  7.946948e-01 -1.187653e+00  2.821598e-01
-1.260643e+00  7.777629e-01 -2.379805e-01  6.410598e-01
-1.051120e+00  7.213668e-01 -2.193762e-01  2.161940e-01
-1.006177e+00  7.273511e-01 -6.492079e-01  6.220378e-01
-1.223537e+00  7.537947e-01 -6.815324e-01  2.219395e-01
-1.165740e+00  2.630966e-01 -2.899422e-01  1.047680e+00
-8.847482e-01  2.671064e-01 -2.900241e-01  1.480459e+00
-1.191190e+00  2.586140e-01 -8.299915e-01  8.208880e-01
-1.129016e+00  2.545364e-01 -1.105045e+00  2.772962e-01
-1.153268e+00  2.495296e-01 -2.309729e-01  6.140130e-01
-1.040370e+00  2.287605e-01 -2.123583e-01  2.019935e-01
-1.569771e+00  2.944275e-01 -2.812774e-01  2.759476e-01
-1.163158e+00  2.393462e-01 -6.393471e-01  2.330493e-01
-2.285071e-01  6.706284e-01 -7.601871e-01  1.180767e+00
-2.155202e-01  6.375836e-01 -2.350910e-01  1.104700e+00
-2.166836e-01  6.126177e-01 -1.057716e+00  7.352321e-01
-2.041198e-01  6.180729e-01 -1.030859e+00  2.349457e-01
-2.146396e-01  5.751489e-01 -1.974891e-01  6.031401e-01
-2.059424e-01  6.113564e-01 -2.011170e-01  2.015773e-01
-1.937597e-01  6.377206e-01 -6.123449e-01  6.222187e-01
-2.200480e-01  6.045015e-01 -6.043745e-01  2.005046e-01
-2.094972e-01  2.138727e-01 -6.580465e-01  1.051803e+00
-2.011858e-01  2.081512e-01 -2.156176e-01  1.075286e+00
-2.327964e-01  1.979256e-01 -9.728420e-01  6.724293e-01
-2.241926e-01  2.040750e-01 -1.150373e+00  2.273110e-01
-2.270963e-01  1.914148e-01 -1.974067e-01  5.897564e-01
-2.033833e-01  2.000518e-01 -2.173285e-01  1.925708e-01
-2.307461e-01  2.065427e-01 -5.856475e-01  5.667915e-01
-2.207252e-01  1.983127e-01 -6.727615e-01  1.912972e-01
-2.726892e-01  2.755855e-01 -1.117133e+00  1.304692e+00
-2.584697e-01  2.761322e-01 -3.138032e-01  1.585291e+00
-2.726596e-01  2.589115e-01 -1.498727e+00  7.577400e-01
-6.271604e-01  5.881625e-01 -1.034298e+00  2.343946e-01
-6.570353e-01  6.243028e-01 -1.988319e-01  6.410017e-01
-6.196099e-01  5.857469e-01 -2.013632e-01  2.080541e-01
-5.928736e-01  6.371480e-01 -6.195453e-01  6.597794e-01
-6.584135e-01  5.728714e-01 -6.080968e-01  2.103803e-01
-6.460387e-01  2.294061e-01 -7.605929e-01  1.168102e+00
-6.040161e-01  2.244319e-01 -2.393084e-01  1.136084e+00
-7.073413e-01  2.472916e-01 -1.106434e+00  7.532986e-01
-6.602079e-01  2.299453e-01 -1.332191e+00  2.613145e-01
-6.825935e-01  2.038547e-01 -2.085351e-01  6.332693e-01
-6.170797e-01  1.895687e-01 -2.310088e-01  2.080030e-01
-6.977181e-01  2.073489e-01 -6.375427e-01  6.378114e-01
-6.770210e-01  1.831461e-01 -7.168421e-01  2.142559e-01
-7.597809e-01  1.187877e+00 -2.418383e-01 -8.247569e-01
-2.836426e-01  1.078777e+00 -2.688479e-01 -1.145524e+00
-5.448546e-01  8.839604e-01 -1.199332e+00 -7.953765e-01
-2.681303e-01  7.194012e-01 -1.490716e+00 -2.781716e-01
-1.036094e+00  1.335907e+00 -2.644396e-01 -2.928903e-01
-6.757744e-01  1.075531e+00 -2.165968e-01 -2.408954e-01
-8.491698e-01  1.250197e+00 -7.624463e-01 -5.715393e-01
-7.050861e-01  1.072098e+00 -6.675143e-01 -2.056120e-01
-3.057927e-01  1.539879e+00 -2.924614e-01 -7.456714e-01
-2.195266e-01  1.128200e+00 -2.231085e-01 -6.621867e-01
-2.565376e-01  1.186229e+00 -8.115872e-01 -7.691799e-01
-2.755361e-01  1.136173e+00 -1.143731e+00 -2.682980e-01
-3.112894e-01  1.558947e+00 -2.337674e-01 -2.393135e-01
-2.225509e-01  1.103791e+00 -2.149829e-01 -2.171914e-01
-3.045102e-01  1.539186e+00 -7.221754e-01 -2.810470e-01
-2.251380e-01  1.096059e+00 -6.512303e-01 -2.304007e-01
-9.170414e-01  7.526308e-01 -2.448268e-01 -1.077595e+00
-5.666429e-01  7.345436e-01 -2.858735e-01 -1.483691e+00
-8.602207e-01  7.980228e-01 -7.876207e-01 -1.071147e+00
-9.767004e-01  7.946948e-01 -1.187653e+00 -2.821598e-01
-1.260643e+00  7.777629e-01 -2.379805e-01 -6.410598e-01
-1.051120e+00  7.213668e-01 -2.193762e-01 -2.161940e-01
-1.006177e+00  7.273511e-01 -6.492079e-01 -6.220378e-01
-1.223537e+00  7.537947e-01 -6.815324e-01 -2.219395e-01
-1.165740e+00  2.630966e-01 -2.899422e-01 -1.047680e+00
-8.847482e-01  2.671064e-01 -2.900241e-01 -1.480459e+00
-1.191190e+00  2.586140e-01 -8.299915e-01 -8.208880e-01
-1.129016e+00  2.545364e-01 -1.105045e+00 -2.772962e-01
-1.153268e+00  2.495296e-01 -2.309729e-01 -6.140130e-01
-1.040370e+00  2.287605e-01 -2.123583e-01 -2.019935e-01
-1.569771e+00  2.944275e-01 -2.812774e-01 -2.759476e-01
-1.163158e+00  2.393462e-01 -6.393471e-01 -2.330493e-01
-2.285071e-01  6.706284e-01 -7.601871e-01 -1.180767e+00
-2.155202e-01  6.375836e-01 -2.350910e-01 -1.104700e+00
-2.166836e-01  6.126177e-01 -1.057716e+00 -7.352321e-01
-2.041198e-01  6.180729e-01 -1.030859e+00 -2.349457e-01
-2.146396e-01  5.751489e-01 -1.974891e-01 -6.031401e-01
-2.059424e-01  6.113564e-01 -2.011170e-01 -2.015773e-01
-1.937597e-01  6.377206e-01 -6.123449e-01 -6.222187e-01
-2.200480e-01  6.045015e-01 -6.043745e-01 -2.005046e-01
-2.094972e-01  2.138727e-01 -6.580465e-01 -1.051803e+00
-2.011858e-01  2.081512e-01 -2.156176e-01 -1.075286e+00
-2.327964e-01  1.979256e-01 -9.728420e-01 -6.724293e-01
-2.241926e-01  2.040750e-01 -1.150373e+00 -2.273110e-01
-2.270963e-01  1.914148e-01 -1.974067e-01 -5.897564e-01
-2.033833e-01  2.000518e-01 -2.173285e-01 -1.925708e-01
-2.307461e-01  2.065427e-01 -5.856475e-01 -5.667915e-01
-2.207252e-01  1.983127e-01 -6.727615e-01 -1.912972e-01
-2.726892e-01  2.755855e-01 -1.117133e+00 -1.304692e+00
-2.584697e-01  2.761322e-01 -3.138032e-01 -1.585291e+00
-2.726596e-01  2.589115e-01 -1.498727e+00 -7.577400e-01
-6.271604e-01  5.881625e-01 -1.034298e+00 -2.343946e-01
-6.570353e-01  6.243028e-01 -1.988319e-01 -6.410017e-01
-6.196099e-01  5.857469e-01 -2.013632e-01 -2.080541e-01
-5.928736e-01  6.371480e-01 -6.195453e-01 -6.597794e-01
-6.584135e-01  5.728714e-01 -6.080968e-01 -2.103803e-01
-6.460387e-01  2.294061e-01 -7.605929e-01 -1.168102e+00
-6.040161e-01  2.244319e-01 -2.393084e-01 -1.136084e+00
-7.073413e-01  2.472916e-01 -1.106434e+00 -7.532986e-01
-6.602079e-01  2.299453e-01 -1.332191e+00 -2.613145e-01
-6.825935e-01  2.038547e-01 -2.085351e-01 -6.332693e-01
-6.170797e-01  1.895687e-01 -2.310088e-01 -2.080030e-01
-6.977181e-01  2.073489e-01 -6.375427e-01 -6.378114e-01
-6.770210e-01  1.831461e-01 -7.168421e-01 -2.142559e-01
-7.597809e-01 -1.187877e+00  2.418383e-01  8.247569e-01
-2.836426e-01 -1.078777e+00  2.688479e-01  1.145524e+00
-5.448546e-01 -8.839604e-01  1.199332e+00  7.953765e-01
-2.681303e-01 -7.194012e-01  1.490716e+00  2.781716e-01
-1.036094e+00 -1.335907e+00  2.644396e-01  2.928903e-01
-6.757744e-01 -1.075531e+00  2.165968e-01  2.408954e-01
-8.491698e-01 -1.250197e+00  7.624463e-01  5.715393e-01
-7.050861e-01 -1.072098e+00  6.675143e-01  2.056120e-01
-3.057927e-01 -1.539879e+00  2.924614e-01  7.456714e-01
-2.195266e-01 -1.128200e+00  2.231085e-01  6.621867e-01
-2.565376e-01 -1.186229e+00  8.115872e-01  7.691799e-01
-2.755361e-01 -1.136173e+00  1.143731e+00  2.682980e-01
-3.112894e-01 -1.558947e+00  2.337674e-01  2.393135e-01
-2.225509e-01 -1.103791e+00  2.149829e-01  2.171914e-01
-3.045102e-01 -1.539186e+00  7.221754e-01  2.810470e-01
-2.251380e-01 -1.096059e+00  6.512303e-01  2.304007e-01
-9.170414e-01 -7.526308e-01  2.448268e-01  1.077595e+00
-5.666429e-01 -7.345436e-01  2.858735e-01  1.483691e+00
-8.602207e-01 -7.980228e-01  7.876207e-01  1.071147e+00
-9.767004e-01 -7.946948e-01  1.187653e+00  2.821598e-01
-1.260643e+00 -7.777629e-01  2.379805e-01  6.410598e-01
-1.051120e+00 -7.213668e-01  2.193762e-01  2.161940e-01
-1.006177e+00 -7.273511e-01  6.492079e-01  6.220378e-01
-1.223537e+00 -7.537947e-01  6.815324e-01  2.219395e-01
-1.165740e+00 -2.630966e-01  2.899422e-01  1.047680e+00
-8.847482e-01 -2.671064e-01  2.900241e-01  1.480459e+00
-1.191190e+00 -2.586140e-01  8.299915e-01  8.208880e-01
-1.129016e+00 -2.545364e-01  1.105045e+00  2.772962e-01
-1.153268e+00 -2.495296e-01  2.309729e-01  6.140130e-01
-1.040370e+00 -2.287605e-01  2.123583e-01  2.019935e-01
-1.569771e+00 -2.944275e-01  2.812774e-01  2.759476e-01
-1.163158e+00 -2.393462e-01  6.393471e-01  2.330493e-01
-2.285071e-01 -6.706284e-01  7.601871e-01  1.180767e+00
-2.155202e-01 -6.375836e-01  2.350910e-01  1.104700e+00
-2.166836e-01 -6.126177e-01  1.057716e+00  7.352321e-01
-2.041198e-01 -6.180729e-01  1.030859e+00  2.349457e-01
-2.146396e-01 -5.751489e-01  1.974891e-01  6.031401e-01
-2.059424e-01 -6.113564e-01  2.011170e-01  2.015773e-01
-1.937597e-01 -6.377206e-01  6.123449e-01  6.222187e-01
-2.200480e-01 -6.045015e-01  6.043745e-01  2.005046e-01
-2.094972e-01 -2.138727e-01  6.580465e-01  1.051803e+00
-2.011858e-01 -2.081512e-01  2.156176e-01  1.075286e+00
-2.327964e-01 -1.979256e-01  9.728420e-01  6.724293e-01
-2.241926e-01 -2.040750e-01  1.150373e+00  2.273110e-01
-2.270963e-01 -1.914148e-01  1.974067e-01  5.897564e-01
-2.033833e-01 -2.000518e-01  2.173285e-01  1.925708e-01
-2.307461e-01 -2.065427e-01  5.856475e-01  5.667915e-01
-2.207252e-01 -1.983127e-01  6.727615e-01  1.912972e-01
-2.726892e-01 -2.755855e-01  1.117133e+00  1.304692e+00
-2.584697e-01 -2.761322e-01  3.138032e-01  1.585291e+00
-2.726596e-01 -2.589115e-01  1.498727e+00  7.577400e-01
-6.271604e-01 -5.881625e-01  1.034298e+00  2.343946e-01
-6.570353e-01 -6.243028e-01  1.988319e-01  6.410017e-01
-6.196099e-01 -5.857469e-01  2.013632e-01  2.080541e-01
-5.928736e-01 -6.371480e-01  6.195453e-01  6.597794e-01
-6.584135e-01 -5.728714e-01  6.080968e-01  2.103803e-01
-6.460387e-01 -2.294061e-01  7.605929e-01  1.168102e+00
-6.040161e-01 -2.244319e-01  2.393084e-01  1.136084e+00
-7.073413e-01 -2.472916e-01  1.106434e+00  7.532986e-01
-6.602079e-01 -2.299453e-01  1.332191e+00  2.613145e-01
-6.825935e-01 -2.038547e-01  2.085351e-01  6.332693e-01
-6.170797e-01 -1.895687e-01  2.310088e-01  2.080030e-01
-6.977181e-01 -2.073489e-01  6.375427e-01  6.378114e-01
-6.770210e-01 -1.831461e-01  7.168421e-01  2.142559e-01
-7.597809e-01 -1.187877e+00  2.418383e-01 -8.247569e-01
-2.836426e-01 -1.078777e+00  2.688479e-01 -1.145524e+00
-5.448546e-01 -8.839604e-01  1.199332e+00 -7.953765e-01
-2.681303e-01 -7.194012e-01  1.490716e+00 -2.781716e-01
-1.036094e+00 -1.335907e+00  2.644396e-01 -2.928903e-01
-6.757744e-01 -1.075531e+00  2.165968e-01 -2.408954e-01
-8.491698e-01 -1.250197e+00  7.624463e-01 -5.715393e-01
-7.050861e-01 -1.072098e+00  6.675143e-01 -2.056120e-01
-3.057927e-01 -1.539879e+00  2.924614e-01 -7.456714e-01
-2.195266e-01 -1.128200e+00  2.231085e-01 -6.621867e-01
-2.565376e-01 -1.186229e+00  8.115872e-01 -7.691799e-01
-2.755361e-01 -1.136173e+00  1.143731e+00 -2.682980e-01
-3.112894e-01 -1.558947e+00  2.337674e-01 -2.393135e-01
-2.225509e-01 -1.103791e+00  2.149829e-01 -2.171914e-01
-3.045102e-01 -1.539186e+00  7.221754e-01 -2.810470e-01
-2.251380e-01 -1.096059e+00  6.512303e-01 -2.304007e-01
-9.170414e-01 -7.526308e-01  2.448268e-01 -1.077595e+00
-5.666429e-01 -7.345436e-01  2.858735e-01 -1.483691e+00
-8.602207e-01 -7.980228e-01  7.876207e-01 -1.071147e+00
-9.767004e-01 -7.946948e-01  1.187653e+00 -2.821598e-01
-1.260643e+00 -7.777629e-01  2.379805e-01 -6.410598e-01
-1.051120e+00 -7.213668e-01  2.193762e-01 -2.161940e-01
-1.006177e+00 -7.273511e-01  6.492079e-01 -6.220378e-01
-1.223537e+00 -7.537947e-01  6.815324e-01 -2.219395e-01
-1.165740e+00 -2.630966e-01  2.899422e-01 -1.047680e+00
-8.847482e-01 -2.671064e-01  2.900241e-01 -1.480459e+00
-1.191190e+00 -2.586140e-01  8.299915e-01 -8.208880e-01
-1.129016e+00 -2.545364e-01  1.105045e+00 -2.772962e-01
-1.153268e+00 -2.495296e-01  2.309729e-01 -6.140130e-01
-1.040370e+00 -2.287605e-01  2.123583e-01 -2.019935e-01
-1.569771e+00 -2.944275e-01  2.812774e-01 -2.759476e-01
-1.163158e+00 -2.393462e-01  6.393471e-01 -2.330493e-01
-2.285071e-01 -6.706284e-01  7.601871e-01 -1.180767e+00
-2.155202e-01 -6.375836e-01  2.350910e-01 -1.104700e+00
-2.166836e-01 -6.126177e-01  1.057716e+00 -7.352321e-01
-2.041198e-01 -6.180729e-01  1.030859e+00 -2.349457e-01
-2.146396e-01 -5.751489e-01  1.974891e-01 -6.031401e-01
-2.059424e-01 -6.113564e-01  2.011170e-01 -2.015773e-01
-1.937597e-01 -6.377206e-01  6.123449e-01 -6.222187e-01
-2.200480e-01 -6.045015e-01  6.043745e-01 -2.005046e-01
-2.094972e-01 -2.138727e-01  6.580465e-01 -1.051803e+00
-2.011858e-01 -2.081512e-01  2.156176e-01 -1.075286e+00
-2.327964e-01 -1.979256e-01  9.728420e-01 -6.724293e-01
-2.241926e-01 -2.040750e-01  1.150373e+00 -2.273110e-01
-2.270963e-01 -1.914148e-01  1.974067e-01 -5.897564e-01
-2.033833e-01 -2.000518e-01  2.173285e-01 -1.925708e-01
-2.307461e-01 -2.065427e-01  5.856475e-01 -5.667915e-01
-2.207252e-01 -1.983127e-01  6.727615e-01 -1.912972e-01
-2.726892e-01 -2.755855e-01  1.117133e+00 -1.304692e+00
-2.584697e-01 -2.761322e-01  3.138032e-01 -1.585291e+00
-2.726596e-01 -2.589115e-01  1.498727e+00 -7.577400e-01
-6.271604e-01 -5.881625e-01  1.034298e+00 -2.343946e-01
-6.570353e-01 -6.243028e-01  1.988319e-01 -6.410017e-01
-6.196099e-01 -5.857469e-01  2.013632e-01 -2.080541e-01
-5.928736e-01 -6.371480e-01  6.195453e-01 -6.597794e-01
-6.584135e-01 -5.728714e-01  6.080968e-01 -2.103803e-01
-6.460387e-01 -2.294061e-01  7.605929e-01 -1.168102e+00
-6.040161e-01 -2.244319e-01  2.393084e-01 -1.136084e+00
-7.073413e-01 -2.472916e-01  1.106434e+00 -7.532986e-01
-6.602079e-01 -2.299453e-01  1.332191e+00 -2.613145e-01
-6.825935e-01 -2.038547e-01  2.085351e-01 -6.332693e-01
-6.170797e-01 -1.895687e-01  2.310088e-01 -2.080030e-01
-6.977181e-01 -2.073489e-01  6.375427e-01 -6.378114e-01
-6.770210e-01 -1.831461e-01  7.168421e-01 -2.142559e-01
-7.597809e-01 -1.187877e+00 -2.418383e-01  8.247569e-01
-2.836426e-01 -1.078777e+00 -2.688479e-01  1.145524e+00
-5.448546e-01 -8.839604e-01 -1.199332e+00  7.953765e-01
-2.681303e-01 -7.194012e-01 -1.490716e+00  2.781716e-01
-1.036094e+00 -1.335907e+00 -2.644396e-01  2.928903e-01
-6.757744e-01 -1.075531e+00 -2.165968e-01  2.408954e-01
-8.491698e-01 -1.250197e+00 -7.624463e-01  5.715393e-01
-7.050861e-01 -1.072098e+00 -6.675143e-01  2.056120e-01
-3.057927e-01 -1.539879e+00 -2.924614e-01  7.456714e-01
-2.195266e-01 -1.128200e+00 -2.231085e-01  6.621867e-01
-2.565376e-01 -1.186229e+00 -8.115872e-01  7.691799e-01
-2.755361e-01 -1.136173e+00 -1.143731e+00  2.682980e-01
-3.112894e-01 -1.558947e+00 -2.337674e-01  2.393135e-01
-2.225509e-01 -1.103791e+00 -2.149829e-01  2.171914e-01
-3.045102e-01 -1.539186e+00 -7.221754e-01  2.810470e-01
-2.251380e-01 -1.096059e+00 -6.512303e-01  2.304007e-01
-9.170414e-01 -7.526308e-01 -2.448268e-01  1.077595e+00
-5.666429e-01 -7.345436e-01 -2.858735e-01  1.483691e+00
-8.602207e-01 -7.980228e-01 -7.876207e-01  1.071147e+00
-9.767004e-01 -7.946948e-01 -1.187653e+00  2.821598e-01
-1.260643e+00 -7.777629e-01 -2.379805e-01  6.410598e-01
-1.051120e+00 -7.213668e-01 -2.193762e-01  2.161940e-01
-1.006177e+00 -7.273511e-01 -6.492079e-01  6.220378e-01
-1.223537e+00 -7.537947e-01 -6.815324e-01  2.219395e-01
-1.165740e+00 -2.630966e-01 -2.899422e-01  1.047680e+00
-8.847482e-01 -2.671064e-01 -2.900241e-01  1.480459e+00
-1.191190e+00 -2.586140e-01 -8.299915e-01  8.208880e-01
-1.129016e+00 -2.545364e-01 -1.105045e+00  2.772962e-01
-1.153268e+00 -2.495296e-01 -2.309729e-01  6.140130e-01
-1.040370e+00 -2.287605e-01 -2.123583e-01  2.019935e-01
-1.569771e+00 -2.944275e-01 -2.812774e-01  2.759476e-01
-1.163158e+00 -2.393462e-01 -6.393471e-01  2.330493e-01
-2.285071e-01 -6.706284e-01 -7.601871e-01  1.180767e+00
-2.155202e-01 -6.375836e-01 -2.350910e-01  1.104700e+00
-2.166836e-01 -6.126177e-01 -1.057716e+00  7.352321e-01
-2.041198e-01 -6.180729e-01 -1.030859e+00  2.349457e-01
-2.146396e-01 -5.751489e-01 -1.974891e-01  6.031401e-01
-2.059424e-01 -6.113564e-01 -2.011170e-01  2.015773e-01
-1.937597e-01 -6.377206e-01 -6.123449e-01  6.222187e-01
-2.200480e-01 -6.045015e-01 -6.043745e-01  2.005046e-01
-2.094972e-01 -2.138727e-01 -6.580465e-01  1.051803e+00
-2.011858e-01 -2.081512e-01 -2.156176e-01  1.075286e+00
-2.327964e-01 -1.979256e-01 -9.728420e-01  6.724293e-01
-2.241926e-01 -2.040750e-01 -1.150373e+00  2.273110e-01
-2.270963e-01 -1.914148e-01 -1.974067e-01  5.897564e-01
-2.033833e-01 -2.000518e-01 -2.173285e-01  1.925708e-01
-2.307461e-01 -2.065427e-01 -5.856475e-01  5.667915e-01
-2.207252e-01 -1.983127e-01 -6.727615e-01  1.912972e-01
-2.726892e-01 -2.755855e-01 -1.117133e+00  1.304692e+00
-2.584697e-01 -2.761322e-01 -3.138032e-01  1.585291e+00
-2.726596e-01 -2.589115e-01 -1.498727e+00  7.577400e-01
-6.271604e-01 -5.881625e-01 -1.034298e+00  2.343946e-01
-6.570353e-01 -6.243028e-01 -1.988319e-01  6.410017e-01
-6.196099e-01 -5.857469e-01 -2.013632e-01  2.080541e-01
-5.928736e-01 -6.371480e-01 -6.195453e-01  6.597794e-01
-6.584135e-01 -5.728714e-01 -6.080968e-01  2.103803e-01
-6.460387e-01 -2.294061e-01 -7.605929e-01  1.168102e+00
-6.040161e-01 -2.244319e-01 -2.393084e-01  1.136084e+00
-7.073413e-01 -2.472916e-01 -1.106434e+00  7.532986e-01
-6.602079e-01 -2.299453e-01 -1.332191e+00  2.613145e-01
-6.825935e-01 -2.038547e-01 -2.085351e-01  6.332693e-01
-6.170797e-01 -1.895687e-01 -2.310088e-01  2.080030e-01
-6.977181e-01 -2.073489e-01 -6.375427e-01  6.378114e-01
-6.770210e-01 -1.831461e-01 -7.168421e-01  2.142559e-01
-7.597809e-01 -1.187877e+00 -2.418383e-01 -8.247569e-01
-2.836426e-01 -1.078777e+00 -2.688479e-01 -1.145524e+00
-5.448546e-01 -8.839604e-01 -1.199332e+00 -7.953765e-01
-2.681303e-01 -7.194012e-01 -1.490716e+00 -2.781716e-01
-1.036094e+00 -1.335907e+00 -2.644396e-01 -2.928903e-01
-6.757744e-01 -1.075531e+00 -2.165968e-01 -2.408954e-01
-8.491698e-01 -1.250197e+00 -7.624463e-01 -5.715393e-01
-7.050861e-01 -1.072098e+00 -6.675143e-01 -2.056120e-01
-3.057927e-01 -1.539879e+00 -2.924614e-01 -7.456714e-01
-2.195266e-01 -1.128200e+00 -2.231085e-01 -6.621867e-01
-2.565376e-01 -1.186229e+00 -8.115872e-01 -7.691799e-01
-2.755361e-01 -1.136173e+00 -1.143731e+00 -2.682980e-01
-3.112894e-01 -1.558947e+00 -2.337674e-01 -2.393135e-01
-2.225509e-01 -1.103791e+00 -2.149829e-01 -2.171914e-01
-3.045102e-01 -1.539186e+00 -7.221754e-01 -2.810470e-01
-2.251380e-01 -1.096059e+00 -6.512303e-01 -2.304007e-01
-9.170414e-01 -7.526308e-01 -2.448268e-01 -1.077595e+00
-5.666429e-01 -7.345436e-01 -2.858735e-01 -1.483691e+00
-8.602207e-01 -7.980228e-01 -7.876207e-01 -1.071147e+00
-9.767004e-01 -7.946948e-01 -1.187653e+00 -2.821598e-01
-1.260643e+00 -7.777629e-01 -2.379805e-01 -6.410598e-01
-1.051120e+00 -7.213668e-01 -2.193762e-01 -2.161940e-01
-1.006177e+00 -7.273511e-01 -6.492079e-01 -6.220378e-01
-1.223537e+00 -7.537947e-01 -6.815324e-01 -2.219395e-01
-1.165740e+00 -2.630966e-01 -2.899422e-01 -1.047680e+00
-8.847482e-01 -2.671064e-01 -2.900241e-01 -1.480459e+00
-1.191190e+00 -2.586140e-01 -8.299915e-01 -8.208880e-01
-1.129016e+00 -2.545364e-01 -1.105045e+00 -2.772962e-01
-1.153268e+00 -2.495296e-01 -2.309729e-01 -6.140130e-01
-1.040370e+00 -2.287605e-01 -2.123583e-01 -2.019935e-01
-1.569771e+00 -2.944275e-01 -2.812774e-01 -2.759476e-01
-1.163158e+00 -2.393462e-01 -6.393471e-01 -2.330493e-01
-2.285071e-01 -6.706284e-01 -7.601871e-01 -1.180767e+00
-2.155202e-01 -6.375836e-01 -2.350910e-01 -1.104700e+00
-2.166836e-01 -6.126177e-01 -1.057716e+00 -7.352321e-01
-2.041198e-01 -6.180729e-01 -1.030859e+00 -2.349457e-01
-2.146396e-01 -5.751489e-01 -1.974891e-01 -6.031401e-01
-2.059424e-01 -6.113564e-01 -2.011170e-01 -2.015773e-01
-1.937597e-01 -6.377206e-01 -6.123449e-01 -6.222187e-01
-2.200480e-01 -6.045015e-01 -6.043745e-01 -2.005046e-01
-2.094972e-01 -2.138727e-01 -6.580465e-01 -1.051803e+00
-2.011858e-01 -2.081512e-01 -2.156176e-01 -1.075286e+00
-2.327964e-01 -1.979256e-01 -9.728420e-01 -6.724293e-01
-2.241926e-01 -2.040750e-01 -1.150373e+00 -2.273110e-01
-2.270963e-01 -1.914148e-01 -1.974067e-01 -5.897564e-01
-2.033833e-01 -2.000518e-01 -2.173285e-01 -1.925708e-01
-2.307461e-01 -2.065427e-01 -5.856475e-01 -5.667915e-01
-2.207252e-01 -1.983127e-01 -6.727615e-01 -1.912972e-01
-2.726892e-01 -2.755855e-01 -1.117133e+00 -1.304692e+00
-2.584697e-01 -2.761322e-01 -3.138032e-01 -1.585291e+00
-2.726596e-01 -2.589115e-01 -1.498727e+00 -7.577400e-01
-6.271604e-01 -5.881625e-01 -1.034298e+00 -2.343946e-01
-6.570353e-01 -6.243028e-01 -1.988319e-01 -6.410017e-01
-6.196099e-01 -5.857469e-01 -2.013632e-01 -2.080541e-01
-5.928736e-01 -6.371480e-01 -6.195453e-01 -6.597794e-01
-6.584135e-01 -5.728714e-01 -6.080968e-01 -2.103803e-01
-6.460387e-01 -2.294061e-01 -7.605929e-01 -1.168102e+00
-6.040161e-01 -2.244319e-01 -2.393084e-01 -1.136084e+00
-7.073413e-01 -2.472916e-01 -1.106434e+00 -7.532986e-01
-6.602079e-01 -2.299453e-01 -1.332191e+00 -2.613145e-01
-6.825935e-01 -2.038547e-01 -2.085351e-01 -6.332693e-01
-6.170797e-01 -1.895687e-01 -2.310088e-01 -2.080030e-01
-6.977181e-01 -2.073489e-01 -6.375427e-01 -6.378114e-01
-6.770210e-01 -1.831461e-01 -7.168421e-01 -2.142559e-01
