 1.173170e+00  3.826506e-01  4.900920e-01  4.918367e-01
 4.907079e-01  4.922164e-01  3.813675e-01  1.170441e+00
 4.915836e-01  4.900462e-01  1.171771e+00  3.813104e-01
 3.818048e-01  1.169540e+00  4.916682e-01  4.910509e-01
 1.173170e+00  3.826506e-01  4.900920e-01 -4.918367e-01
 4.907079e-01  4.922164e-01  3.813675e-01 -1.170441e+00
 4.915836e-01  4.900462e-01  1.171771e+00 -3.813104e-01
 3.818048e-01  1.169540e+00  4.916682e-01 -4.910509e-01
 1.173170e+00  3.826506e-01 -4.900920e-01  4.918367e-01
 4.907079e-01  4.922164e-01 -3.813675e-01  1.170441e+00
 4.915836e-01  4.900462e-01 -1.171771e+00  3.813104e-01
 3.818048e-01  1.169540e+00 -4.916682e-01  4.910509e-01
 1.173170e+00  3.826506e-01 -4.900920e-01 -4.918367e-01
 4.907079e-01  4.922164e-01 -3.813675e-01 -1.170441e+00
 4.915836e-01  4.900462e-01 -1.171771e+00 -3.813104e-01
 3.818048e-01  1.169540e+00 -4.916682e-01 -4.910509e-01
 1.173170e+00 -3.826506e-01  4.900920e-01  4.918367e-01
 4.907079e-01 -4.922164e-01  3.813675e-01  1.170441e+00
 4.915836e-01 -4.900462e-01  1.171771e+00  3.813104e-01
 3.818048e-01 -1.169540e+00  4.916682e-01  4.910509e-01
 1.173170e+00 -3.826506e-01  4.900920e-01 -4.918367e-01
 4.907079e-01 -4.922164e-01  3.813675e-01 -1.170441e+00
 4.915836e-01 -4.900462e-01  1.171771e+00 -3.813104e-01
 3.818048e-01 -1.169540e+00  4.916682e-01 -4.910509e-01
 1.173170e+00 -3.826506e-01 -4.900920e-01  4.918367e-01
 4.907079e-01 -4.922164e-01 -3.813675e-01  1.170441e+00
 4.915836e-01 -4.900462e-01 -1.171771e+00  3.813104e-01
 3.818048e-01 -1.169540e+00 -4.916682e-01  4.910509e-01
 1.173170e+00 -3.826506e-01 -4.900920e-01 -4.918367e-01
 4.907079e-01 -4.922164e-01 -3.813675e-01 -1.170441e+00
 4.915836e-01 -4.900462e-01 -1.171771e+00 -3.813104e-01
 3.818048e-01 -1.169540e+00 -4.916682e-01 -4.910509e-01
-1.173170e+00  3.826506e-01  4.900920e-01  4.918367e-01
-4.907079e-01  4.922164e-01  3.813675e-01  1.170441e+00
-4.915836e-01  4.900462e-01  1.171771e+00  3.813104e-01
-3.818048e-01  1.169540e+00  4.916682e-01  4.910509e-01
-1.173170e+00  3.826506e-01  4.900920e-01 -4.918367e-01
-4.907079e-01  4.922164e-01  3.813675e-01 -1.170441e+00
-4.915836e-01  4.900462e-01  1.171771e+00 -3.813104e-01
-3.818048e-01  1.169540e+00  4.916682e-01 -4.910509e-01
-1.173170e+00  3.826506e-01 -4.900920e-01  4.918367e-01
-4.907079e-01  4.922164e-01 -3.813675e-01  1.170441e+00
-4.915836e-01  4.900462e-01 -1.171771e+00  3.813104e-01
-3.818048e-01  1.169540e+00 -4.916682e-01  4.910509e-01
-1.173170e+00  3.826506e-01 -4.900920e-01 -4.918367e-01
-4.907079e-01  4.922164e-01 -3.813675e-01 -1.170441e+00
-4.915836e-01  4.900462e-01 -1.171771e+00 -3.813104e-01
-3.818048e-01  1.169540e+00 -4.916682e-01 -4.910509e-01
-1.173170e+00 -3.826506e-01  4.900920e-01  4.918367e-01
-4.907079e-01 -4.922164e-01  3.813675e-01  1.170441e+00
-4.915836e-01 -4.900462e-01  1.171771e+00  3.813104e-01
-3.818048e-01 -1.169540e+00  4.916682e-01  4.910509e-01
-1.173170e+00 -3.826506e-01  4.900920e-01 -4.918367e-01
-4.907079e-01 -4.922164e-01  3.813675e-01 -1.170441e+00
-4.915836e-01 -4.900462e-01  1.171771e+00 -3.813104e-01
-3.818048e-01 -1.169540e+00  4.916682e-01 -4.910509e-01
-1.173170e+00 -3.826506e-01 -4.900920e-01  4.918367e-01
-4.907079e-01 -4.922164e-01 -3.813675e-01  1.170441e+00
-4.915836e-01 -4.900462e-01 -1.171771e+00  3.813104e-01
-3.818048e-01 -1.169540e+00 -4.916682e-01  4.910509e-01
-1.173170e+00 -3.826506e-01 -4.900920e-01 -4.918367e-01
-4.907079e-01 -4.922164e-01 -3.813675e-01 -1.170441e+00
-4.915836e-01 -4.900462e-01 -1.171771e+00 -3.813104e-01
-3.818048e-01 -1.169540e+00 -4.916682e-01 -4.910509e-01
