 3.703962e-01  1.056014e+00  7.310527e-01  1.006591e+00
 4.328586e-01  1.116317e+00  1.018978e+00  3.197868e-01
 4.641715e-01  1.203945e+00  2.528032e-01  7.476164e-01
 5.295557e-01  1.285013e+00  3.534261e-01  2.332875e-01
 9.309958e-01  4.700195e-01  8.309826e-01  1.154300e+00
 1.081217e+00  4.711993e-01  1.152332e+00  3.718587e-01
 1.239274e+00  5.538353e-01  3.100798e-01  8.716156e-01
 1.394827e+00  6.120508e-01  4.259326e-01  2.826691e-01
 2.081668e-01  3.963137e-01  6.361158e-01  9.121482e-01
 2.515405e-01  4.026756e-01  9.354202e-01  3.103631e-01
 2.850365e-01  4.460377e-01  2.453719e-01  6.111950e-01
 3.188328e-01  4.673171e-01  3.506553e-01  2.055372e-01
 4.010153e-01  3.015062e-01  4.111027e-01  1.403198e+00
 4.040058e-01  2.991356e-01  1.435638e+00  4.300548e-01
 7.685302e-01  2.792541e-01  2.262775e-01  7.232120e-01
 8.809003e-01  2.959336e-01  3.208284e-01  2.204975e-01
 3.703962e-01  1.056014e+00  7.310527e-01 -1.006591e+00
 4.328586e-01  1.116317e+00  1.018978e+00 -3.197868e-01
 4.641715e-01  1.203945e+00  2.528032e-01 -7.476164e-01
 5.295557e-01  1.285013e+00  3.534261e-01 -2.332875e-01
 9.309958e-01  4.700195e-01  8.309826e-01 -1.154300e+00
 1.081217e+00  4.711993e-01  1.152332e+00 -3.718587e-01
 1.239274e+00  5.538353e-01  3.100798e-01 -8.716156e-01
 1.394827e+00  6.120508e-01  4.259326e-01 -2.826691e-01
 2.081668e-01  3.963137e-01  6.361158e-01 -9.121482e-01
 2.515405e-01  4.026756e-01  9.354202e-01 -3.103631e-01
 2.850365e-01  4.460377e-01  2.453719e-01 -6.111950e-01
 3.188328e-01  4.673171e-01  3.506553e-01 -2.055372e-01
 4.010153e-01  3.015062e-01  4.111027e-01 -1.403198e+00
 4.040058e-01  2.991356e-01  1.435638e+00 -4.300548e-01
 7.685302e-01  2.792541e-01  2.262775e-01 -7.232120e-01
 8.809003e-01  2.959336e-01  3.208284e-01 -2.204975e-01
 3.703962e-01  1.056014e+00 -7.310527e-01  1.006591e+00
 4.328586e-01  1.116317e+00 -1.018978e+00  3.197868e-01
 4.641715e-01  1.203945e+00 -2.528032e-01  7.476164e-01
 5.295557e-01  1.285013e+00 -3.534261e-01  2.332875e-01
 9.309958e-01  4.700195e-01 -8.309826e-01  1.154300e+00
 1.081217e+00  4.711993e-01 -1.152332e+00  3.718587e-01
 1.239274e+00  5.538353e-01 -3.100798e-01  8.716156e-01
 1.394827e+00  6.120508e-01 -4.259326e-01  2.826691e-01
 2.081668e-01  3.963137e-01 -6.361158e-01  9.121482e-01
 2.515405e-01  4.026756e-01 -9.354202e-01  3.103631e-01
 2.850365e-01  4.460377e-01 -2.453719e-01  6.111950e-01
 3.188328e-01  4.673171e-01 -3.506553e-01  2.055372e-01
 4.010153e-01  3.015062e-01 -4.111027e-01  1.403198e+00
 4.040058e-01  2.991356e-01 -1.435638e+00  4.300548e-01
 7.685302e-01  2.792541e-01 -2.262775e-01  7.232120e-01
 8.809003e-01  2.959336e-01 -3.208284e-01  2.204975e-01
 3.703962e-01  1.056014e+00 -7.310527e-01 -1.006591e+00
 4.328586e-01  1.116317e+00 -1.018978e+00 -3.197868e-01
 4.641715e-01  1.203945e+00 -2.528032e-01 -7.476164e-01
 5.295557e-01  1.285013e+00 -3.534261e-01 -2.332875e-01
 9.309958e-01  4.700195e-01 -8.309826e-01 -1.154300e+00
 1.081217e+00  4.711993e-01 -1.152332e+00 -3.718587e-01
 1.239274e+00  5.538353e-01 -3.100798e-01 -8.716156e-01
 1.394827e+00  6.120508e-01 -4.259326e-01 -2.826691e-01
 2.081668e-01  3.963137e-01 -6.361158e-01 -9.121482e-01
 2.515405e-01  4.026756e-01 -9.354202e-01 -3.103631e-01
 2.850365e-01  4.460377e-01 -2.453719e-01 -6.111950e-01
 3.188328e-01  4.673171e-01 -3.506553e-01 -2.055372e-01
 4.010153e-01  3.015062e-01 -4.111027e-01 -1.403198e+00
 4.040058e-01  2.991356e-01 -1.435638e+00 -4.300548e-01
 7.685302e-01  2.792541e-01 -2.262775e-01 -7.232120e-01
 8.809003e-01  2.959336e-01 -3.208284e-01 -2.204975e-01
 3.703962e-01 -1.056014e+00  7.310527e-01  1.006591e+00
 4.328586e-01 -1.116317e+00  1.018978e+00  3.197868e-01
 4.641715e-01 -1.203945e+00  2.528032e-01  7.476164e-01
 5.295557e-01 -1.285013e+00  3.534261e-01  2.332875e-01
 9.309958e-01 -4.700195e-01  8.309826e-01  1.154300e+00
 1.081217e+00 -4.711993e-01  1.152332e+00  3.718587e-01
 1.239274e+00 -5.538353e-01  3.100798e-01  8.716156e-01
 1.394827e+00 -6.120508e-01  4.259326e-01  2.826691e-01
 2.081668e-01 -3.963137e-01  6.361158e-01  9.121482e-01
 2.515405e-01 -4.026756e-01  9.354202e-01  3.103631e-01
 2.850365e-01 -4.460377e-01  2.453719e-01  6.111950e-01
 3.188328e-01 -4.673171e-01  3.506553e-01  2.055372e-01
 4.010153e-01 -3.015062e-01  4.111027e-01  1.403198e+00
 4.040058e-01 -2.991356e-01  1.435638e+00  4.300548e-01
 7.685302e-01 -2.792541e-01  2.262775e-01  7.232120e-01
 8.809003e-01 -2.959336e-01  3.208284e-01  2.204975e-01
 3.703962e-01 -1.056014e+00  7.310527e-01 -1.006591e+00
 4.328586e-01 -1.116317e+00  1.018978e+00 -3.197868e-01
 4.641715e-01 -1.203945e+00  2.528032e-01 -7.476164e-01
 5.295557e-01 -1.285013e+00  3.534261e-01 -2.332875e-01
 9.309958e-01 -4.700195e-01  8.309826e-01 -1.154300e+00
 1.081217e+00 -4.711993e-01  1.152332e+00 -3.718587e-01
 1.239274e+00 -5.538353e-01  3.100798e-01 -8.716156e-01
 1.394827e+00 -6.120508e-01  4.259326e-01 -2.826691e-01
 2.081668e-01 -3.963137e-01  6.361158e-01 -9.121482e-01
 2.515405e-01 -4.026756e-01  9.354202e-01 -3.103631e-01
 2.850365e-01 -4.460377e-01  2.453719e-01 -6.111950e-01
 3.188328e-01 -4.673171e-01  3.506553e-01 -2.055372e-01
 4.010153e-01 -3.015062e-01  4.111027e-01 -1.403198e+00
 4.040058e-01 -2.991356e-01  1.435638e+00 -4.300548e-01
 7.685302e-01 -2.792541e-01  2.262775e-01 -7.232120e-01
 8.809003e-01 -2.959336e-01  3.208284e-01 -2.204975e-01
 3.703962e-01 -1.056014e+00 -7.310527e-01  1.006591e+00
 4.328586e-01 -1.116317e+00 -1.018978e+00  3.197868e-01
 4.641715e-01 -1.203945e+00 -2.528032e-01  7.476164e-01
 5.295557e-01 -1.285013e+00 -3.534261e-01  2.332875e-01
 9.309958e-01 -4.700195e-01 -8.309826e-01  1.154300e+00
 1.081217e+00 -4.711993e-01 -1.152332e+00  3.718587e-01
 1.239274e+00 -5.538353e-01 -3.100798e-01  8.716156e-01
 1.394827e+00 -6.120508e-01 -4.259326e-01  2.826691e-01
 2.081668e-01 -3.963137e-01 -6.361158e-01  9.121482e-01
 2.515405e-01 -4.026756e-01 -9.354202e-01  3.103631e-01
 2.850365e-01 -4.460377e-01 -2.453719e-01  6.111950e-01
 3.188328e-01 -4.673171e-01 -3.506553e-01  2.055372e-01
 4.010153e-01 -3.015062e-01 -4.111027e-01  1.403198e+00
 4.040058e-01 -2.991356e-01 -1.435638e+00  4.300548e-01
 7.685302e-01 -2.792541e-01 -2.262775e-01  7.232120e-01
 8.809003e-01 -2.959336e-01 -3.208284e-01  2.204975e-01
 3.703962e-01 -1.056014e+00 -7.310527e-01 -1.006591e+00
 4.328586e-01 -1.116317e+00 -1.018978e+00 -3.197868e-01
 4.641715e-01 -1.203945e+00 -2.528032e-01 -7.476164e-01
 5.295557e-01 -1.285013e+00 -3.534261e-01 -2.332875e-01
 9.309958e-01 -4.700195e-01 -8.309826e-01 -1.154300e+00
 1.081217e+00 -4.711993e-01 -1.152332e+00 -3.718587e-01
 1.239274e+00 -5.538353e-01 -3.100798e-01 -8.716156e-01
 1.394827e+00 -6.120508e-01 -4.259326e-01 -2.826691e-01
 2.081668e-01 -3.963137e-01 -6.361158e-01 -9.121482e-01
 2.515405e-01 -4.026756e-01 -9.354202e-01 -3.103631e-01
 2.850365e-01 -4.460377e-01 -2.453719e-01 -6.111950e-01
 3.188328e-01 -4.673171e-01 -3.506553e-01 -2.055372e-01
 4.010153e-01 -3.015062e-01 -4.111027e-01 -1.403198e+00
 4.040058e-01 -2.991356e-01 -1.435638e+00 -4.300548e-01
 7.685302e-01 -2.792541e-01 -2.262775e-01 -7.232120e-01
 8.809003e-01 -2.959336e-01 -3.208284e-01 -2.204975e-01
-3.703962e-01  1.056014e+00  7.310527e-01  1.006591e+00
-4.328586e-01  1.116317e+00  1.018978e+00  3.197868e-01
-4.641715e-01  1.203945e+00  2.528032e-01  7.476164e-01
-5.295557e-01  1.285013e+00  3.534261e-01  2.332875e-01
-9.309958e-01  4.700195e-01  8.309826e-01  1.154300e+00
-1.081217e+00  4.711993e-01  1.152332e+00  3.718587e-01
-1.239274e+00  5.538353e-01  3.100798e-01  8.716156e-01
-1.394827e+00  6.120508e-01  4.259326e-01  2.826691e-01
-2.081668e-01  3.963137e-01  6.361158e-01  9.121482e-01
-2.515405e-01  4.026756e-01  9.354202e-01  3.103631e-01
-2.850365e-01  4.460377e-01  2.453719e-01  6.111950e-01
-3.188328e-01  4.673171e-01  3.506553e-01  2.055372e-01
-4.010153e-01  3.015062e-01  4.111027e-01  1.403198e+00
-4.040058e-01  2.991356e-01  1.435638e+00  4.300548e-01
-7.685302e-01  2.792541e-01  2.262775e-01  7.232120e-01
-8.809003e-01  2.959336e-01  3.208284e-01  2.204975e-01
-3.703962e-01  1.056014e+00  7.310527e-01 -1.006591e+00
-4.328586e-01  1.116317e+00  1.018978e+00 -3.197868e-01
-4.641715e-01  1.203945e+00  2.528032e-01 -7.476164e-01
-5.295557e-01  1.285013e+00  3.534261e-01 -2.332875e-01
-9.309958e-01  4.700195e-01  8.309826e-01 -1.154300e+00
-1.081217e+00  4.711993e-01  1.152332e+00 -3.718587e-01
-1.239274e+00  5.538353e-01  3.100798e-01 -8.716156e-01
-1.394827e+00  6.120508e-01  4.259326e-01 -2.826691e-01
-2.081668e-01  3.963137e-01  6.361158e-01 -9.121482e-01
-2.515405e-01  4.026756e-01  9.354202e-01 -3.103631e-01
-2.850365e-01  4.460377e-01  2.453719e-01 -6.111950e-01
-3.188328e-01  4.673171e-01  3.506553e-01 -2.055372e-01
-4.010153e-01  3.015062e-01  4.111027e-01 -1.403198e+00
-4.040058e-01  2.991356e-01  1.435638e+00 -4.300548e-01
-7.685302e-01  2.792541e-01  2.262775e-01 -7.232120e-01
-8.809003e-01  2.959336e-01  3.208284e-01 -2.204975e-01
-3.703962e-01  1.056014e+00 -7.310527e-01  1.006591e+00
-4.328586e-01  1.116317e+00 -1.018978e+00  3.197868e-01
-4.641715e-01  1.203945e+00 -2.528032e-01  7.476164e-01
-5.295557e-01  1.285013e+00 -3.534261e-01  2.332875e-01
-9.309958e-01  4.700195e-01 -8.309826e-01  1.154300e+00
-1.081217e+00  4.711993e-01 -1.152332e+00  3.718587e-01
-1.239274e+00  5.538353e-01 -3.100798e-01  8.716156e-01
-1.394827e+00  6.120508e-01 -4.259326e-01  2.826691e-01
-2.081668e-01  3.963137e-01 -6.361158e-01  9.121482e-01
-2.515405e-01  4.026756e-01 -9.354202e-01  3.103631e-01
-2.850365e-01  4.460377e-01 -2.453719e-01  6.111950e-01
-3.188328e-01  4.673171e-01 -3.506553e-01  2.055372e-01
-4.010153e-01  3.015062e-01 -4.111027e-01  1.403198e+00
-4.040058e-01  2.991356e-01 -1.435638e+00  4.300548e-01
-7.685302e-01  2.792541e-01 -2.262775e-01  7.232120e-01
-8.809003e-01  2.959336e-01 -3.208284e-01  2.204975e-01
-3.703962e-01  1.056014e+00 -7.310527e-01 -1.006591e+00
-4.328586e-01  1.116317e+00 -1.018978e+00 -3.197868e-01
-4.641715e-01  1.203945e+00 -2.528032e-01 -7.476164e-01
-5.295557e-01  1.285013e+00 -3.534261e-01 -2.332875e-01
-9.309958e-01  4.700195e-01 -8.309826e-01 -1.154300e+00
-1.081217e+00  4.711993e-01 -1.152332e+00 -3.718587e-01
-1.239274e+00  5.538353e-01 -3.100798e-01 -8.716156e-01
-1.394827e+00  6.120508e-01 -4.259326e-01 -2.826691e-01
-2.081668e-01  3.963137e-01 -6.361158e-01 -9.121482e-01
-2.515405e-01  4.026756e-01 -9.354202e-01 -3.103631e-01
-2.850365e-01  4.460377e-01 -2.453719e-01 -6.111950e-01
-3.188328e-01  4.673171e-01 -3.506553e-01 -2.055372e-01
-4.010153e-01  3.015062e-01 -4.111027e-01 -1.403198e+00
-4.040058e-01  2.991356e-01 -1.435638e+00 -4.300548e-01
-7.685302e-01  2.792541e-01 -2.262775e-01 -7.232120e-01
-8.809003e-01  2.959336e-01 -3.208284e-01 -2.204975e-01
-3.703962e-01 -1.056014e+00  7.310527e-01  1.006591e+00
-4.328586e-01 -1.116317e+00  1.018978e+00  3.197868e-01
-4.641715e-01 -1.203945e+00  2.528032e-01  7.476164e-01
-5.295557e-01 -1.285013e+00  3.534261e-01  2.332875e-01
-9.309958e-01 -4.700195e-01  8.309826e-01  1.154300e+00
-1.081217e+00 -4.711993e-01  1.152332e+00  3.718587e-01
-1.239274e+00 -5.538353e-01  3.100798e-01  8.716156e-01
-1.394827e+00 -6.120508e-01  4.259326e-01  2.826691e-01
-2.081668e-01 -3.963137e-01  6.361158e-01  9.121482e-01
-2.515405e-01 -4.026756e-01  9.354202e-01  3.103631e-01
-2.850365e-01 -4.460377e-01  2.453719e-01  6.111950e-01
-3.188328e-01 -4.673171e-01  3.506553e-01  2.055372e-01
-4.010153e-01 -3.015062e-01  4.111027e-01  1.403198e+00
-4.040058e-01 -2.991356e-01  1.435638e+00  4.300548e-01
-7.685302e-01 -2.792541e-01  2.262775e-01  7.232120e-01
-8.809003e-01 -2.959336e-01  3.208284e-01  2.204975e-01
-3.703962e-01 -1.056014e+00  7.310527e-01 -1.006591e+00
-4.328586e-01 -1.116317e+00  1.018978e+00 -3.197868e-01
-4.641715e-01 -1.203945e+00  2.528032e-01 -7.476164e-01
-5.295557e-01 -1.285013e+00  3.534261e-01 -2.332875e-01
-9.309958e-01 -4.700195e-01  8.309826e-01 -1.154300e+00
-1.081217e+00 -4.711993e-01  1.152332e+00 -3.718587e-01
-1.239274e+00 -5.538353e-01  3.100798e-01 -8.716156e-01
-1.394827e+00 -6.120508e-01  4.259326e-01 -2.826691e-01
-2.081668e-01 -3.963137e-01  6.361158e-01 -9.121482e-01
-2.515405e-01 -4.026756e-01  9.354202e-01 -3.103631e-01
-2.850365e-01 -4.460377e-01  2.453719e-01 -6.111950e-01
-3.188328e-01 -4.673171e-01  3.506553e-01 -2.055372e-01
-4.010153e-01 -3.015062e-01  4.111027e-01 -1.403198e+00
-4.040058e-01 -2.991356e-01  1.435638e+00 -4.300548e-01
-7.685302e-01 -2.792541e-01  2.262775e-01 -7.232120e-01
-8.809003e-01 -2.959336e-01  3.208284e-01 -2.204975e-01
-3.703962e-01 -1.056014e+00 -7.310527e-01  1.006591e+00
-4.328586e-01 -1.116317e+00 -1.018978e+00  3.197868e-01
-4.641715e-01 -1.203945e+00 -2.528032e-01  7.476164e-01
-5.295557e-01 -1.285013e+00 -3.534261e-01  2.332875e-01
-9.309958e-01 -4.700195e-01 -8.309826e-01  1.154300e+00
-1.081217e+00 -4.711993e-01 -1.152332e+00  3.718587e-01
-1.239274e+00 -5.538353e-01 -3.100798e-01  8.716156e-01
-1.394827e+00 -6.120508e-01 -4.259326e-01  2.826691e-01
-2.081668e-01 -3.963137e-01 -6.361158e-01  9.121482e-01
-2.515405e-01 -4.026756e-01 -9.354202e-01  3.103631e-01
-2.850365e-01 -4.460377e-01 -2.453719e-01  6.111950e-01
-3.188328e-01 -4.673171e-01 -3.506553e-01  2.055372e-01
-4.010153e-01 -3.015062e-01 -4.111027e-01  1.403198e+00
-4.040058e-01 -2.991356e-01 -1.435638e+00  4.300548e-01
-7.685302e-01 -2.792541e-01 -2.262775e-01  7.232120e-01
-8.809003e-01 -2.959336e-01 -3.208284e-01  2.204975e-01
-3.703962e-01 -1.056014e+00 -7.310527e-01 -1.006591e+00
-4.328586e-01 -1.116317e+00 -1.018978e+00 -3.197868e-01
-4.641715e-01 -1.203945e+00 -2.528032e-01 -7.476164e-01
-5.295557e-01 -1.285013e+00 -3.534261e-01 -2.332875e-01
-9.309958e-01 -4.700195e-01 -8.309826e-01 -1.154300e+00
-1.081217e+00 -4.711993e-01 -1.152332e+00 -3.718587e-01
-1.239274e+00 -5.538353e-01 -3.100798e-01 -8.716156e-01
-1.394827e+00 -6.120508e-01 -4.259326e-01 -2.826691e-01
-2.081668e-01 -3.963137e-01 -6.361158e-01 -9.121482e-01
-2.515405e-01 -4.026756e-01 -9.354202e-01 -3.103631e-01
-2.850365e-01 -4.460377e-01 -2.453719e-01 -6.111950e-01
-3.188328e-01 -4.673171e-01 -3.506553e-01 -2.055372e-01
-4.010153e-01 -3.015062e-01 -4.111027e-01 -1.403198e+00
-4.040058e-01 -2.991356e-01 -1.435638e+00 -4.300548e-01
-7.685302e-01 -2.792541e-01 -2.262775e-01 -7.232120e-01
-8.809003e-01 -2.959336e-01 -3.208284e-01 -2.204975e-01
