 3.464189e-01  1.073525e+00  1.033269e+00  3.862894e-01
 4.051695e-01  1.468593e+00  3.747010e-01  3.427777e-01
 3.204886e-01  9.629568e-01  3.166961e-01  9.611923e-01
 3.053258e-01  8.744904e-01  2.872422e-01  3.027388e-01
 8.727097e-01  8.580978e-01  8.729815e-01  8.585482e-01
 1.089490e+00  1.051356e+00  3.859667e-01  3.485807e-01
 1.031555e+00  3.863189e-01  3.464259e-01  1.073171e+00
 1.464977e+00  3.866608e-01  3.417969e-01  3.959254e-01
 3.408580e-01  3.941263e-01  1.465679e+00  3.875441e-01
 3.035229e-01  2.990634e-01  8.750633e-01  2.918717e-01
 2.849823e-01  3.028262e-01  3.044874e-01  8.750367e-01
 3.028989e-01  3.049907e-01  3.027722e-01  3.047905e-01
 3.870333e-01  3.494501e-01  1.087843e+00  1.052254e+00
 9.643085e-01  3.076967e-01  9.645759e-01  3.090775e-01
 3.743922e-01  3.449777e-01  4.039009e-01  1.470129e+00
 8.741336e-01  2.929103e-01  3.023350e-01  3.004038e-01
 3.464189e-01  1.073525e+00  1.033269e+00 -3.862894e-01
 4.051695e-01  1.468593e+00  3.747010e-01 -3.427777e-01
 3.204886e-01  9.629568e-01  3.166961e-01 -9.611923e-01
 3.053258e-01  8.744904e-01  2.872422e-01 -3.027388e-01
 8.727097e-01  8.580978e-01  8.729815e-01 -8.585482e-01
 1.089490e+00  1.051356e+00  3.859667e-01 -3.485807e-01
 1.031555e+00  3.863189e-01  3.464259e-01 -1.073171e+00
 1.464977e+00  3.866608e-01  3.417969e-01 -3.959254e-01
 3.408580e-01  3.941263e-01  1.465679e+00 -3.875441e-01
 3.035229e-01  2.990634e-01  8.750633e-01 -2.918717e-01
 2.849823e-01  3.028262e-01  3.044874e-01 -8.750367e-01
 3.028989e-01  3.049907e-01  3.027722e-01 -3.047905e-01
 3.870333e-01  3.494501e-01  1.087843e+00 -1.052254e+00
 9.643085e-01  3.076967e-01  9.645759e-01 -3.090775e-01
 3.743922e-01  3.449777e-01  4.039009e-01 -1.470129e+00
 8.741336e-01  2.929103e-01  3.023350e-01 -3.004038e-01
 3.464189e-01  1.073525e+00 -1.033269e+00  3.862894e-01
 4.051695e-01  1.468593e+00 -3.747010e-01  3.427777e-01
 3.204886e-01  9.629568e-01 -3.166961e-01  9.611923e-01
 3.053258e-01  8.744904e-01 -2.872422e-01  3.027388e-01
 8.727097e-01  8.580978e-01 -8.729815e-01  8.585482e-01
 1.089490e+00  1.051356e+00 -3.859667e-01  3.485807e-01
 1.031555e+00  3.863189e-01 -3.464259e-01  1.073171e+00
 1.464977e+00  3.866608e-01 -3.417969e-01  3.959254e-01
 3.408580e-01  3.941263e-01 -1.465679e+00  3.875441e-01
 3.035229e-01  2.990634e-01 -8.750633e-01  2.918717e-01
 2.849823e-01  3.028262e-01 -3.044874e-01  8.750367e-01
 3.028989e-01  3.049907e-01 -3.027722e-01  3.047905e-01
 3.870333e-01  3.494501e-01 -1.087843e+00  1.052254e+00
 9.643085e-01  3.076967e-01 -9.645759e-01  3.090775e-01
 3.743922e-01  3.449777e-01 -4.039009e-01  1.470129e+00
 8.741336e-01  2.929103e-01 -3.023350e-01  3.004038e-01
 3.464189e-01  1.073525e+00 -1.033269e+00 -3.862894e-01
 4.051695e-01  1.468593e+00 -3.747010e-01 -3.427777e-01
 3.204886e-01  9.629568e-01 -3.166961e-01 -9.611923e-01
 3.053258e-01  8.744904e-01 -2.872422e-01 -3.027388e-01
 8.727097e-01  8.580978e-01 -8.729815e-01 -8.585482e-01
 1.089490e+00  1.051356e+00 -3.859667e-01 -3.485807e-01
 1.031555e+00  3.863189e-01 -3.464259e-01 -1.073171e+00
 1.464977e+00  3.866608e-01 -3.417969e-01 -3.959254e-01
 3.408580e-01  3.941263e-01 -1.465679e+00 -3.875441e-01
 3.035229e-01  2.990634e-01 -8.750633e-01 -2.918717e-01
 2.849823e-01  3.028262e-01 -3.044874e-01 -8.750367e-01
 3.028989e-01  3.049907e-01 -3.027722e-01 -3.047905e-01
 3.870333e-01  3.494501e-01 -1.087843e+00 -1.052254e+00
 9.643085e-01  3.076967e-01 -9.645759e-01 -3.090775e-01
 3.743922e-01  3.449777e-01 -4.039009e-01 -1.470129e+00
 8.741336e-01  2.929103e-01 -3.023350e-01 -3.004038e-01
 3.464189e-01 -1.073525e+00  1.033269e+00  3.862894e-01
 4.051695e-01 -1.468593e+00  3.747010e-01  3.427777e-01
 3.204886e-01 -9.629568e-01  3.166961e-01  9.611923e-01
 3.053258e-01 -8.744904e-01  2.872422e-01  3.027388e-01
 8.727097e-01 -8.580978e-01  8.729815e-01  8.585482e-01
 1.089490e+00 -1.051356e+00  3.859667e-01  3.485807e-01
 1.031555e+00 -3.863189e-01  3.464259e-01  1.073171e+00
 1.464977e+00 -3.866608e-01  3.417969e-01  3.959254e-01
 3.408580e-01 -3.941263e-01  1.465679e+00  3.875441e-01
 3.035229e-01 -2.990634e-01  8.750633e-01  2.918717e-01
 2.849823e-01 -3.028262e-01  3.044874e-01  8.750367e-01
 3.028989e-01 -3.049907e-01  3.027722e-01  3.047905e-01
 3.870333e-01 -3.494501e-01  1.087843e+00  1.052254e+00
 9.643085e-01 -3.076967e-01  9.645759e-01  3.090775e-01
 3.743922e-01 -3.449777e-01  4.039009e-01  1.470129e+00
 8.741336e-01 -2.929103e-01  3.023350e-01  3.004038e-01
 3.464189e-01 -1.073525e+00  1.033269e+00 -3.862894e-01
 4.051695e-01 -1.468593e+00  3.747010e-01 -3.427777e-01
 3.204886e-01 -9.629568e-01  3.166961e-01 -9.611923e-01
 3.053258e-01 -8.744904e-01  2.872422e-01 -3.027388e-01
 8.727097e-01 -8.580978e-01  8.729815e-01 -8.585482e-01
 1.089490e+00 -1.051356e+00  3.859667e-01 -3.485807e-01
 1.031555e+00 -3.863189e-01  3.464259e-01 -1.073171e+00
 1.464977e+00 -3.866608e-01  3.417969e-01 -3.959254e-01
 3.408580e-01 -3.941263e-01  1.465679e+00 -3.875441e-01
 3.035229e-01 -2.990634e-01  8.750633e-01 -2.918717e-01
 2.849823e-01 -3.028262e-01  3.044874e-01 -8.750367e-01
 3.028989e-01 -3.049907e-01  3.027722e-01 -3.047905e-01
 3.870333e-01 -3.494501e-01  1.087843e+00 -1.052254e+00
 9.643085e-01 -3.076967e-01  9.645759e-01 -3.090775e-01
 3.743922e-01 -3.449777e-01  4.039009e-01 -1.470129e+00
 8.741336e-01 -2.929103e-01  3.023350e-01 -3.004038e-01
 3.464189e-01 -1.073525e+00 -1.033269e+00  3.862894e-01
 4.051695e-01 -1.468593e+00 -3.747010e-01  3.427777e-01
 3.204886e-01 -9.629568e-01 -3.166961e-01  9.611923e-01
 3.053258e-01 -8.744904e-01 -2.872422e-01  3.027388e-01
 8.727097e-01 -8.580978e-01 -8.729815e-01  8.585482e-01
 1.089490e+00 -1.051356e+00 -3.859667e-01  3.485807e-01
 1.031555e+00 -3.863189e-01 -3.464259e-01  1.073171e+00
 1.464977e+00 -3.866608e-01 -3.417969e-01  3.959254e-01
 3.408580e-01 -3.941263e-01 -1.465679e+00  3.875441e-01
 3.035229e-01 -2.990634e-01 -8.750633e-01  2.918717e-01
 2.849823e-01 -3.028262e-01 -3.044874e-01  8.750367e-01
 3.028989e-01 -3.049907e-01 -3.027722e-01  3.047905e-01
 3.870333e-01 -3.494501e-01 -1.087843e+00  1.052254e+00
 9.643085e-01 -3.076967e-01 -9.645759e-01  3.090775e-01
 3.743922e-01 -3.449777e-01 -4.039009e-01  1.470129e+00
 8.741336e-01 -2.929103e-01 -3.023350e-01  3.004038e-01
 3.464189e-01 -1.073525e+00 -1.033269e+00 -3.862894e-01
 4.051695e-01 -1.468593e+00 -3.747010e-01 -3.427777e-01
 3.204886e-01 -9.629568e-01 -3.166961e-01 -9.611923e-01
 3.053258e-01 -8.744904e-01 -2.872422e-01 -3.027388e-01
 8.727097e-01 -8.580978e-01 -8.729815e-01 -8.585482e-01
 1.089490e+00 -1.051356e+00 -3.859667e-01 -3.485807e-01
 1.031555e+00 -3.863189e-01 -3.464259e-01 -1.073171e+00
 1.464977e+00 -3.866608e-01 -3.417969e-01 -3.959254e-01
 3.408580e-01 -3.941263e-01 -1.465679e+00 -3.875441e-01
 3.035229e-01 -2.990634e-01 -8.750633e-01 -2.918717e-01
 2.849823e-01 -3.028262e-01 -3.044874e-01 -8.750367e-01
 3.028989e-01 -3.049907e-01 -3.027722e-01 -3.047905e-01
 3.870333e-01 -3.494501e-01 -1.087843e+00 -1.052254e+00
 9.643085e-01 -3.076967e-01 -9.645759e-01 -3.090775e-01
 3.743922e-01 -3.449777e-01 -4.039009e-01 -1.470129e+00
 8.741336e-01 -2.929103e-01 -3.023350e-01 -3.004038e-01
-3.464189e-01  1.073525e+00  1.033269e+00  3.862894e-01
-4.051695e-01  1.468593e+00  3.747010e-01  3.427777e-01
-3.204886e-01  9.629568e-01  3.166961e-01  9.611923e-01
-3.053258e-01  8.744904e-01  2.872422e-01  3.027388e-01
-8.727097e-01  8.580978e-01  8.729815e-01  8.585482e-01
-1.089490e+00  1.051356e+00  3.859667e-01  3.485807e-01
-1.031555e+00  3.863189e-01  3.464259e-01  1.073171e+00
-1.464977e+00  3.866608e-01  3.417969e-01  3.959254e-01
-3.408580e-01  3.941263e-01  1.465679e+00  3.875441e-01
-3.035229e-01  2.990634e-01  8.750633e-01  2.918717e-01
-2.849823e-01  3.028262e-01  3.044874e-01  8.750367e-01
-3.028989e-01  3.049907e-01  3.027722e-01  3.047905e-01
-3.870333e-01  3.494501e-01  1.087843e+00  1.052254e+00
-9.643085e-01  3.076967e-01  9.645759e-01  3.090775e-01
-3.743922e-01  3.449777e-01  4.039009e-01  1.470129e+00
-8.741336e-01  2.929103e-01  3.023350e-01  3.004038e-01
-3.464189e-01  1.073525e+00  1.033269e+00 -3.862894e-01
-4.051695e-01  1.468593e+00  3.747010e-01 -3.427777e-01
-3.204886e-01  9.629568e-01  3.166961e-01 -9.611923e-01
-3.053258e-01  8.744904e-01  2.872422e-01 -3.027388e-01
-8.727097e-01  8.580978e-01  8.729815e-01 -8.585482e-01
-1.089490e+00  1.051356e+00  3.859667e-01 -3.485807e-01
-1.031555e+00  3.863189e-01  3.464259e-01 -1.073171e+00
-1.464977e+00  3.866608e-01  3.417969e-01 -3.959254e-01
-3.408580e-01  3.941263e-01  1.465679e+00 -3.875441e-01
-3.035229e-01  2.990634e-01  8.750633e-01 -2.918717e-01
-2.849823e-01  3.028262e-01  3.044874e-01 -8.750367e-01
-3.028989e-01  3.049907e-01  3.027722e-01 -3.047905e-01
-3.870333e-01  3.494501e-01  1.087843e+00 -1.052254e+00
-9.643085e-01  3.076967e-01  9.645759e-01 -3.090775e-01
-3.743922e-01  3.449777e-01  4.039009e-01 -1.470129e+00
-8.741336e-01  2.929103e-01  3.023350e-01 -3.004038e-01
-3.464189e-01  1.073525e+00 -1.033269e+00  3.862894e-01
-4.051695e-01  1.468593e+00 -3.747010e-01  3.427777e-01
-3.204886e-01  9.629568e-01 -3.166961e-01  9.611923e-01
-3.053258e-01  8.744904e-01 -2.872422e-01  3.027388e-01
-8.727097e-01  8.580978e-01 -8.729815e-01  8.585482e-01
-1.089490e+00  1.051356e+00 -3.859667e-01  3.485807e-01
-1.031555e+00  3.863189e-01 -3.464259e-01  1.073171e+00
-1.464977e+00  3.866608e-01 -3.417969e-01  3.959254e-01
-3.408580e-01  3.941263e-01 -1.465679e+00  3.875441e-01
-3.035229e-01  2.990634e-01 -8.750633e-01  2.918717e-01
-2.849823e-01  3.028262e-01 -3.044874e-01  8.750367e-01
-3.028989e-01  3.049907e-01 -3.027722e-01  3.047905e-01
-3.870333e-01  3.494501e-01 -1.087843e+00  1.052254e+00
-9.643085e-01  3.076967e-01 -9.645759e-01  3.090775e-01
-3.743922e-01  3.449777e-01 -4.039009e-01  1.470129e+00
-8.741336e-01  2.929103e-01 -3.023350e-01  3.004038e-01
-3.464189e-01  1.073525e+00 -1.033269e+00 -3.862894e-01
-4.051695e-01  1.468593e+00 -3.747010e-01 -3.427777e-01
-3.204886e-01  9.629568e-01 -3.166961e-01 -9.611923e-01
-3.053258e-01  8.744904e-01 -2.872422e-01 -3.027388e-01
-8.727097e-01  8.580978e-01 -8.729815e-01 -8.585482e-01
-1.089490e+00  1.051356e+00 -3.859667e-01 -3.485807e-01
-1.031555e+00  3.863189e-01 -3.464259e-01 -1.073171e+00
-1.464977e+00  3.866608e-01 -3.417969e-01 -3.959254e-01
-3.408580e-01  3.941263e-01 -1.465679e+00 -3.875441e-01
-3.035229e-01  2.990634e-01 -8.750633e-01 -2.918717e-01
-2.849823e-01  3.028262e-01 -3.044874e-01 -8.750367e-01
-3.028989e-01  3.049907e-01 -3.027722e-01 -3.047905e-01
-3.870333e-01  3.494501e-01 -1.087843e+00 -1.052254e+00
-9.643085e-01  3.076967e-01 -9.645759e-01 -3.090775e-01
-3.743922e-01  3.449777e-01 -4.039009e-01 -1.470129e+00
-8.741336e-01  2.929103e-01 -3.023350e-01 -3.004038e-01
-3.464189e-01 -1.073525e+00  1.033269e+00  3.862894e-01
-4.051695e-01 -1.468593e+00  3.747010e-01  3.427777e-01
-3.204886e-01 -9.629568e-01  3.166961e-01  9.611923e-01
-3.053258e-01 -8.744904e-01  2.872422e-01  3.027388e-01
-8.727097e-01 -8.580978e-01  8.729815e-01  8.585482e-01
-1.089490e+00 -1.051356e+00  3.859667e-01  3.485807e-01
-1.031555e+00 -3.863189e-01  3.464259e-01  1.073171e+00
-1.464977e+00 -3.866608e-01  3.417969e-01  3.959254e-01
-3.408580e-01 -3.941263e-01  1.465679e+00  3.875441e-01
-3.035229e-01 -2.990634e-01  8.750633e-01  2.918717e-01
-2.849823e-01 -3.028262e-01  3.044874e-01  8.750367e-01
-3.028989e-01 -3.049907e-01  3.027722e-01  3.047905e-01
-3.870333e-01 -3.494501e-01  1.087843e+00  1.052254e+00
-9.643085e-01 -3.076967e-01  9.645759e-01  3.090775e-01
-3.743922e-01 -3.449777e-01  4.039009e-01  1.470129e+00
-8.741336e-01 -2.929103e-01  3.023350e-01  3.004038e-01
-3.464189e-01 -1.073525e+00  1.033269e+00 -3.862894e-01
-4.051695e-01 -1.468593e+00  3.747010e-01 -3.427777e-01
-3.204886e-01 -9.629568e-01  3.166961e-01 -9.611923e-01
-3.053258e-01 -8.744904e-01  2.872422e-01 -3.027388e-01
-8.727097e-01 -8.580978e-01  8.729815e-01 -8.585482e-01
-1.089490e+00 -1.051356e+00  3.859667e-01 -3.485807e-01
-1.031555e+00 -3.863189e-01  3.464259e-01 -1.073171e+00
-1.464977e+00 -3.866608e-01  3.417969e-01 -3.959254e-01
-3.408580e-01 -3.941263e-01  1.465679e+00 -3.875441e-01
-3.035229e-01 -2.990634e-01  8.750633e-01 -2.918717e-01
-2.849823e-01 -3.028262e-01  3.044874e-01 -8.750367e-01
-3.028989e-01 -3.049907e-01  3.027722e-01 -3.047905e-01
-3.870333e-01 -3.494501e-01  1.087843e+00 -1.052254e+00
-9.643085e-01 -3.076967e-01  9.645759e-01 -3.090775e-01
-3.743922e-01 -3.449777e-01  4.039009e-01 -1.470129e+00
-8.741336e-01 -2.929103e-01  3.023350e-01 -3.004038e-01
-3.464189e-01 -1.073525e+00 -1.033269e+00  3.862894e-01
-4.051695e-01 -1.468593e+00 -3.747010e-01  3.427777e-01
-3.204886e-01 -9.629568e-01 -3.166961e-01  9.611923e-01
-3.053258e-01 -8.744904e-01 -2.872422e-01  3.027388e-01
-8.727097e-01 -8.580978e-01 -8.729815e-01  8.585482e-01
-1.089490e+00 -1.051356e+00 -3.859667e-01  3.485807e-01
-1.031555e+00 -3.863189e-01 -3.464259e-01  1.073171e+00
-1.464977e+00 -3.866608e-01 -3.417969e-01  3.959254e-01
-3.408580e-01 -3.941263e-01 -1.465679e+00  3.875441e-01
-3.035229e-01 -2.990634e-01 -8.750633e-01  2.918717e-01
-2.849823e-01 -3.028262e-01 -3.044874e-01  8.750367e-01
-3.028989e-01 -3.049907e-01 -3.027722e-01  3.047905e-01
-3.870333e-01 -3.494501e-01 -1.087843e+00  1.052254e+00
-9.643085e-01 -3.076967e-01 -9.645759e-01  3.090775e-01
-3.743922e-01 -3.449777e-01 -4.039009e-01  1.470129e+00
-8.741336e-01 -2.929103e-01 -3.023350e-01  3.004038e-01
-3.464189e-01 -1.073525e+00 -1.033269e+00 -3.862894e-01
-4.051695e-01 -1.468593e+00 -3.747010e-01 -3.427777e-01
-3.204886e-01 -9.629568e-01 -3.166961e-01 -9.611923e-01
-3.053258e-01 -8.744904e-01 -2.872422e-01 -3.027388e-01
-8.727097e-01 -8.580978e-01 -8.729815e-01 -8.585482e-01
-1.089490e+00 -1.051356e+00 -3.859667e-01 -3.485807e-01
-1.031555e+00 -3.863189e-01 -3.464259e-01 -1.073171e+00
-1.464977e+00 -3.866608e-01 -3.417969e-01 -3.959254e-01
-3.408580e-01 -3.941263e-01 -1.465679e+00 -3.875441e-01
-3.035229e-01 -2.990634e-01 -8.750633e-01 -2.918717e-01
-2.849823e-01 -3.028262e-01 -3.044874e-01 -8.750367e-01
-3.028989e-01 -3.049907e-01 -3.027722e-01 -3.047905e-01
-3.870333e-01 -3.494501e-01 -1.087843e+00 -1.052254e+00
-9.643085e-01 -3.076967e-01 -9.645759e-01 -3.090775e-01
-3.743922e-01 -3.449777e-01 -4.039009e-01 -1.470129e+00
-8.741336e-01 -2.929103e-01 -3.023350e-01 -3.004038e-01
