 3.692142e-01  1.524628e+00  4.071453e-01  4.243458e-01
 3.778809e-01  1.014458e+00  9.368796e-01  3.286999e-01
 9.602236e-01  1.135185e+00  3.163445e-01  3.922015e-01
 3.476260e-01  8.467235e-01  2.913063e-01  2.501040e-01
 9.608358e-01  4.105707e-01  9.146392e-01  9.284176e-01
 1.026805e+00  4.359514e-01  1.056444e+00  3.043330e-01
 1.111317e+00  4.217673e-01  3.010358e-01  9.770975e-01
 1.435043e+00  3.716901e-01  3.864630e-01  3.413763e-01
 3.417881e-01  1.056747e+00  4.058474e-01  1.073160e+00
 2.694627e-01  3.182643e-01  8.714227e-01  2.973082e-01
 2.880136e-01  3.665205e-01  2.696404e-01  8.671455e-01
 3.032700e-01  3.090517e-01  3.159986e-01  3.266692e-01
 3.259931e-01  3.918639e-01  1.037891e+00  1.101365e+00
 3.706930e-01  3.476561e-01  1.443874e+00  3.990628e-01
 4.009216e-01  3.143300e-01  3.595821e-01  1.425909e+00
 8.488408e-01  2.462301e-01  2.886823e-01  2.727137e-01
 3.692142e-01  1.524628e+00  4.071453e-01 -4.243458e-01
 3.778809e-01  1.014458e+00  9.368796e-01 -3.286999e-01
 9.602236e-01  1.135185e+00  3.163445e-01 -3.922015e-01
 3.476260e-01  8.467235e-01  2.913063e-01 -2.501040e-01
 9.608358e-01  4.105707e-01  9.146392e-01 -9.284176e-01
 1.026805e+00  4.359514e-01  1.056444e+00 -3.043330e-01
 1.111317e+00  4.217673e-01  3.010358e-01 -9.770975e-01
 1.435043e+00  3.716901e-01  3.864630e-01 -3.413763e-01
 3.417881e-01  1.056747e+00  4.058474e-01 -1.073160e+00
 2.694627e-01  3.182643e-01  8.714227e-01 -2.973082e-01
 2.880136e-01  3.665205e-01  2.696404e-01 -8.671455e-01
 3.032700e-01  3.090517e-01  3.159986e-01 -3.266692e-01
 3.259931e-01  3.918639e-01  1.037891e+00 -1.101365e+00
 3.706930e-01  3.476561e-01  1.443874e+00 -3.990628e-01
 4.009216e-01  3.143300e-01  3.595821e-01 -1.425909e+00
 8.488408e-01  2.462301e-01  2.886823e-01 -2.727137e-01
 3.692142e-01  1.524628e+00 -4.071453e-01  4.243458e-01
 3.778809e-01  1.014458e+00 -9.368796e-01  3.286999e-01
 9.602236e-01  1.135185e+00 -3.163445e-01  3.922015e-01
 3.476260e-01  8.467235e-01 -2.913063e-01  2.501040e-01
 9.608358e-01  4.105707e-01 -9.146392e-01  9.284176e-01
 1.026805e+00  4.359514e-01 -1.056444e+00  3.043330e-01
 1.111317e+00  4.217673e-01 -3.010358e-01  9.770975e-01
 1.435043e+00  3.716901e-01 -3.864630e-01  3.413763e-01
 3.417881e-01  1.056747e+00 -4.058474e-01  1.073160e+00
 2.694627e-01  3.182643e-01 -8.714227e-01  2.973082e-01
 2.880136e-01  3.665205e-01 -2.696404e-01  8.671455e-01
 3.032700e-01  3.090517e-01 -3.159986e-01  3.266692e-01
 3.259931e-01  3.918639e-01 -1.037891e+00  1.101365e+00
 3.706930e-01  3.476561e-01 -1.443874e+00  3.990628e-01
 4.009216e-01  3.143300e-01 -3.595821e-01  1.425909e+00
 8.488408e-01  2.462301e-01 -2.886823e-01  2.727137e-01
 3.692142e-01  1.524628e+00 -4.071453e-01 -4.243458e-01
 3.778809e-01  1.014458e+00 -9.368796e-01 -3.286999e-01
 9.602236e-01  1.135185e+00 -3.163445e-01 -3.922015e-01
 3.476260e-01  8.467235e-01 -2.913063e-01 -2.501040e-01
 9.608358e-01  4.105707e-01 -9.146392e-01 -9.284176e-01
 1.026805e+00  4.359514e-01 -1.056444e+00 -3.043330e-01
 1.111317e+00  4.217673e-01 -3.010358e-01 -9.770975e-01
 1.435043e+00  3.716901e-01 -3.864630e-01 -3.413763e-01
 3.417881e-01  1.056747e+00 -4.058474e-01 -1.073160e+00
 2.694627e-01  3.182643e-01 -8.714227e-01 -2.973082e-01
 2.880136e-01  3.665205e-01 -2.696404e-01 -8.671455e-01
 3.032700e-01  3.090517e-01 -3.159986e-01 -3.266692e-01
 3.259931e-01  3.918639e-01 -1.037891e+00 -1.101365e+00
 3.706930e-01  3.476561e-01 -1.443874e+00 -3.990628e-01
 4.009216e-01  3.143300e-01 -3.595821e-01 -1.425909e+00
 8.488408e-01  2.462301e-01 -2.886823e-01 -2.727137e-01
 3.692142e-01 -1.524628e+00  4.071453e-01  4.243458e-01
 3.778809e-01 -1.014458e+00  9.368796e-01  3.286999e-01
 9.602236e-01 -1.135185e+00  3.163445e-01  3.922015e-01
 3.476260e-01 -8.467235e-01  2.913063e-01  2.501040e-01
 9.608358e-01 -4.105707e-01  9.146392e-01  9.284176e-01
 1.026805e+00 -4.359514e-01  1.056444e+00  3.043330e-01
 1.111317e+00 -4.217673e-01  3.010358e-01  9.770975e-01
 1.435043e+00 -3.716901e-01  3.864630e-01  3.413763e-01
 3.417881e-01 -1.056747e+00  4.058474e-01  1.073160e+00
 2.694627e-01 -3.182643e-01  8.714227e-01  2.973082e-01
 2.880136e-01 -3.665205e-01  2.696404e-01  8.671455e-01
 3.032700e-01 -3.090517e-01  3.159986e-01  3.266692e-01
 3.259931e-01 -3.918639e-01  1.037891e+00  1.101365e+00
 3.706930e-01 -3.476561e-01  1.443874e+00  3.990628e-01
 4.009216e-01 -3.143300e-01  3.595821e-01  1.425909e+00
 8.488408e-01 -2.462301e-01  2.886823e-01  2.727137e-01
 3.692142e-01 -1.524628e+00  4.071453e-01 -4.243458e-01
 3.778809e-01 -1.014458e+00  9.368796e-01 -3.286999e-01
 9.602236e-01 -1.135185e+00  3.163445e-01 -3.922015e-01
 3.476260e-01 -8.467235e-01  2.913063e-01 -2.501040e-01
 9.608358e-01 -4.105707e-01  9.146392e-01 -9.284176e-01
 1.026805e+00 -4.359514e-01  1.056444e+00 -3.043330e-01
 1.111317e+00 -4.217673e-01  3.010358e-01 -9.770975e-01
 1.435043e+00 -3.716901e-01  3.864630e-01 -3.413763e-01
 3.417881e-01 -1.056747e+00  4.058474e-01 -1.073160e+00
 2.694627e-01 -3.182643e-01  8.714227e-01 -2.973082e-01
 2.880136e-01 -3.665205e-01  2.696404e-01 -8.671455e-01
 3.032700e-01 -3.090517e-01  3.159986e-01 -3.266692e-01
 3.259931e-01 -3.918639e-01  1.037891e+00 -1.101365e+00
 3.706930e-01 -3.476561e-01  1.443874e+00 -3.990628e-01
 4.009216e-01 -3.143300e-01  3.595821e-01 -1.425909e+00
 8.488408e-01 -2.462301e-01  2.886823e-01 -2.727137e-01
 3.692142e-01 -1.524628e+00 -4.071453e-01  4.243458e-01
 3.778809e-01 -1.014458e+00 -9.368796e-01  3.286999e-01
 9.602236e-01 -1.135185e+00 -3.163445e-01  3.922015e-01
 3.476260e-01 -8.467235e-01 -2.913063e-01  2.501040e-01
 9.608358e-01 -4.105707e-01 -9.146392e-01  9.284176e-01
 1.026805e+00 -4.359514e-01 -1.056444e+00  3.043330e-01
 1.111317e+00 -4.217673e-01 -3.010358e-01  9.770975e-01
 1.435043e+00 -3.716901e-01 -3.864630e-01  3.413763e-01
 3.417881e-01 -1.056747e+00 -4.058474e-01  1.073160e+00
 2.694627e-01 -3.182643e-01 -8.714227e-01  2.973082e-01
 2.880136e-01 -3.665205e-01 -2.696404e-01  8.671455e-01
 3.032700e-01 -3.090517e-01 -3.159986e-01  3.266692e-01
 3.259931e-01 -3.918639e-01 -1.037891e+00  1.101365e+00
 3.706930e-01 -3.476561e-01 -1.443874e+00  3.990628e-01
 4.009216e-01 -3.143300e-01 -3.595821e-01  1.425909e+00
 8.488408e-01 -2.462301e-01 -2.886823e-01  2.727137e-01
 3.692142e-01 -1.524628e+00 -4.071453e-01 -4.243458e-01
 3.778809e-01 -1.014458e+00 -9.368796e-01 -3.286999e-01
 9.602236e-01 -1.135185e+00 -3.163445e-01 -3.922015e-01
 3.476260e-01 -8.467235e-01 -2.913063e-01 -2.501040e-01
 9.608358e-01 -4.105707e-01 -9.146392e-01 -9.284176e-01
 1.026805e+00 -4.359514e-01 -1.056444e+00 -3.043330e-01
 1.111317e+00 -4.217673e-01 -3.010358e-01 -9.770975e-01
 1.435043e+00 -3.716901e-01 -3.864630e-01 -3.413763e-01
 3.417881e-01 -1.056747e+00 -4.058474e-01 -1.073160e+00
 2.694627e-01 -3.182643e-01 -8.714227e-01 -2.973082e-01
 2.880136e-01 -3.665205e-01 -2.696404e-01 -8.671455e-01
 3.032700e-01 -3.090517e-01 -3.159986e-01 -3.266692e-01
 3.259931e-01 -3.918639e-01 -1.037891e+00 -1.101365e+00
 3.706930e-01 -3.476561e-01 -1.443874e+00 -3.990628e-01
 4.009216e-01 -3.143300e-01 -3.595821e-01 -1.425909e+00
 8.488408e-01 -2.462301e-01 -2.886823e-01 -2.727137e-01
-3.692142e-01  1.524628e+00  4.071453e-01  4.243458e-01
-3.778809e-01  1.014458e+00  9.368796e-01  3.286999e-01
-9.602236e-01  1.135185e+00  3.163445e-01  3.922015e-01
-3.476260e-01  8.467235e-01  2.913063e-01  2.501040e-01
-9.608358e-01  4.105707e-01  9.146392e-01  9.284176e-01
-1.026805e+00  4.359514e-01  1.056444e+00  3.043330e-01
-1.111317e+00  4.217673e-01  3.010358e-01  9.770975e-01
-1.435043e+00  3.716901e-01  3.864630e-01  3.413763e-01
-3.417881e-01  1.056747e+00  4.058474e-01  1.073160e+00
-2.694627e-01  3.182643e-01  8.714227e-01  2.973082e-01
-2.880136e-01  3.665205e-01  2.696404e-01  8.671455e-01
-3.032700e-01  3.090517e-01  3.159986e-01  3.266692e-01
-3.259931e-01  3.918639e-01  1.037891e+00  1.101365e+00
-3.706930e-01  3.476561e-01  1.443874e+00  3.990628e-01
-4.009216e-01  3.143300e-01  3.595821e-01  1.425909e+00
-8.488408e-01  2.462301e-01  2.886823e-01  2.727137e-01
-3.692142e-01  1.524628e+00  4.071453e-01 -4.243458e-01
-3.778809e-01  1.014458e+00  9.368796e-01 -3.286999e-01
-9.602236e-01  1.135185e+00  3.163445e-01 -3.922015e-01
-3.476260e-01  8.467235e-01  2.913063e-01 -2.501040e-01
-9.608358e-01  4.105707e-01  9.146392e-01 -9.284176e-01
-1.026805e+00  4.359514e-01  1.056444e+00 -3.043330e-01
-1.111317e+00  4.217673e-01  3.010358e-01 -9.770975e-01
-1.435043e+00  3.716901e-01  3.864630e-01 -3.413763e-01
-3.417881e-01  1.056747e+00  4.058474e-01 -1.073160e+00
-2.694627e-01  3.182643e-01  8.714227e-01 -2.973082e-01
-2.880136e-01  3.665205e-01  2.696404e-01 -8.671455e-01
-3.032700e-01  3.090517e-01  3.159986e-01 -3.266692e-01
-3.259931e-01  3.918639e-01  1.037891e+00 -1.101365e+00
-3.706930e-01  3.476561e-01  1.443874e+00 -3.990628e-01
-4.009216e-01  3.143300e-01  3.595821e-01 -1.425909e+00
-8.488408e-01  2.462301e-01  2.886823e-01 -2.727137e-01
-3.692142e-01  1.524628e+00 -4.071453e-01  4.243458e-01
-3.778809e-01  1.014458e+00 -9.368796e-01  3.286999e-01
-9.602236e-01  1.135185e+00 -3.163445e-01  3.922015e-01
-3.476260e-01  8.467235e-01 -2.913063e-01  2.501040e-01
-9.608358e-01  4.105707e-01 -9.146392e-01  9.284176e-01
-1.026805e+00  4.359514e-01 -1.056444e+00  3.043330e-01
-1.111317e+00  4.217673e-01 -3.010358e-01  9.770975e-01
-1.435043e+00  3.716901e-01 -3.864630e-01  3.413763e-01
-3.417881e-01  1.056747e+00 -4.058474e-01  1.073160e+00
-2.694627e-01  3.182643e-01 -8.714227e-01  2.973082e-01
-2.880136e-01  3.665205e-01 -2.696404e-01  8.671455e-01
-3.032700e-01  3.090517e-01 -3.159986e-01  3.266692e-01
-3.259931e-01  3.918639e-01 -1.037891e+00  1.101365e+00
-3.706930e-01  3.476561e-01 -1.443874e+00  3.990628e-01
-4.009216e-01  3.143300e-01 -3.595821e-01  1.425909e+00
-8.488408e-01  2.462301e-01 -2.886823e-01  2.727137e-01
-3.692142e-01  1.524628e+00 -4.071453e-01 -4.243458e-01
-3.778809e-01  1.014458e+00 -9.368796e-01 -3.286999e-01
-9.602236e-01  1.135185e+00 -3.163445e-01 -3.922015e-01
-3.476260e-01  8.467235e-01 -2.913063e-01 -2.501040e-01
-9.608358e-01  4.105707e-01 -9.146392e-01 -9.284176e-01
-1.026805e+00  4.359514e-01 -1.056444e+00 -3.043330e-01
-1.111317e+00  4.217673e-01 -3.010358e-01 -9.770975e-01
-1.435043e+00  3.716901e-01 -3.864630e-01 -3.413763e-01
-3.417881e-01  1.056747e+00 -4.058474e-01 -1.073160e+00
-2.694627e-01  3.182643e-01 -8.714227e-01 -2.973082e-01
-2.880136e-01  3.665205e-01 -2.696404e-01 -8.671455e-01
-3.032700e-01  3.090517e-01 -3.159986e-01 -3.266692e-01
-3.259931e-01  3.918639e-01 -1.037891e+00 -1.101365e+00
-3.706930e-01  3.476561e-01 -1.443874e+00 -3.990628e-01
-4.009216e-01  3.143300e-01 -3.595821e-01 -1.425909e+00
-8.488408e-01  2.462301e-01 -2.886823e-01 -2.727137e-01
-3.692142e-01 -1.524628e+00  4.071453e-01  4.243458e-01
-3.778809e-01 -1.014458e+00  9.368796e-01  3.286999e-01
-9.602236e-01 -1.135185e+00  3.163445e-01  3.922015e-01
-3.476260e-01 -8.467235e-01  2.913063e-01  2.501040e-01
-9.608358e-01 -4.105707e-01  9.146392e-01  9.284176e-01
-1.026805e+00 -4.359514e-01  1.056444e+00  3.043330e-01
-1.111317e+00 -4.217673e-01  3.010358e-01  9.770975e-01
-1.435043e+00 -3.716901e-01  3.864630e-01  3.413763e-01
-3.417881e-01 -1.056747e+00  4.058474e-01  1.073160e+00
-2.694627e-01 -3.182643e-01  8.714227e-01  2.973082e-01
-2.880136e-01 -3.665205e-01  2.696404e-01  8.671455e-01
-3.032700e-01 -3.090517e-01  3.159986e-01  3.266692e-01
-3.259931e-01 -3.918639e-01  1.037891e+00  1.101365e+00
-3.706930e-01 -3.476561e-01  1.443874e+00  3.990628e-01
-4.009216e-01 -3.143300e-01  3.595821e-01  1.425909e+00
-8.488408e-01 -2.462301e-01  2.886823e-01  2.727137e-01
-3.692142e-01 -1.524628e+00  4.071453e-01 -4.243458e-01
-3.778809e-01 -1.014458e+00  9.368796e-01 -3.286999e-01
-9.602236e-01 -1.135185e+00  3.163445e-01 -3.922015e-01
-3.476260e-01 -8.467235e-01  2.913063e-01 -2.501040e-01
-9.608358e-01 -4.105707e-01  9.146392e-01 -9.284176e-01
-1.026805e+00 -4.359514e-01  1.056444e+00 -3.043330e-01
-1.111317e+00 -4.217673e-01  3.010358e-01 -9.770975e-01
-1.435043e+00 -3.716901e-01  3.864630e-01 -3.413763e-01
-3.417881e-01 -1.056747e+00  4.058474e-01 -1.073160e+00
-2.694627e-01 -3.182643e-01  8.714227e-01 -2.973082e-01
-2.880136e-01 -3.665205e-01  2.696404e-01 -8.671455e-01
-3.032700e-01 -3.090517e-01  3.159986e-01 -3.266692e-01
-3.259931e-01 -3.918639e-01  1.037891e+00 -1.101365e+00
-3.706930e-01 -3.476561e-01  1.443874e+00 -3.990628e-01
-4.009216e-01 -3.143300e-01  3.595821e-01 -1.425909e+00
-8.488408e-01 -2.462301e-01  2.886823e-01 -2.727137e-01
-3.692142e-01 -1.524628e+00 -4.071453e-01  4.243458e-01
-3.778809e-01 -1.014458e+00 -9.368796e-01  3.286999e-01
-9.602236e-01 -1.135185e+00 -3.163445e-01  3.922015e-01
-3.476260e-01 -8.467235e-01 -2.913063e-01  2.501040e-01
-9.608358e-01 -4.105707e-01 -9.146392e-01  9.284176e-01
-1.026805e+00 -4.359514e-01 -1.056444e+00  3.043330e-01
-1.111317e+00 -4.217673e-01 -3.010358e-01  9.770975e-01
-1.435043e+00 -3.716901e-01 -3.864630e-01  3.413763e-01
-3.417881e-01 -1.056747e+00 -4.058474e-01  1.073160e+00
-2.694627e-01 -3.182643e-01 -8.714227e-01  2.973082e-01
-2.880136e-01 -3.665205e-01 -2.696404e-01  8.671455e-01
-3.032700e-01 -3.090517e-01 -3.159986e-01  3.266692e-01
-3.259931e-01 -3.918639e-01 -1.037891e+00  1.101365e+00
-3.706930e-01 -3.476561e-01 -1.443874e+00  3.990628e-01
-4.009216e-01 -3.143300e-01 -3.595821e-01  1.425909e+00
-8.488408e-01 -2.462301e-01 -2.886823e-01  2.727137e-01
-3.692142e-01 -1.524628e+00 -4.071453e-01 -4.243458e-01
-3.778809e-01 -1.014458e+00 -9.368796e-01 -3.286999e-01
-9.602236e-01 -1.135185e+00 -3.163445e-01 -3.922015e-01
-3.476260e-01 -8.467235e-01 -2.913063e-01 -2.501040e-01
-9.608358e-01 -4.105707e-01 -9.146392e-01 -9.284176e-01
-1.026805e+00 -4.359514e-01 -1.056444e+00 -3.043330e-01
-1.111317e+00 -4.217673e-01 -3.010358e-01 -9.770975e-01
-1.435043e+00 -3.716901e-01 -3.864630e-01 -3.413763e-01
-3.417881e-01 -1.056747e+00 -4.058474e-01 -1.073160e+00
-2.694627e-01 -3.182643e-01 -8.714227e-01 -2.973082e-01
-2.880136e-01 -3.665205e-01 -2.696404e-01 -8.671455e-01
-3.032700e-01 -3.090517e-01 -3.159986e-01 -3.266692e-01
-3.259931e-01 -3.918639e-01 -1.037891e+00 -1.101365e+00
-3.706930e-01 -3.476561e-01 -1.443874e+00 -3.990628e-01
-4.009216e-01 -3.143300e-01 -3.595821e-01 -1.425909e+00
-8.488408e-01 -2.462301e-01 -2.886823e-01 -2.727137e-01
