 4.820881e-01  4.823888e-01  1.174684e+00  3.966152e-01
 1.173426e+00  3.963145e-01  4.824955e-01  4.815783e-01
 3.977270e-01  1.174742e+00  4.824115e-01  4.823838e-01
 4.805144e-01  4.809215e-01  3.964186e-01  1.173051e+00
 4.820881e-01  4.823888e-01  1.174684e+00 -3.966152e-01
 1.173426e+00  3.963145e-01  4.824955e-01 -4.815783e-01
 3.977270e-01  1.174742e+00  4.824115e-01 -4.823838e-01
 4.805144e-01  4.809215e-01  3.964186e-01 -1.173051e+00
 4.820881e-01  4.823888e-01 -1.174684e+00  3.966152e-01
 1.173426e+00  3.963145e-01 -4.824955e-01  4.815783e-01
 3.977270e-01  1.174742e+00 -4.824115e-01  4.823838e-01
 4.805144e-01  4.809215e-01 -3.964186e-01  1.173051e+00
 4.820881e-01  4.823888e-01 -1.174684e+00 -3.966152e-01
 1.173426e+00  3.963145e-01 -4.824955e-01 -4.815783e-01
 3.977270e-01  1.174742e+00 -4.824115e-01 -4.823838e-01
 4.805144e-01  4.809215e-01 -3.964186e-01 -1.173051e+00
 4.820881e-01 -4.823888e-01  1.174684e+00  3.966152e-01
 1.173426e+00 -3.963145e-01  4.824955e-01  4.815783e-01
 3.977270e-01 -1.174742e+00  4.824115e-01  4.823838e-01
 4.805144e-01 -4.809215e-01  3.964186e-01  1.173051e+00
 4.820881e-01 -4.823888e-01  1.174684e+00 -3.966152e-01
 1.173426e+00 -3.963145e-01  4.824955e-01 -4.815783e-01
 3.977270e-01 -1.174742e+00  4.824115e-01 -4.823838e-01
 4.805144e-01 -4.809215e-01  3.964186e-01 -1.173051e+00
 4.820881e-01 -4.823888e-01 -1.174684e+00  3.966152e-01
 1.173426e+00 -3.963145e-01 -4.824955e-01  4.815783e-01
 3.977270e-01 -1.174742e+00 -4.824115e-01  4.823838e-01
 4.805144e-01 -4.809215e-01 -3.964186e-01  1.173051e+00
 4.820881e-01 -4.823888e-01 -1.174684e+00 -3.966152e-01
 1.173426e+00 -3.963145e-01 -4.824955e-01 -4.815783e-01
 3.977270e-01 -1.174742e+00 -4.824115e-01 -4.823838e-01
 4.805144e-01 -4.809215e-01 -3.964186e-01 -1.173051e+00
-4.820881e-01  4.823888e-01  1.174684e+00  3.966152e-01
-1.173426e+00  3.963145e-01  4.824955e-01  4.815783e-01
-3.977270e-01  1.174742e+00  4.824115e-01  4.823838e-01
-4.805144e-01  4.809215e-01  3.964186e-01  1.173051e+00
-4.820881e-01  4.823888e-01  1.174684e+00 -3.966152e-01
-1.173426e+00  3.963145e-01  4.824955e-01 -4.815783e-01
-3.977270e-01  1.174742e+00  4.824115e-01 -4.823838e-01
-4.805144e-01  4.809215e-01  3.964186e-01 -1.173051e+00
-4.820881e-01  4.823888e-01 -1.174684e+00  3.966152e-01
-1.173426e+00  3.963145e-01 -4.824955e-01  4.815783e-01
-3.977270e-01  1.174742e+00 -4.824115e-01  4.823838e-01
-4.805144e-01  4.809215e-01 -3.964186e-01  1.173051e+00
-4.820881e-01  4.823888e-01 -1.174684e+00 -3.966152e-01
-1.173426e+00  3.963145e-01 -4.824955e-01 -4.815783e-01
-3.977270e-01  1.174742e+00 -4.824115e-01 -4.823838e-01
-4.805144e-01  4.809215e-01 -3.964186e-01 -1.173051e+00
-4.820881e-01 -4.823888e-01  1.174684e+00  3.966152e-01
-1.173426e+00 -3.963145e-01  4.824955e-01  4.815783e-01
-3.977270e-01 -1.174742e+00  4.824115e-01  4.823838e-01
-4.805144e-01 -4.809215e-01  3.964186e-01  1.173051e+00
-4.820881e-01 -4.823888e-01  1.174684e+00 -3.966152e-01
-1.173426e+00 -3.963145e-01  4.824955e-01 -4.815783e-01
-3.977270e-01 -1.174742e+00  4.824115e-01 -4.823838e-01
-4.805144e-01 -4.809215e-01  3.964186e-01 -1.173051e+00
-4.820881e-01 -4.823888e-01 -1.174684e+00  3.966152e-01
-1.173426e+00 -3.963145e-01 -4.824955e-01  4.815783e-01
-3.977270e-01 -1.174742e+00 -4.824115e-01  4.823838e-01
-4.805144e-01 -4.809215e-01 -3.964186e-01  1.173051e+00
-4.820881e-01 -4.823888e-01 -1.174684e+00 -3.966152e-01
-1.173426e+00 -3.963145e-01 -4.824955e-01 -4.815783e-01
-3.977270e-01 -1.174742e+00 -4.824115e-01 -4.823838e-01
-4.805144e-01 -4.809215e-01 -3.964186e-01 -1.173051e+00
