 8.403968e-01  8.542319e-01  8.534896e-01  8.707612e-01
 3.677664e-01  1.026865e+00  1.055875e+00  3.528719e-01
 1.005412e+00  1.041858e+00  3.489245e-01  3.689818e-01
 3.827675e-01  1.467194e+00  3.815281e-01  3.500146e-01
 1.036413e+00  3.484370e-01  3.685819e-01  1.027607e+00
 1.012020e+00  3.345554e-01  1.018814e+00  3.325628e-01
 9.412481e-01  3.283443e-01  2.833705e-01  3.455268e-01
 1.526334e+00  3.741878e-01  3.964297e-01  3.506025e-01
 3.487617e-01  3.648937e-01  1.045645e+00  1.062710e+00
 3.485162e-01  3.708571e-01  1.477305e+00  3.955441e-01
 3.189131e-01  9.687693e-01  3.192698e-01  9.680409e-01
 2.907367e-01  8.635816e-01  3.085033e-01  3.019950e-01
 3.742272e-01  3.484854e-01  3.835722e-01  1.464957e+00
 3.263397e-01  2.979284e-01  8.747447e-01  3.077604e-01
 3.159929e-01  3.066360e-01  3.059017e-01  8.481778e-01
 2.764564e-01  2.856092e-01  2.942325e-01  2.808174e-01
 8.403968e-01  8.542319e-01  8.534896e-01 -8.707612e-01
 3.677664e-01  1.026865e+00  1.055875e+00 -3.528719e-01
 1.005412e+00  1.041858e+00  3.489245e-01 -3.689818e-01
 3.827675e-01  1.467194e+00  3.815281e-01 -3.500146e-01
 1.036413e+00  3.484370e-01  3.685819e-01 -1.027607e+00
 1.012020e+00  3.345554e-01  1.018814e+00 -3.325628e-01
 9.412481e-01  3.283443e-01  2.833705e-01 -3.455268e-01
 1.526334e+00  3.741878e-01  3.964297e-01 -3.506025e-01
 3.487617e-01  3.648937e-01  1.045645e+00 -1.062710e+00
 3.485162e-01  3.708571e-01  1.477305e+00 -3.955441e-01
 3.189131e-01  9.687693e-01  3.192698e-01 -9.680409e-01
 2.907367e-01  8.635816e-01  3.085033e-01 -3.019950e-01
 3.742272e-01  3.484854e-01  3.835722e-01 -1.464957e+00
 3.263397e-01  2.979284e-01  8.747447e-01 -3.077604e-01
 3.159929e-01  3.066360e-01  3.059017e-01 -8.481778e-01
 2.764564e-01  2.856092e-01  2.942325e-01 -2.808174e-01
 8.403968e-01  8.542319e-01 -8.534896e-01  8.707612e-01
 3.677664e-01  1.026865e+00 -1.055875e+00  3.528719e-01
 1.005412e+00  1.041858e+00 -3.489245e-01  3.689818e-01
 3.827675e-01  1.467194e+00 -3.815281e-01  3.500146e-01
 1.036413e+00  3.484370e-01 -3.685819e-01  1.027607e+00
 1.012020e+00  3.345554e-01 -1.018814e+00  3.325628e-01
 9.412481e-01  3.283443e-01 -2.833705e-01  3.455268e-01
 1.526334e+00  3.741878e-01 -3.964297e-01  3.506025e-01
 3.487617e-01  3.648937e-01 -1.045645e+00  1.062710e+00
 3.485162e-01  3.708571e-01 -1.477305e+00  3.955441e-01
 3.189131e-01  9.687693e-01 -3.192698e-01  9.680409e-01
 2.907367e-01  8.635816e-01 -3.085033e-01  3.019950e-01
 3.742272e-01  3.484854e-01 -3.835722e-01  1.464957e+00
 3.263397e-01  2.979284e-01 -8.747447e-01  3.077604e-01
 3.159929e-01  3.066360e-01 -3.059017e-01  8.481778e-01
 2.764564e-01  2.856092e-01 -2.942325e-01  2.808174e-01
 8.403968e-01  8.542319e-01 -8.534896e-01 -8.707612e-01
 3.677664e-01  1.026865e+00 -1.055875e+00 -3.528719e-01
 1.005412e+00  1.041858e+00 -3.489245e-01 -3.689818e-01
 3.827675e-01  1.467194e+00 -3.815281e-01 -3.500146e-01
 1.036413e+00  3.484370e-01 -3.685819e-01 -1.027607e+00
 1.012020e+00  3.345554e-01 -1.018814e+00 -3.325628e-01
 9.412481e-01  3.283443e-01 -2.833705e-01 -3.455268e-01
 1.526334e+00  3.741878e-01 -3.964297e-01 -3.506025e-01
 3.487617e-01  3.648937e-01 -1.045645e+00 -1.062710e+00
 3.485162e-01  3.708571e-01 -1.477305e+00 -3.955441e-01
 3.189131e-01  9.687693e-01 -3.192698e-01 -9.680409e-01
 2.907367e-01  8.635816e-01 -3.085033e-01 -3.019950e-01
 3.742272e-01  3.484854e-01 -3.835722e-01 -1.464957e+00
 3.263397e-01  2.979284e-01 -8.747447e-01 -3.077604e-01
 3.159929e-01  3.066360e-01 -3.059017e-01 -8.481778e-01
 2.764564e-01  2.856092e-01 -2.942325e-01 -2.808174e-01
 8.403968e-01 -8.542319e-01  8.534896e-01  8.707612e-01
 3.677664e-01 -1.026865e+00  1.055875e+00  3.528719e-01
 1.005412e+00 -1.041858e+00  3.489245e-01  3.689818e-01
 3.827675e-01 -1.467194e+00  3.815281e-01  3.500146e-01
 1.036413e+00 -3.484370e-01  3.685819e-01  1.027607e+00
 1.012020e+00 -3.345554e-01  1.018814e+00  3.325628e-01
 9.412481e-01 -3.283443e-01  2.833705e-01  3.455268e-01
 1.526334e+00 -3.741878e-01  3.964297e-01  3.506025e-01
 3.487617e-01 -3.648937e-01  1.045645e+00  1.062710e+00
 3.485162e-01 -3.708571e-01  1.477305e+00  3.955441e-01
 3.189131e-01 -9.687693e-01  3.192698e-01  9.680409e-01
 2.907367e-01 -8.635816e-01  3.085033e-01  3.019950e-01
 3.742272e-01 -3.484854e-01  3.835722e-01  1.464957e+00
 3.263397e-01 -2.979284e-01  8.747447e-01  3.077604e-01
 3.159929e-01 -3.066360e-01  3.059017e-01  8.481778e-01
 2.764564e-01 -2.856092e-01  2.942325e-01  2.808174e-01
 8.403968e-01 -8.542319e-01  8.534896e-01 -8.707612e-01
 3.677664e-01 -1.026865e+00  1.055875e+00 -3.528719e-01
 1.005412e+00 -1.041858e+00  3.489245e-01 -3.689818e-01
 3.827675e-01 -1.467194e+00  3.815281e-01 -3.500146e-01
 1.036413e+00 -3.484370e-01  3.685819e-01 -1.027607e+00
 1.012020e+00 -3.345554e-01  1.018814e+00 -3.325628e-01
 9.412481e-01 -3.283443e-01  2.833705e-01 -3.455268e-01
 1.526334e+00 -3.741878e-01  3.964297e-01 -3.506025e-01
 3.487617e-01 -3.648937e-01  1.045645e+00 -1.062710e+00
 3.485162e-01 -3.708571e-01  1.477305e+00 -3.955441e-01
 3.189131e-01 -9.687693e-01  3.192698e-01 -9.680409e-01
 2.907367e-01 -8.635816e-01  3.085033e-01 -3.019950e-01
 3.742272e-01 -3.484854e-01  3.835722e-01 -1.464957e+00
 3.263397e-01 -2.979284e-01  8.747447e-01 -3.077604e-01
 3.159929e-01 -3.066360e-01  3.059017e-01 -8.481778e-01
 2.764564e-01 -2.856092e-01  2.942325e-01 -2.808174e-01
 8.403968e-01 -8.542319e-01 -8.534896e-01  8.707612e-01
 3.677664e-01 -1.026865e+00 -1.055875e+00  3.528719e-01
 1.005412e+00 -1.041858e+00 -3.489245e-01  3.689818e-01
 3.827675e-01 -1.467194e+00 -3.815281e-01  3.500146e-01
 1.036413e+00 -3.484370e-01 -3.685819e-01  1.027607e+00
 1.012020e+00 -3.345554e-01 -1.018814e+00  3.325628e-01
 9.412481e-01 -3.283443e-01 -2.833705e-01  3.455268e-01
 1.526334e+00 -3.741878e-01 -3.964297e-01  3.506025e-01
 3.487617e-01 -3.648937e-01 -1.045645e+00  1.062710e+00
 3.485162e-01 -3.708571e-01 -1.477305e+00  3.955441e-01
 3.189131e-01 -9.687693e-01 -3.192698e-01  9.680409e-01
 2.907367e-01 -8.635816e-01 -3.085033e-01  3.019950e-01
 3.742272e-01 -3.484854e-01 -3.835722e-01  1.464957e+00
 3.263397e-01 -2.979284e-01 -8.747447e-01  3.077604e-01
 3.159929e-01 -3.066360e-01 -3.059017e-01  8.481778e-01
 2.764564e-01 -2.856092e-01 -2.942325e-01  2.808174e-01
 8.403968e-01 -8.542319e-01 -8.534896e-01 -8.707612e-01
 3.677664e-01 -1.026865e+00 -1.055875e+00 -3.528719e-01
 1.005412e+00 -1.041858e+00 -3.489245e-01 -3.689818e-01
 3.827675e-01 -1.467194e+00 -3.815281e-01 -3.500146e-01
 1.036413e+00 -3.484370e-01 -3.685819e-01 -1.027607e+00
 1.012020e+00 -3.345554e-01 -1.018814e+00 -3.325628e-01
 9.412481e-01 -3.283443e-01 -2.833705e-01 -3.455268e-01
 1.526334e+00 -3.741878e-01 -3.964297e-01 -3.506025e-01
 3.487617e-01 -3.648937e-01 -1.045645e+00 -1.062710e+00
 3.485162e-01 -3.708571e-01 -1.477305e+00 -3.955441e-01
 3.189131e-01 -9.687693e-01 -3.192698e-01 -9.680409e-01
 2.907367e-01 -8.635816e-01 -3.085033e-01 -3.019950e-01
 3.742272e-01 -3.484854e-01 -3.835722e-01 -1.464957e+00
 3.263397e-01 -2.979284e-01 -8.747447e-01 -3.077604e-01
 3.159929e-01 -3.066360e-01 -3.059017e-01 -8.481778e-01
 2.764564e-01 -2.856092e-01 -2.942325e-01 -2.808174e-01
-8.403968e-01  8.542319e-01  8.534896e-01  8.707612e-01
-3.677664e-01  1.026865e+00  1.055875e+00  3.528719e-01
-1.005412e+00  1.041858e+00  3.489245e-01  3.689818e-01
-3.827675e-01  1.467194e+00  3.815281e-01  3.500146e-01
-1.036413e+00  3.484370e-01  3.685819e-01  1.027607e+00
-1.012020e+00  3.345554e-01  1.018814e+00  3.325628e-01
-9.412481e-01  3.283443e-01  2.833705e-01  3.455268e-01
-1.526334e+00  3.741878e-01  3.964297e-01  3.506025e-01
-3.487617e-01  3.648937e-01  1.045645e+00  1.062710e+00
-3.485162e-01  3.708571e-01  1.477305e+00  3.955441e-01
-3.189131e-01  9.687693e-01  3.192698e-01  9.680409e-01
-2.907367e-01  8.635816e-01  3.085033e-01  3.019950e-01
-3.742272e-01  3.484854e-01  3.835722e-01  1.464957e+00
-3.263397e-01  2.979284e-01  8.747447e-01  3.077604e-01
-3.159929e-01  3.066360e-01  3.059017e-01  8.481778e-01
-2.764564e-01  2.856092e-01  2.942325e-01  2.808174e-01
-8.403968e-01  8.542319e-01  8.534896e-01 -8.707612e-01
-3.677664e-01  1.026865e+00  1.055875e+00 -3.528719e-01
-1.005412e+00  1.041858e+00  3.489245e-01 -3.689818e-01
-3.827675e-01  1.467194e+00  3.815281e-01 -3.500146e-01
-1.036413e+00  3.484370e-01  3.685819e-01 -1.027607e+00
-1.012020e+00  3.345554e-01  1.018814e+00 -3.325628e-01
-9.412481e-01  3.283443e-01  2.833705e-01 -3.455268e-01
-1.526334e+00  3.741878e-01  3.964297e-01 -3.506025e-01
-3.487617e-01  3.648937e-01  1.045645e+00 -1.062710e+00
-3.485162e-01  3.708571e-01  1.477305e+00 -3.955441e-01
-3.189131e-01  9.687693e-01  3.192698e-01 -9.680409e-01
-2.907367e-01  8.635816e-01  3.085033e-01 -3.019950e-01
-3.742272e-01  3.484854e-01  3.835722e-01 -1.464957e+00
-3.263397e-01  2.979284e-01  8.747447e-01 -3.077604e-01
-3.159929e-01  3.066360e-01  3.059017e-01 -8.481778e-01
-2.764564e-01  2.856092e-01  2.942325e-01 -2.808174e-01
-8.403968e-01  8.542319e-01 -8.534896e-01  8.707612e-01
-3.677664e-01  1.026865e+00 -1.055875e+00  3.528719e-01
-1.005412e+00  1.041858e+00 -3.489245e-01  3.689818e-01
-3.827675e-01  1.467194e+00 -3.815281e-01  3.500146e-01
-1.036413e+00  3.484370e-01 -3.685819e-01  1.027607e+00
-1.012020e+00  3.345554e-01 -1.018814e+00  3.325628e-01
-9.412481e-01  3.283443e-01 -2.833705e-01  3.455268e-01
-1.526334e+00  3.741878e-01 -3.964297e-01  3.506025e-01
-3.487617e-01  3.648937e-01 -1.045645e+00  1.062710e+00
-3.485162e-01  3.708571e-01 -1.477305e+00  3.955441e-01
-3.189131e-01  9.687693e-01 -3.192698e-01  9.680409e-01
-2.907367e-01  8.635816e-01 -3.085033e-01  3.019950e-01
-3.742272e-01  3.484854e-01 -3.835722e-01  1.464957e+00
-3.263397e-01  2.979284e-01 -8.747447e-01  3.077604e-01
-3.159929e-01  3.066360e-01 -3.059017e-01  8.481778e-01
-2.764564e-01  2.856092e-01 -2.942325e-01  2.808174e-01
-8.403968e-01  8.542319e-01 -8.534896e-01 -8.707612e-01
-3.677664e-01  1.026865e+00 -1.055875e+00 -3.528719e-01
-1.005412e+00  1.041858e+00 -3.489245e-01 -3.689818e-01
-3.827675e-01  1.467194e+00 -3.815281e-01 -3.500146e-01
-1.036413e+00  3.484370e-01 -3.685819e-01 -1.027607e+00
-1.012020e+00  3.345554e-01 -1.018814e+00 -3.325628e-01
-9.412481e-01  3.283443e-01 -2.833705e-01 -3.455268e-01
-1.526334e+00  3.741878e-01 -3.964297e-01 -3.506025e-01
-3.487617e-01  3.648937e-01 -1.045645e+00 -1.062710e+00
-3.485162e-01  3.708571e-01 -1.477305e+00 -3.955441e-01
-3.189131e-01  9.687693e-01 -3.192698e-01 -9.680409e-01
-2.907367e-01  8.635816e-01 -3.085033e-01 -3.019950e-01
-3.742272e-01  3.484854e-01 -3.835722e-01 -1.464957e+00
-3.263397e-01  2.979284e-01 -8.747447e-01 -3.077604e-01
-3.159929e-01  3.066360e-01 -3.059017e-01 -8.481778e-01
-2.764564e-01  2.856092e-01 -2.942325e-01 -2.808174e-01
-8.403968e-01 -8.542319e-01  8.534896e-01  8.707612e-01
-3.677664e-01 -1.026865e+00  1.055875e+00  3.528719e-01
-1.005412e+00 -1.041858e+00  3.489245e-01  3.689818e-01
-3.827675e-01 -1.467194e+00  3.815281e-01  3.500146e-01
-1.036413e+00 -3.484370e-01  3.685819e-01  1.027607e+00
-1.012020e+00 -3.345554e-01  1.018814e+00  3.325628e-01
-9.412481e-01 -3.283443e-01  2.833705e-01  3.455268e-01
-1.526334e+00 -3.741878e-01  3.964297e-01  3.506025e-01
-3.487617e-01 -3.648937e-01  1.045645e+00  1.062710e+00
-3.485162e-01 -3.708571e-01  1.477305e+00  3.955441e-01
-3.189131e-01 -9.687693e-01  3.192698e-01  9.680409e-01
-2.907367e-01 -8.635816e-01  3.085033e-01  3.019950e-01
-3.742272e-01 -3.484854e-01  3.835722e-01  1.464957e+00
-3.263397e-01 -2.979284e-01  8.747447e-01  3.077604e-01
-3.159929e-01 -3.066360e-01  3.059017e-01  8.481778e-01
-2.764564e-01 -2.856092e-01  2.942325e-01  2.808174e-01
-8.403968e-01 -8.542319e-01  8.534896e-01 -8.707612e-01
-3.677664e-01 -1.026865e+00  1.055875e+00 -3.528719e-01
-1.005412e+00 -1.041858e+00  3.489245e-01 -3.689818e-01
-3.827675e-01 -1.467194e+00  3.815281e-01 -3.500146e-01
-1.036413e+00 -3.484370e-01  3.685819e-01 -1.027607e+00
-1.012020e+00 -3.345554e-01  1.018814e+00 -3.325628e-01
-9.412481e-01 -3.283443e-01  2.833705e-01 -3.455268e-01
-1.526334e+00 -3.741878e-01  3.964297e-01 -3.506025e-01
-3.487617e-01 -3.648937e-01  1.045645e+00 -1.062710e+00
-3.485162e-01 -3.708571e-01  1.477305e+00 -3.955441e-01
-3.189131e-01 -9.687693e-01  3.192698e-01 -9.680409e-01
-2.907367e-01 -8.635816e-01  3.085033e-01 -3.019950e-01
-3.742272e-01 -3.484854e-01  3.835722e-01 -1.464957e+00
-3.263397e-01 -2.979284e-01  8.747447e-01 -3.077604e-01
-3.159929e-01 -3.066360e-01  3.059017e-01 -8.481778e-01
-2.764564e-01 -2.856092e-01  2.942325e-01 -2.808174e-01
-8.403968e-01 -8.542319e-01 -8.534896e-01  8.707612e-01
-3.677664e-01 -1.026865e+00 -1.055875e+00  3.528719e-01
-1.005412e+00 -1.041858e+00 -3.489245e-01  3.689818e-01
-3.827675e-01 -1.467194e+00 -3.815281e-01  3.500146e-01
-1.036413e+00 -3.484370e-01 -3.685819e-01  1.027607e+00
-1.012020e+00 -3.345554e-01 -1.018814e+00  3.325628e-01
-9.412481e-01 -3.283443e-01 -2.833705e-01  3.455268e-01
-1.526334e+00 -3.741878e-01 -3.964297e-01  3.506025e-01
-3.487617e-01 -3.648937e-01 -1.045645e+00  1.062710e+00
-3.485162e-01 -3.708571e-01 -1.477305e+00  3.955441e-01
-3.189131e-01 -9.687693e-01 -3.192698e-01  9.680409e-01
-2.907367e-01 -8.635816e-01 -3.085033e-01  3.019950e-01
-3.742272e-01 -3.484854e-01 -3.835722e-01  1.464957e+00
-3.263397e-01 -2.979284e-01 -8.747447e-01  3.077604e-01
-3.159929e-01 -3.066360e-01 -3.059017e-01  8.481778e-01
-2.764564e-01 -2.856092e-01 -2.942325e-01  2.808174e-01
-8.403968e-01 -8.542319e-01 -8.534896e-01 -8.707612e-01
-3.677664e-01 -1.026865e+00 -1.055875e+00 -3.528719e-01
-1.005412e+00 -1.041858e+00 -3.489245e-01 -3.689818e-01
-3.827675e-01 -1.467194e+00 -3.815281e-01 -3.500146e-01
-1.036413e+00 -3.484370e-01 -3.685819e-01 -1.027607e+00
-1.012020e+00 -3.345554e-01 -1.018814e+00 -3.325628e-01
-9.412481e-01 -3.283443e-01 -2.833705e-01 -3.455268e-01
-1.526334e+00 -3.741878e-01 -3.964297e-01 -3.506025e-01
-3.487617e-01 -3.648937e-01 -1.045645e+00 -1.062710e+00
-3.485162e-01 -3.708571e-01 -1.477305e+00 -3.955441e-01
-3.189131e-01 -9.687693e-01 -3.192698e-01 -9.680409e-01
-2.907367e-01 -8.635816e-01 -3.085033e-01 -3.019950e-01
-3.742272e-01 -3.484854e-01 -3.835722e-01 -1.464957e+00
-3.263397e-01 -2.979284e-01 -8.747447e-01 -3.077604e-01
-3.159929e-01 -3.066360e-01 -3.059017e-01 -8.481778e-01
-2.764564e-01 -2.856092e-01 -2.942325e-01 -2.808174e-01
