 4.677697e-01  4.315244e-01  1.174812e+00  4.721966e-01
 1.172899e+00  4.705618e-01  4.668038e-01  4.306745e-01
 4.303426e-01  4.661454e-01  4.703684e-01  1.171159e+00
 4.711882e-01  1.170872e+00  4.310628e-01  4.660462e-01
 4.677697e-01  4.315244e-01  1.174812e+00 -4.721966e-01
 1.172899e+00  4.705618e-01  4.668038e-01 -4.306745e-01
 4.303426e-01  4.661454e-01  4.703684e-01 -1.171159e+00
 4.711882e-01  1.170872e+00  4.310628e-01 -4.660462e-01
 4.677697e-01  4.315244e-01 -1.174812e+00  4.721966e-01
 1.172899e+00  4.705618e-01 -4.668038e-01  4.306745e-01
 4.303426e-01  4.661454e-01 -4.703684e-01  1.171159e+00
 4.711882e-01  1.170872e+00 -4.310628e-01  4.660462e-01
 4.677697e-01  4.315244e-01 -1.174812e+00 -4.721966e-01
 1.172899e+00  4.705618e-01 -4.668038e-01 -4.306745e-01
 4.303426e-01  4.661454e-01 -4.703684e-01 -1.171159e+00
 4.711882e-01  1.170872e+00 -4.310628e-01 -4.660462e-01
 4.677697e-01 -4.315244e-01  1.174812e+00  4.721966e-01
 1.172899e+00 -4.705618e-01  4.668038e-01  4.306745e-01
 4.303426e-01 -4.661454e-01  4.703684e-01  1.171159e+00
 4.711882e-01 -1.170872e+00  4.310628e-01  4.660462e-01
 4.677697e-01 -4.315244e-01  1.174812e+00 -4.721966e-01
 1.172899e+00 -4.705618e-01  4.668038e-01 -4.306745e-01
 4.303426e-01 -4.661454e-01  4.703684e-01 -1.171159e+00
 4.711882e-01 -1.170872e+00  4.310628e-01 -4.660462e-01
 4.677697e-01 -4.315244e-01 -1.174812e+00  4.721966e-01
 1.172899e+00 -4.705618e-01 -4.668038e-01  4.306745e-01
 4.303426e-01 -4.661454e-01 -4.703684e-01  1.171159e+00
 4.711882e-01 -1.170872e+00 -4.310628e-01  4.660462e-01
 4.677697e-01 -4.315244e-01 -1.174812e+00 -4.721966e-01
 1.172899e+00 -4.705618e-01 -4.668038e-01 -4.306745e-01
 4.303426e-01 -4.661454e-01 -4.703684e-01 -1.171159e+00
 4.711882e-01 -1.170872e+00 -4.310628e-01 -4.660462e-01
-4.677697e-01  4.315244e-01  1.174812e+00  4.721966e-01
-1.172899e+00  4.705618e-01  4.668038e-01  4.306745e-01
-4.303426e-01  4.661454e-01  4.703684e-01  1.171159e+00
-4.711882e-01  1.170872e+00  4.310628e-01  4.660462e-01
-4.677697e-01  4.315244e-01  1.174812e+00 -4.721966e-01
-1.172899e+00  4.705618e-01  4.668038e-01 -4.306745e-01
-4.303426e-01  4.661454e-01  4.703684e-01 -1.171159e+00
-4.711882e-01  1.170872e+00  4.310628e-01 -4.660462e-01
-4.677697e-01  4.315244e-01 -1.174812e+00  4.721966e-01
-1.172899e+00  4.705618e-01 -4.668038e-01  4.306745e-01
-4.303426e-01  4.661454e-01 -4.703684e-01  1.171159e+00
-4.711882e-01  1.170872e+00 -4.310628e-01  4.660462e-01
-4.677697e-01  4.315244e-01 -1.174812e+00 -4.721966e-01
-1.172899e+00  4.705618e-01 -4.668038e-01 -4.306745e-01
-4.303426e-01  4.661454e-01 -4.703684e-01 -1.171159e+00
-4.711882e-01  1.170872e+00 -4.310628e-01 -4.660462e-01
-4.677697e-01 -4.315244e-01  1.174812e+00  4.721966e-01
-1.172899e+00 -4.705618e-01  4.668038e-01  4.306745e-01
-4.303426e-01 -4.661454e-01  4.703684e-01  1.171159e+00
-4.711882e-01 -1.170872e+00  4.310628e-01  4.660462e-01
-4.677697e-01 -4.315244e-01  1.174812e+00 -4.721966e-01
-1.172899e+00 -4.705618e-01  4.668038e-01 -4.306745e-01
-4.303426e-01 -4.661454e-01  4.703684e-01 -1.171159e+00
-4.711882e-01 -1.170872e+00  4.310628e-01 -4.660462e-01
-4.677697e-01 -4.315244e-01 -1.174812e+00  4.721966e-01
-1.172899e+00 -4.705618e-01 -4.668038e-01  4.306745e-01
-4.303426e-01 -4.661454e-01 -4.703684e-01  1.171159e+00
-4.711882e-01 -1.170872e+00 -4.310628e-01  4.660462e-01
-4.677697e-01 -4.315244e-01 -1.174812e+00 -4.721966e-01
-1.172899e+00 -4.705618e-01 -4.668038e-01 -4.306745e-01
-4.303426e-01 -4.661454e-01 -4.703684e-01 -1.171159e+00
-4.711882e-01 -1.170872e+00 -4.310628e-01 -4.660462e-01
