 4.670813e-01  4.668505e-01  1.169447e+00  4.427798e-01
 1.169886e+00  4.425392e-01  4.678315e-01  4.665083e-01
 4.434624e-01  1.169733e+00  4.667641e-01  4.657720e-01
 4.664758e-01  4.674098e-01  4.429098e-01  1.169303e+00
 4.670813e-01  4.668505e-01  1.169447e+00 -4.427798e-01
 1.169886e+00  4.425392e-01  4.678315e-01 -4.665083e-01
 4.434624e-01  1.169733e+00  4.667641e-01 -4.657720e-01
 4.664758e-01  4.674098e-01  4.429098e-01 -1.169303e+00
 4.670813e-01  4.668505e-01 -1.169447e+00  4.427798e-01
 1.169886e+00  4.425392e-01 -4.678315e-01  4.665083e-01
 4.434624e-01  1.169733e+00 -4.667641e-01  4.657720e-01
 4.664758e-01  4.674098e-01 -4.429098e-01  1.169303e+00
 4.670813e-01  4.668505e-01 -1.169447e+00 -4.427798e-01
 1.169886e+00  4.425392e-01 -4.678315e-01 -4.665083e-01
 4.434624e-01  1.169733e+00 -4.667641e-01 -4.657720e-01
 4.664758e-01  4.674098e-01 -4.429098e-01 -1.169303e+00
 4.670813e-01 -4.668505e-01  1.169447e+00  4.427798e-01
 1.169886e+00 -4.425392e-01  4.678315e-01  4.665083e-01
 4.434624e-01 -1.169733e+00  4.667641e-01  4.657720e-01
 4.664758e-01 -4.674098e-01  4.429098e-01  1.169303e+00
 4.670813e-01 -4.668505e-01  1.169447e+00 -4.427798e-01
 1.169886e+00 -4.425392e-01  4.678315e-01 -4.665083e-01
 4.434624e-01 -1.169733e+00  4.667641e-01 -4.657720e-01
 4.664758e-01 -4.674098e-01  4.429098e-01 -1.169303e+00
 4.670813e-01 -4.668505e-01 -1.169447e+00  4.427798e-01
 1.169886e+00 -4.425392e-01 -4.678315e-01  4.665083e-01
 4.434624e-01 -1.169733e+00 -4.667641e-01  4.657720e-01
 4.664758e-01 -4.674098e-01 -4.429098e-01  1.169303e+00
 4.670813e-01 -4.668505e-01 -1.169447e+00 -4.427798e-01
 1.169886e+00 -4.425392e-01 -4.678315e-01 -4.665083e-01
 4.434624e-01 -1.169733e+00 -4.667641e-01 -4.657720e-01
 4.664758e-01 -4.674098e-01 -4.429098e-01 -1.169303e+00
-4.670813e-01  4.668505e-01  1.169447e+00  4.427798e-01
-1.169886e+00  4.425392e-01  4.678315e-01  4.665083e-01
-4.434624e-01  1.169733e+00  4.667641e-01  4.657720e-01
-4.664758e-01  4.674098e-01  4.429098e-01  1.169303e+00
-4.670813e-01  4.668505e-01  1.169447e+00 -4.427798e-01
-1.169886e+00  4.425392e-01  4.678315e-01 -4.665083e-01
-4.434624e-01  1.169733e+00  4.667641e-01 -4.657720e-01
-4.664758e-01  4.674098e-01  4.429098e-01 -1.169303e+00
-4.670813e-01  4.668505e-01 -1.169447e+00  4.427798e-01
-1.169886e+00  4.425392e-01 -4.678315e-01  4.665083e-01
-4.434624e-01  1.169733e+00 -4.667641e-01  4.657720e-01
-4.664758e-01  4.674098e-01 -4.429098e-01  1.169303e+00
-4.670813e-01  4.668505e-01 -1.169447e+00 -4.427798e-01
-1.169886e+00  4.425392e-01 -4.678315e-01 -4.665083e-01
-4.434624e-01  1.169733e+00 -4.667641e-01 -4.657720e-01
-4.664758e-01  4.674098e-01 -4.429098e-01 -1.169303e+00
-4.670813e-01 -4.668505e-01  1.169447e+00  4.427798e-01
-1.169886e+00 -4.425392e-01  4.678315e-01  4.665083e-01
-4.434624e-01 -1.169733e+00  4.667641e-01  4.657720e-01
-4.664758e-01 -4.674098e-01  4.429098e-01  1.169303e+00
-4.670813e-01 -4.668505e-01  1.169447e+00 -4.427798e-01
-1.169886e+00 -4.425392e-01  4.678315e-01 -4.665083e-01
-4.434624e-01 -1.169733e+00  4.667641e-01 -4.657720e-01
-4.664758e-01 -4.674098e-01  4.429098e-01 -1.169303e+00
-4.670813e-01 -4.668505e-01 -1.169447e+00  4.427798e-01
-1.169886e+00 -4.425392e-01 -4.678315e-01  4.665083e-01
-4.434624e-01 -1.169733e+00 -4.667641e-01  4.657720e-01
-4.664758e-01 -4.674098e-01 -4.429098e-01  1.169303e+00
-4.670813e-01 -4.668505e-01 -1.169447e+00 -4.427798e-01
-1.169886e+00 -4.425392e-01 -4.678315e-01 -4.665083e-01
-4.434624e-01 -1.169733e+00 -4.667641e-01 -4.657720e-01
-4.664758e-01 -4.674098e-01 -4.429098e-01 -1.169303e+00
