 2.655341e-01  1.023085e+00  2.595607e-01  9.304802e-01
 2.246916e-01  8.574599e-01  3.536390e-01  1.433967e+00
 2.586013e-01  9.572810e-01  8.982276e-01  8.321137e-01
 2.744491e-01  9.376833e-01  1.238012e+00  3.132157e-01
 3.121159e-01  1.000354e+00  1.859639e-01  4.467611e-01
 1.193399e+00  1.334039e+00  2.859599e-01  2.797955e-01
 2.741013e-01  9.821416e-01  5.633330e-01  3.579859e-01
 3.203810e-01  9.415118e-01  7.744268e-01  1.661219e-01
 3.247683e-01  1.440673e+00  2.589504e-01  9.161709e-01
 2.589447e-01  3.028471e-01  3.832543e-01  1.729877e+00
 3.060432e-01  1.384816e+00  7.839199e-01  8.094373e-01
 3.411112e-01  1.424102e+00  1.120599e+00  3.255003e-01
 2.916492e-01  1.296398e+00  1.687616e-01  3.184148e-01
 5.111646e-01  1.667375e+00  2.521636e-01  2.552525e-01
 2.532011e-01  1.270173e+00  4.869631e-01  2.881353e-01
 3.954064e-01  1.409821e+00  6.764286e-01  1.842049e-01
 9.116121e-01  8.920025e-01  2.839158e-01  1.000645e+00
 7.036371e-01  7.746223e-01  3.201756e-01  1.405929e+00
 8.186906e-01  8.223106e-01  9.266765e-01  8.714087e-01
 7.919968e-01  8.018895e-01  1.329439e+00  3.326200e-01
 9.573345e-01  8.525295e-01  2.414574e-01  5.770173e-01
 1.081010e+00  8.615053e-01  2.310660e-01  2.023744e-01
 9.341800e-01  8.244454e-01  6.835591e-01  5.055130e-01
 9.733814e-01  8.456274e-01  7.718875e-01  1.912603e-01
 1.248994e+00  3.185076e-01  3.061620e-01  1.102235e+00
 8.400154e-01  2.745311e-01  3.878340e-01  1.538353e+00
 1.092204e+00  2.994659e-01  1.004995e+00  9.358266e-01
 1.058041e+00  2.976791e-01  1.343429e+00  3.163948e-01
 1.404125e+00  3.385967e-01  2.539262e-01  6.324914e-01
 1.473391e+00  3.463604e-01  2.437748e-01  2.015994e-01
 1.351105e+00  3.353434e-01  7.333100e-01  5.668853e-01
 1.336769e+00  3.237189e-01  8.004958e-01  1.957162e-01
 2.120158e-01  6.253561e-01  2.657202e-01  8.606896e-01
 1.795658e-01  4.674456e-01  2.579735e-01  1.132701e+00
 2.197073e-01  5.748903e-01  8.507202e-01  7.548954e-01
 1.936885e-01  5.341769e-01  1.223884e+00  3.026283e-01
 2.493216e-01  5.919825e-01  2.053336e-01  4.739640e-01
 2.752945e-01  5.200850e-01  1.823848e-01  1.604995e-01
 2.421681e-01  5.909517e-01  5.897601e-01  4.209554e-01
 2.597185e-01  5.577818e-01  6.768056e-01  1.680325e-01
 2.370104e-01  2.520278e-01  1.129320e+00  1.262142e+00
 1.808845e-01  1.708957e-01  3.743499e-01  1.258995e+00
 2.147352e-01  1.966615e-01  9.386529e-01  7.756299e-01
 2.174223e-01  1.896978e-01  1.148105e+00  2.840610e-01
 2.259680e-01  1.550090e-01  2.143446e-01  4.968713e-01
 2.622775e-01  1.699269e-01  1.960096e-01  1.774701e-01
 2.210298e-01  1.653914e-01  6.056802e-01  4.624498e-01
 2.398834e-01  1.790022e-01  6.906803e-01  1.803680e-01
 6.293977e-01  5.105052e-01  2.642126e-01  8.933747e-01
 5.073546e-01  4.273537e-01  2.349486e-01  1.128119e+00
 5.995625e-01  5.123230e-01  8.067032e-01  7.832895e-01
 3.496774e-01  3.629974e-01  1.678662e+00  3.754726e-01
 7.139639e-01  5.336500e-01  2.232195e-01  5.259777e-01
 7.723665e-01  5.211448e-01  1.983520e-01  1.674505e-01
 6.859971e-01  5.215278e-01  6.157688e-01  4.671901e-01
 7.153164e-01  5.072871e-01  6.557957e-01  1.726116e-01
 7.895992e-01  1.784260e-01  2.781956e-01  9.096241e-01
 5.653463e-01  1.677673e-01  2.837906e-01  1.192233e+00
 6.628917e-01  1.920640e-01  9.035432e-01  7.841212e-01
 6.202832e-01  1.735731e-01  1.252582e+00  3.066848e-01
 8.326132e-01  1.792554e-01  2.307859e-01  5.414764e-01
 8.936812e-01  1.810808e-01  2.080979e-01  1.810626e-01
 7.612398e-01  1.820420e-01  6.501819e-01  4.749409e-01
 7.836666e-01  1.823686e-01  7.194544e-01  1.783713e-01
 2.655341e-01  1.023085e+00  2.595607e-01 -9.304802e-01
 2.246916e-01  8.574599e-01  3.536390e-01 -1.433967e+00
 2.586013e-01  9.572810e-01  8.982276e-01 -8.321137e-01
 2.744491e-01  9.376833e-01  1.238012e+00 -3.132157e-01
 3.121159e-01  1.000354e+00  1.859639e-01 -4.467611e-01
 1.193399e+00  1.334039e+00  2.859599e-01 -2.797955e-01
 2.741013e-01  9.821416e-01  5.633330e-01 -3.579859e-01
 3.203810e-01  9.415118e-01  7.744268e-01 -1.661219e-01
 3.247683e-01  1.440673e+00  2.589504e-01 -9.161709e-01
 2.589447e-01  3.028471e-01  3.832543e-01 -1.729877e+00
 3.060432e-01  1.384816e+00  7.839199e-01 -8.094373e-01
 3.411112e-01  1.424102e+00  1.120599e+00 -3.255003e-01
 2.916492e-01  1.296398e+00  1.687616e-01 -3.184148e-01
 5.111646e-01  1.667375e+00  2.521636e-01 -2.552525e-01
 2.532011e-01  1.270173e+00  4.869631e-01 -2.881353e-01
 3.954064e-01  1.409821e+00  6.764286e-01 -1.842049e-01
 9.116121e-01  8.920025e-01  2.839158e-01 -1.000645e+00
 7.036371e-01  7.746223e-01  3.201756e-01 -1.405929e+00
 8.186906e-01  8.223106e-01  9.266765e-01 -8.714087e-01
 7.919968e-01  8.018895e-01  1.329439e+00 -3.326200e-01
 9.573345e-01  8.525295e-01  2.414574e-01 -5.770173e-01
 1.081010e+00  8.615053e-01  2.310660e-01 -2.023744e-01
 9.341800e-01  8.244454e-01  6.835591e-01 -5.055130e-01
 9.733814e-01  8.456274e-01  7.718875e-01 -1.912603e-01
 1.248994e+00  3.185076e-01  3.061620e-01 -1.102235e+00
 8.400154e-01  2.745311e-01  3.878340e-01 -1.538353e+00
 1.092204e+00  2.994659e-01  1.004995e+00 -9.358266e-01
 1.058041e+00  2.976791e-01  1.343429e+00 -3.163948e-01
 1.404125e+00  3.385967e-01  2.539262e-01 -6.324914e-01
 1.473391e+00  3.463604e-01  2.437748e-01 -2.015994e-01
 1.351105e+00  3.353434e-01  7.333100e-01 -5.668853e-01
 1.336769e+00  3.237189e-01  8.004958e-01 -1.957162e-01
 2.120158e-01  6.253561e-01  2.657202e-01 -8.606896e-01
 1.795658e-01  4.674456e-01  2.579735e-01 -1.132701e+00
 2.197073e-01  5.748903e-01  8.507202e-01 -7.548954e-01
 1.936885e-01  5.341769e-01  1.223884e+00 -3.026283e-01
 2.493216e-01  5.919825e-01  2.053336e-01 -4.739640e-01
 2.752945e-01  5.200850e-01  1.823848e-01 -1.604995e-01
 2.421681e-01  5.909517e-01  5.897601e-01 -4.209554e-01
 2.597185e-01  5.577818e-01  6.768056e-01 -1.680325e-01
 2.370104e-01  2.520278e-01  1.129320e+00 -1.262142e+00
 1.808845e-01  1.708957e-01  3.743499e-01 -1.258995e+00
 2.147352e-01  1.966615e-01  9.386529e-01 -7.756299e-01
 2.174223e-01  1.896978e-01  1.148105e+00 -2.840610e-01
 2.259680e-01  1.550090e-01  2.143446e-01 -4.968713e-01
 2.622775e-01  1.699269e-01  1.960096e-01 -1.774701e-01
 2.210298e-01  1.653914e-01  6.056802e-01 -4.624498e-01
 2.398834e-01  1.790022e-01  6.906803e-01 -1.803680e-01
 6.293977e-01  5.105052e-01  2.642126e-01 -8.933747e-01
 5.073546e-01  4.273537e-01  2.349486e-01 -1.128119e+00
 5.995625e-01  5.123230e-01  8.067032e-01 -7.832895e-01
 3.496774e-01  3.629974e-01  1.678662e+00 -3.754726e-01
 7.139639e-01  5.336500e-01  2.232195e-01 -5.259777e-01
 7.723665e-01  5.211448e-01  1.983520e-01 -1.674505e-01
 6.859971e-01  5.215278e-01  6.157688e-01 -4.671901e-01
 7.153164e-01  5.072871e-01  6.557957e-01 -1.726116e-01
 7.895992e-01  1.784260e-01  2.781956e-01 -9.096241e-01
 5.653463e-01  1.677673e-01  2.837906e-01 -1.192233e+00
 6.628917e-01  1.920640e-01  9.035432e-01 -7.841212e-01
 6.202832e-01  1.735731e-01  1.252582e+00 -3.066848e-01
 8.326132e-01  1.792554e-01  2.307859e-01 -5.414764e-01
 8.936812e-01  1.810808e-01  2.080979e-01 -1.810626e-01
 7.612398e-01  1.820420e-01  6.501819e-01 -4.749409e-01
 7.836666e-01  1.823686e-01  7.194544e-01 -1.783713e-01
 2.655341e-01  1.023085e+00 -2.595607e-01  9.304802e-01
 2.246916e-01  8.574599e-01 -3.536390e-01  1.433967e+00
 2.586013e-01  9.572810e-01 -8.982276e-01  8.321137e-01
 2.744491e-01  9.376833e-01 -1.238012e+00  3.132157e-01
 3.121159e-01  1.000354e+00 -1.859639e-01  4.467611e-01
 1.193399e+00  1.334039e+00 -2.859599e-01  2.797955e-01
 2.741013e-01  9.821416e-01 -5.633330e-01  3.579859e-01
 3.203810e-01  9.415118e-01 -7.744268e-01  1.661219e-01
 3.247683e-01  1.440673e+00 -2.589504e-01  9.161709e-01
 2.589447e-01  3.028471e-01 -3.832543e-01  1.729877e+00
 3.060432e-01  1.384816e+00 -7.839199e-01  8.094373e-01
 3.411112e-01  1.424102e+00 -1.120599e+00  3.255003e-01
 2.916492e-01  1.296398e+00 -1.687616e-01  3.184148e-01
 5.111646e-01  1.667375e+00 -2.521636e-01  2.552525e-01
 2.532011e-01  1.270173e+00 -4.869631e-01  2.881353e-01
 3.954064e-01  1.409821e+00 -6.764286e-01  1.842049e-01
 9.116121e-01  8.920025e-01 -2.839158e-01  1.000645e+00
 7.036371e-01  7.746223e-01 -3.201756e-01  1.405929e+00
 8.186906e-01  8.223106e-01 -9.266765e-01  8.714087e-01
 7.919968e-01  8.018895e-01 -1.329439e+00  3.326200e-01
 9.573345e-01  8.525295e-01 -2.414574e-01  5.770173e-01
 1.081010e+00  8.615053e-01 -2.310660e-01  2.023744e-01
 9.341800e-01  8.244454e-01 -6.835591e-01  5.055130e-01
 9.733814e-01  8.456274e-01 -7.718875e-01  1.912603e-01
 1.248994e+00  3.185076e-01 -3.061620e-01  1.102235e+00
 8.400154e-01  2.745311e-01 -3.878340e-01  1.538353e+00
 1.092204e+00  2.994659e-01 -1.004995e+00  9.358266e-01
 1.058041e+00  2.976791e-01 -1.343429e+00  3.163948e-01
 1.404125e+00  3.385967e-01 -2.539262e-01  6.324914e-01
 1.473391e+00  3.463604e-01 -2.437748e-01  2.015994e-01
 1.351105e+00  3.353434e-01 -7.333100e-01  5.668853e-01
 1.336769e+00  3.237189e-01 -8.004958e-01  1.957162e-01
 2.120158e-01  6.253561e-01 -2.657202e-01  8.606896e-01
 1.795658e-01  4.674456e-01 -2.579735e-01  1.132701e+00
 2.197073e-01  5.748903e-01 -8.507202e-01  7.548954e-01
 1.936885e-01  5.341769e-01 -1.223884e+00  3.026283e-01
 2.493216e-01  5.919825e-01 -2.053336e-01  4.739640e-01
 2.752945e-01  5.200850e-01 -1.823848e-01  1.604995e-01
 2.421681e-01  5.909517e-01 -5.897601e-01  4.209554e-01
 2.597185e-01  5.577818e-01 -6.768056e-01  1.680325e-01
 2.370104e-01  2.520278e-01 -1.129320e+00  1.262142e+00
 1.808845e-01  1.708957e-01 -3.743499e-01  1.258995e+00
 2.147352e-01  1.966615e-01 -9.386529e-01  7.756299e-01
 2.174223e-01  1.896978e-01 -1.148105e+00  2.840610e-01
 2.259680e-01  1.550090e-01 -2.143446e-01  4.968713e-01
 2.622775e-01  1.699269e-01 -1.960096e-01  1.774701e-01
 2.210298e-01  1.653914e-01 -6.056802e-01  4.624498e-01
 2.398834e-01  1.790022e-01 -6.906803e-01  1.803680e-01
 6.293977e-01  5.105052e-01 -2.642126e-01  8.933747e-01
 5.073546e-01  4.273537e-01 -2.349486e-01  1.128119e+00
 5.995625e-01  5.123230e-01 -8.067032e-01  7.832895e-01
 3.496774e-01  3.629974e-01 -1.678662e+00  3.754726e-01
 7.139639e-01  5.336500e-01 -2.232195e-01  5.259777e-01
 7.723665e-01  5.211448e-01 -1.983520e-01  1.674505e-01
 6.859971e-01  5.215278e-01 -6.157688e-01  4.671901e-01
 7.153164e-01  5.072871e-01 -6.557957e-01  1.726116e-01
 7.895992e-01  1.784260e-01 -2.781956e-01  9.096241e-01
 5.653463e-01  1.677673e-01 -2.837906e-01  1.192233e+00
 6.628917e-01  1.920640e-01 -9.035432e-01  7.841212e-01
 6.202832e-01  1.735731e-01 -1.252582e+00  3.066848e-01
 8.326132e-01  1.792554e-01 -2.307859e-01  5.414764e-01
 8.936812e-01  1.810808e-01 -2.080979e-01  1.810626e-01
 7.612398e-01  1.820420e-01 -6.501819e-01  4.749409e-01
 7.836666e-01  1.823686e-01 -7.194544e-01  1.783713e-01
 2.655341e-01  1.023085e+00 -2.595607e-01 -9.304802e-01
 2.246916e-01  8.574599e-01 -3.536390e-01 -1.433967e+00
 2.586013e-01  9.572810e-01 -8.982276e-01 -8.321137e-01
 2.744491e-01  9.376833e-01 -1.238012e+00 -3.132157e-01
 3.121159e-01  1.000354e+00 -1.859639e-01 -4.467611e-01
 1.193399e+00  1.334039e+00 -2.859599e-01 -2.797955e-01
 2.741013e-01  9.821416e-01 -5.633330e-01 -3.579859e-01
 3.203810e-01  9.415118e-01 -7.744268e-01 -1.661219e-01
 3.247683e-01  1.440673e+00 -2.589504e-01 -9.161709e-01
 2.589447e-01  3.028471e-01 -3.832543e-01 -1.729877e+00
 3.060432e-01  1.384816e+00 -7.839199e-01 -8.094373e-01
 3.411112e-01  1.424102e+00 -1.120599e+00 -3.255003e-01
 2.916492e-01  1.296398e+00 -1.687616e-01 -3.184148e-01
 5.111646e-01  1.667375e+00 -2.521636e-01 -2.552525e-01
 2.532011e-01  1.270173e+00 -4.869631e-01 -2.881353e-01
 3.954064e-01  1.409821e+00 -6.764286e-01 -1.842049e-01
 9.116121e-01  8.920025e-01 -2.839158e-01 -1.000645e+00
 7.036371e-01  7.746223e-01 -3.201756e-01 -1.405929e+00
 8.186906e-01  8.223106e-01 -9.266765e-01 -8.714087e-01
 7.919968e-01  8.018895e-01 -1.329439e+00 -3.326200e-01
 9.573345e-01  8.525295e-01 -2.414574e-01 -5.770173e-01
 1.081010e+00  8.615053e-01 -2.310660e-01 -2.023744e-01
 9.341800e-01  8.244454e-01 -6.835591e-01 -5.055130e-01
 9.733814e-01  8.456274e-01 -7.718875e-01 -1.912603e-01
 1.248994e+00  3.185076e-01 -3.061620e-01 -1.102235e+00
 8.400154e-01  2.745311e-01 -3.878340e-01 -1.538353e+00
 1.092204e+00  2.994659e-01 -1.004995e+00 -9.358266e-01
 1.058041e+00  2.976791e-01 -1.343429e+00 -3.163948e-01
 1.404125e+00  3.385967e-01 -2.539262e-01 -6.324914e-01
 1.473391e+00  3.463604e-01 -2.437748e-01 -2.015994e-01
 1.351105e+00  3.353434e-01 -7.333100e-01 -5.668853e-01
 1.336769e+00  3.237189e-01 -8.004958e-01 -1.957162e-01
 2.120158e-01  6.253561e-01 -2.657202e-01 -8.606896e-01
 1.795658e-01  4.674456e-01 -2.579735e-01 -1.132701e+00
 2.197073e-01  5.748903e-01 -8.507202e-01 -7.548954e-01
 1.936885e-01  5.341769e-01 -1.223884e+00 -3.026283e-01
 2.493216e-01  5.919825e-01 -2.053336e-01 -4.739640e-01
 2.752945e-01  5.200850e-01 -1.823848e-01 -1.604995e-01
 2.421681e-01  5.909517e-01 -5.897601e-01 -4.209554e-01
 2.597185e-01  5.577818e-01 -6.768056e-01 -1.680325e-01
 2.370104e-01  2.520278e-01 -1.129320e+00 -1.262142e+00
 1.808845e-01  1.708957e-01 -3.743499e-01 -1.258995e+00
 2.147352e-01  1.966615e-01 -9.386529e-01 -7.756299e-01
 2.174223e-01  1.896978e-01 -1.148105e+00 -2.840610e-01
 2.259680e-01  1.550090e-01 -2.143446e-01 -4.968713e-01
 2.622775e-01  1.699269e-01 -1.960096e-01 -1.774701e-01
 2.210298e-01  1.653914e-01 -6.056802e-01 -4.624498e-01
 2.398834e-01  1.790022e-01 -6.906803e-01 -1.803680e-01
 6.293977e-01  5.105052e-01 -2.642126e-01 -8.933747e-01
 5.073546e-01  4.273537e-01 -2.349486e-01 -1.128119e+00
 5.995625e-01  5.123230e-01 -8.067032e-01 -7.832895e-01
 3.496774e-01  3.629974e-01 -1.678662e+00 -3.754726e-01
 7.139639e-01  5.336500e-01 -2.232195e-01 -5.259777e-01
 7.723665e-01  5.211448e-01 -1.983520e-01 -1.674505e-01
 6.859971e-01  5.215278e-01 -6.157688e-01 -4.671901e-01
 7.153164e-01  5.072871e-01 -6.557957e-01 -1.726116e-01
 7.895992e-01  1.784260e-01 -2.781956e-01 -9.096241e-01
 5.653463e-01  1.677673e-01 -2.837906e-01 -1.192233e+00
 6.628917e-01  1.920640e-01 -9.035432e-01 -7.841212e-01
 6.202832e-01  1.735731e-01 -1.252582e+00 -3.066848e-01
 8.326132e-01  1.792554e-01 -2.307859e-01 -5.414764e-01
 8.936812e-01  1.810808e-01 -2.080979e-01 -1.810626e-01
 7.612398e-01  1.820420e-01 -6.501819e-01 -4.749409e-01
 7.836666e-01  1.823686e-01 -7.194544e-01 -1.783713e-01
 2.655341e-01 -1.023085e+00  2.595607e-01  9.304802e-01
 2.246916e-01 -8.574599e-01  3.536390e-01  1.433967e+00
 2.586013e-01 -9.572810e-01  8.982276e-01  8.321137e-01
 2.744491e-01 -9.376833e-01  1.238012e+00  3.132157e-01
 3.121159e-01 -1.000354e+00  1.859639e-01  4.467611e-01
 1.193399e+00 -1.334039e+00  2.859599e-01  2.797955e-01
 2.741013e-01 -9.821416e-01  5.633330e-01  3.579859e-01
 3.203810e-01 -9.415118e-01  7.744268e-01  1.661219e-01
 3.247683e-01 -1.440673e+00  2.589504e-01  9.161709e-01
 2.589447e-01 -3.028471e-01  3.832543e-01  1.729877e+00
 3.060432e-01 -1.384816e+00  7.839199e-01  8.094373e-01
 3.411112e-01 -1.424102e+00  1.120599e+00  3.255003e-01
 2.916492e-01 -1.296398e+00  1.687616e-01  3.184148e-01
 5.111646e-01 -1.667375e+00  2.521636e-01  2.552525e-01
 2.532011e-01 -1.270173e+00  4.869631e-01  2.881353e-01
 3.954064e-01 -1.409821e+00  6.764286e-01  1.842049e-01
 9.116121e-01 -8.920025e-01  2.839158e-01  1.000645e+00
 7.036371e-01 -7.746223e-01  3.201756e-01  1.405929e+00
 8.186906e-01 -8.223106e-01  9.266765e-01  8.714087e-01
 7.919968e-01 -8.018895e-01  1.329439e+00  3.326200e-01
 9.573345e-01 -8.525295e-01  2.414574e-01  5.770173e-01
 1.081010e+00 -8.615053e-01  2.310660e-01  2.023744e-01
 9.341800e-01 -8.244454e-01  6.835591e-01  5.055130e-01
 9.733814e-01 -8.456274e-01  7.718875e-01  1.912603e-01
 1.248994e+00 -3.185076e-01  3.061620e-01  1.102235e+00
 8.400154e-01 -2.745311e-01  3.878340e-01  1.538353e+00
 1.092204e+00 -2.994659e-01  1.004995e+00  9.358266e-01
 1.058041e+00 -2.976791e-01  1.343429e+00  3.163948e-01
 1.404125e+00 -3.385967e-01  2.539262e-01  6.324914e-01
 1.473391e+00 -3.463604e-01  2.437748e-01  2.015994e-01
 1.351105e+00 -3.353434e-01  7.333100e-01  5.668853e-01
 1.336769e+00 -3.237189e-01  8.004958e-01  1.957162e-01
 2.120158e-01 -6.253561e-01  2.657202e-01  8.606896e-01
 1.795658e-01 -4.674456e-01  2.579735e-01  1.132701e+00
 2.197073e-01 -5.748903e-01  8.507202e-01  7.548954e-01
 1.936885e-01 -5.341769e-01  1.223884e+00  3.026283e-01
 2.493216e-01 -5.919825e-01  2.053336e-01  4.739640e-01
 2.752945e-01 -5.200850e-01  1.823848e-01  1.604995e-01
 2.421681e-01 -5.909517e-01  5.897601e-01  4.209554e-01
 2.597185e-01 -5.577818e-01  6.768056e-01  1.680325e-01
 2.370104e-01 -2.520278e-01  1.129320e+00  1.262142e+00
 1.808845e-01 -1.708957e-01  3.743499e-01  1.258995e+00
 2.147352e-01 -1.966615e-01  9.386529e-01  7.756299e-01
 2.174223e-01 -1.896978e-01  1.148105e+00  2.840610e-01
 2.259680e-01 -1.550090e-01  2.143446e-01  4.968713e-01
 2.622775e-01 -1.699269e-01  1.960096e-01  1.774701e-01
 2.210298e-01 -1.653914e-01  6.056802e-01  4.624498e-01
 2.398834e-01 -1.790022e-01  6.906803e-01  1.803680e-01
 6.293977e-01 -5.105052e-01  2.642126e-01  8.933747e-01
 5.073546e-01 -4.273537e-01  2.349486e-01  1.128119e+00
 5.995625e-01 -5.123230e-01  8.067032e-01  7.832895e-01
 3.496774e-01 -3.629974e-01  1.678662e+00  3.754726e-01
 7.139639e-01 -5.336500e-01  2.232195e-01  5.259777e-01
 7.723665e-01 -5.211448e-01  1.983520e-01  1.674505e-01
 6.859971e-01 -5.215278e-01  6.157688e-01  4.671901e-01
 7.153164e-01 -5.072871e-01  6.557957e-01  1.726116e-01
 7.895992e-01 -1.784260e-01  2.781956e-01  9.096241e-01
 5.653463e-01 -1.677673e-01  2.837906e-01  1.192233e+00
 6.628917e-01 -1.920640e-01  9.035432e-01  7.841212e-01
 6.202832e-01 -1.735731e-01  1.252582e+00  3.066848e-01
 8.326132e-01 -1.792554e-01  2.307859e-01  5.414764e-01
 8.936812e-01 -1.810808e-01  2.080979e-01  1.810626e-01
 7.612398e-01 -1.820420e-01  6.501819e-01  4.749409e-01
 7.836666e-01 -1.823686e-01  7.194544e-01  1.783713e-01
 2.655341e-01 -1.023085e+00  2.595607e-01 -9.304802e-01
 2.246916e-01 -8.574599e-01  3.536390e-01 -1.433967e+00
 2.586013e-01 -9.572810e-01  8.982276e-01 -8.321137e-01
 2.744491e-01 -9.376833e-01  1.238012e+00 -3.132157e-01
 3.121159e-01 -1.000354e+00  1.859639e-01 -4.467611e-01
 1.193399e+00 -1.334039e+00  2.859599e-01 -2.797955e-01
 2.741013e-01 -9.821416e-01  5.633330e-01 -3.579859e-01
 3.203810e-01 -9.415118e-01  7.744268e-01 -1.661219e-01
 3.247683e-01 -1.440673e+00  2.589504e-01 -9.161709e-01
 2.589447e-01 -3.028471e-01  3.832543e-01 -1.729877e+00
 3.060432e-01 -1.384816e+00  7.839199e-01 -8.094373e-01
 3.411112e-01 -1.424102e+00  1.120599e+00 -3.255003e-01
 2.916492e-01 -1.296398e+00  1.687616e-01 -3.184148e-01
 5.111646e-01 -1.667375e+00  2.521636e-01 -2.552525e-01
 2.532011e-01 -1.270173e+00  4.869631e-01 -2.881353e-01
 3.954064e-01 -1.409821e+00  6.764286e-01 -1.842049e-01
 9.116121e-01 -8.920025e-01  2.839158e-01 -1.000645e+00
 7.036371e-01 -7.746223e-01  3.201756e-01 -1.405929e+00
 8.186906e-01 -8.223106e-01  9.266765e-01 -8.714087e-01
 7.919968e-01 -8.018895e-01  1.329439e+00 -3.326200e-01
 9.573345e-01 -8.525295e-01  2.414574e-01 -5.770173e-01
 1.081010e+00 -8.615053e-01  2.310660e-01 -2.023744e-01
 9.341800e-01 -8.244454e-01  6.835591e-01 -5.055130e-01
 9.733814e-01 -8.456274e-01  7.718875e-01 -1.912603e-01
 1.248994e+00 -3.185076e-01  3.061620e-01 -1.102235e+00
 8.400154e-01 -2.745311e-01  3.878340e-01 -1.538353e+00
 1.092204e+00 -2.994659e-01  1.004995e+00 -9.358266e-01
 1.058041e+00 -2.976791e-01  1.343429e+00 -3.163948e-01
 1.404125e+00 -3.385967e-01  2.539262e-01 -6.324914e-01
 1.473391e+00 -3.463604e-01  2.437748e-01 -2.015994e-01
 1.351105e+00 -3.353434e-01  7.333100e-01 -5.668853e-01
 1.336769e+00 -3.237189e-01  8.004958e-01 -1.957162e-01
 2.120158e-01 -6.253561e-01  2.657202e-01 -8.606896e-01
 1.795658e-01 -4.674456e-01  2.579735e-01 -1.132701e+00
 2.197073e-01 -5.748903e-01  8.507202e-01 -7.548954e-01
 1.936885e-01 -5.341769e-01  1.223884e+00 -3.026283e-01
 2.493216e-01 -5.919825e-01  2.053336e-01 -4.739640e-01
 2.752945e-01 -5.200850e-01  1.823848e-01 -1.604995e-01
 2.421681e-01 -5.909517e-01  5.897601e-01 -4.209554e-01
 2.597185e-01 -5.577818e-01  6.768056e-01 -1.680325e-01
 2.370104e-01 -2.520278e-01  1.129320e+00 -1.262142e+00
 1.808845e-01 -1.708957e-01  3.743499e-01 -1.258995e+00
 2.147352e-01 -1.966615e-01  9.386529e-01 -7.756299e-01
 2.174223e-01 -1.896978e-01  1.148105e+00 -2.840610e-01
 2.259680e-01 -1.550090e-01  2.143446e-01 -4.968713e-01
 2.622775e-01 -1.699269e-01  1.960096e-01 -1.774701e-01
 2.210298e-01 -1.653914e-01  6.056802e-01 -4.624498e-01
 2.398834e-01 -1.790022e-01  6.906803e-01 -1.803680e-01
 6.293977e-01 -5.105052e-01  2.642126e-01 -8.933747e-01
 5.073546e-01 -4.273537e-01  2.349486e-01 -1.128119e+00
 5.995625e-01 -5.123230e-01  8.067032e-01 -7.832895e-01
 3.496774e-01 -3.629974e-01  1.678662e+00 -3.754726e-01
 7.139639e-01 -5.336500e-01  2.232195e-01 -5.259777e-01
 7.723665e-01 -5.211448e-01  1.983520e-01 -1.674505e-01
 6.859971e-01 -5.215278e-01  6.157688e-01 -4.671901e-01
 7.153164e-01 -5.072871e-01  6.557957e-01 -1.726116e-01
 7.895992e-01 -1.784260e-01  2.781956e-01 -9.096241e-01
 5.653463e-01 -1.677673e-01  2.837906e-01 -1.192233e+00
 6.628917e-01 -1.920640e-01  9.035432e-01 -7.841212e-01
 6.202832e-01 -1.735731e-01  1.252582e+00 -3.066848e-01
 8.326132e-01 -1.792554e-01  2.307859e-01 -5.414764e-01
 8.936812e-01 -1.810808e-01  2.080979e-01 -1.810626e-01
 7.612398e-01 -1.820420e-01  6.501819e-01 -4.749409e-01
 7.836666e-01 -1.823686e-01  7.194544e-01 -1.783713e-01
 2.655341e-01 -1.023085e+00 -2.595607e-01  9.304802e-01
 2.246916e-01 -8.574599e-01 -3.536390e-01  1.433967e+00
 2.586013e-01 -9.572810e-01 -8.982276e-01  8.321137e-01
 2.744491e-01 -9.376833e-01 -1.238012e+00  3.132157e-01
 3.121159e-01 -1.000354e+00 -1.859639e-01  4.467611e-01
 1.193399e+00 -1.334039e+00 -2.859599e-01  2.797955e-01
 2.741013e-01 -9.821416e-01 -5.633330e-01  3.579859e-01
 3.203810e-01 -9.415118e-01 -7.744268e-01  1.661219e-01
 3.247683e-01 -1.440673e+00 -2.589504e-01  9.161709e-01
 2.589447e-01 -3.028471e-01 -3.832543e-01  1.729877e+00
 3.060432e-01 -1.384816e+00 -7.839199e-01  8.094373e-01
 3.411112e-01 -1.424102e+00 -1.120599e+00  3.255003e-01
 2.916492e-01 -1.296398e+00 -1.687616e-01  3.184148e-01
 5.111646e-01 -1.667375e+00 -2.521636e-01  2.552525e-01
 2.532011e-01 -1.270173e+00 -4.869631e-01  2.881353e-01
 3.954064e-01 -1.409821e+00 -6.764286e-01  1.842049e-01
 9.116121e-01 -8.920025e-01 -2.839158e-01  1.000645e+00
 7.036371e-01 -7.746223e-01 -3.201756e-01  1.405929e+00
 8.186906e-01 -8.223106e-01 -9.266765e-01  8.714087e-01
 7.919968e-01 -8.018895e-01 -1.329439e+00  3.326200e-01
 9.573345e-01 -8.525295e-01 -2.414574e-01  5.770173e-01
 1.081010e+00 -8.615053e-01 -2.310660e-01  2.023744e-01
 9.341800e-01 -8.244454e-01 -6.835591e-01  5.055130e-01
 9.733814e-01 -8.456274e-01 -7.718875e-01  1.912603e-01
 1.248994e+00 -3.185076e-01 -3.061620e-01  1.102235e+00
 8.400154e-01 -2.745311e-01 -3.878340e-01  1.538353e+00
 1.092204e+00 -2.994659e-01 -1.004995e+00  9.358266e-01
 1.058041e+00 -2.976791e-01 -1.343429e+00  3.163948e-01
 1.404125e+00 -3.385967e-01 -2.539262e-01  6.324914e-01
 1.473391e+00 -3.463604e-01 -2.437748e-01  2.015994e-01
 1.351105e+00 -3.353434e-01 -7.333100e-01  5.668853e-01
 1.336769e+00 -3.237189e-01 -8.004958e-01  1.957162e-01
 2.120158e-01 -6.253561e-01 -2.657202e-01  8.606896e-01
 1.795658e-01 -4.674456e-01 -2.579735e-01  1.132701e+00
 2.197073e-01 -5.748903e-01 -8.507202e-01  7.548954e-01
 1.936885e-01 -5.341769e-01 -1.223884e+00  3.026283e-01
 2.493216e-01 -5.919825e-01 -2.053336e-01  4.739640e-01
 2.752945e-01 -5.200850e-01 -1.823848e-01  1.604995e-01
 2.421681e-01 -5.909517e-01 -5.897601e-01  4.209554e-01
 2.597185e-01 -5.577818e-01 -6.768056e-01  1.680325e-01
 2.370104e-01 -2.520278e-01 -1.129320e+00  1.262142e+00
 1.808845e-01 -1.708957e-01 -3.743499e-01  1.258995e+00
 2.147352e-01 -1.966615e-01 -9.386529e-01  7.756299e-01
 2.174223e-01 -1.896978e-01 -1.148105e+00  2.840610e-01
 2.259680e-01 -1.550090e-01 -2.143446e-01  4.968713e-01
 2.622775e-01 -1.699269e-01 -1.960096e-01  1.774701e-01
 2.210298e-01 -1.653914e-01 -6.056802e-01  4.624498e-01
 2.398834e-01 -1.790022e-01 -6.906803e-01  1.803680e-01
 6.293977e-01 -5.105052e-01 -2.642126e-01  8.933747e-01
 5.073546e-01 -4.273537e-01 -2.349486e-01  1.128119e+00
 5.995625e-01 -5.123230e-01 -8.067032e-01  7.832895e-01
 3.496774e-01 -3.629974e-01 -1.678662e+00  3.754726e-01
 7.139639e-01 -5.336500e-01 -2.232195e-01  5.259777e-01
 7.723665e-01 -5.211448e-01 -1.983520e-01  1.674505e-01
 6.859971e-01 -5.215278e-01 -6.157688e-01  4.671901e-01
 7.153164e-01 -5.072871e-01 -6.557957e-01  1.726116e-01
 7.895992e-01 -1.784260e-01 -2.781956e-01  9.096241e-01
 5.653463e-01 -1.677673e-01 -2.837906e-01  1.192233e+00
 6.628917e-01 -1.920640e-01 -9.035432e-01  7.841212e-01
 6.202832e-01 -1.735731e-01 -1.252582e+00  3.066848e-01
 8.326132e-01 -1.792554e-01 -2.307859e-01  5.414764e-01
 8.936812e-01 -1.810808e-01 -2.080979e-01  1.810626e-01
 7.612398e-01 -1.820420e-01 -6.501819e-01  4.749409e-01
 7.836666e-01 -1.823686e-01 -7.194544e-01  1.783713e-01
 2.655341e-01 -1.023085e+00 -2.595607e-01 -9.304802e-01
 2.246916e-01 -8.574599e-01 -3.536390e-01 -1.433967e+00
 2.586013e-01 -9.572810e-01 -8.982276e-01 -8.321137e-01
 2.744491e-01 -9.376833e-01 -1.238012e+00 -3.132157e-01
 3.121159e-01 -1.000354e+00 -1.859639e-01 -4.467611e-01
 1.193399e+00 -1.334039e+00 -2.859599e-01 -2.797955e-01
 2.741013e-01 -9.821416e-01 -5.633330e-01 -3.579859e-01
 3.203810e-01 -9.415118e-01 -7.744268e-01 -1.661219e-01
 3.247683e-01 -1.440673e+00 -2.589504e-01 -9.161709e-01
 2.589447e-01 -3.028471e-01 -3.832543e-01 -1.729877e+00
 3.060432e-01 -1.384816e+00 -7.839199e-01 -8.094373e-01
 3.411112e-01 -1.424102e+00 -1.120599e+00 -3.255003e-01
 2.916492e-01 -1.296398e+00 -1.687616e-01 -3.184148e-01
 5.111646e-01 -1.667375e+00 -2.521636e-01 -2.552525e-01
 2.532011e-01 -1.270173e+00 -4.869631e-01 -2.881353e-01
 3.954064e-01 -1.409821e+00 -6.764286e-01 -1.842049e-01
 9.116121e-01 -8.920025e-01 -2.839158e-01 -1.000645e+00
 7.036371e-01 -7.746223e-01 -3.201756e-01 -1.405929e+00
 8.186906e-01 -8.223106e-01 -9.266765e-01 -8.714087e-01
 7.919968e-01 -8.018895e-01 -1.329439e+00 -3.326200e-01
 9.573345e-01 -8.525295e-01 -2.414574e-01 -5.770173e-01
 1.081010e+00 -8.615053e-01 -2.310660e-01 -2.023744e-01
 9.341800e-01 -8.244454e-01 -6.835591e-01 -5.055130e-01
 9.733814e-01 -8.456274e-01 -7.718875e-01 -1.912603e-01
 1.248994e+00 -3.185076e-01 -3.061620e-01 -1.102235e+00
 8.400154e-01 -2.745311e-01 -3.878340e-01 -1.538353e+00
 1.092204e+00 -2.994659e-01 -1.004995e+00 -9.358266e-01
 1.058041e+00 -2.976791e-01 -1.343429e+00 -3.163948e-01
 1.404125e+00 -3.385967e-01 -2.539262e-01 -6.324914e-01
 1.473391e+00 -3.463604e-01 -2.437748e-01 -2.015994e-01
 1.351105e+00 -3.353434e-01 -7.333100e-01 -5.668853e-01
 1.336769e+00 -3.237189e-01 -8.004958e-01 -1.957162e-01
 2.120158e-01 -6.253561e-01 -2.657202e-01 -8.606896e-01
 1.795658e-01 -4.674456e-01 -2.579735e-01 -1.132701e+00
 2.197073e-01 -5.748903e-01 -8.507202e-01 -7.548954e-01
 1.936885e-01 -5.341769e-01 -1.223884e+00 -3.026283e-01
 2.493216e-01 -5.919825e-01 -2.053336e-01 -4.739640e-01
 2.752945e-01 -5.200850e-01 -1.823848e-01 -1.604995e-01
 2.421681e-01 -5.909517e-01 -5.897601e-01 -4.209554e-01
 2.597185e-01 -5.577818e-01 -6.768056e-01 -1.680325e-01
 2.370104e-01 -2.520278e-01 -1.129320e+00 -1.262142e+00
 1.808845e-01 -1.708957e-01 -3.743499e-01 -1.258995e+00
 2.147352e-01 -1.966615e-01 -9.386529e-01 -7.756299e-01
 2.174223e-01 -1.896978e-01 -1.148105e+00 -2.840610e-01
 2.259680e-01 -1.550090e-01 -2.143446e-01 -4.968713e-01
 2.622775e-01 -1.699269e-01 -1.960096e-01 -1.774701e-01
 2.210298e-01 -1.653914e-01 -6.056802e-01 -4.624498e-01
 2.398834e-01 -1.790022e-01 -6.906803e-01 -1.803680e-01
 6.293977e-01 -5.105052e-01 -2.642126e-01 -8.933747e-01
 5.073546e-01 -4.273537e-01 -2.349486e-01 -1.128119e+00
 5.995625e-01 -5.123230e-01 -8.067032e-01 -7.832895e-01
 3.496774e-01 -3.629974e-01 -1.678662e+00 -3.754726e-01
 7.139639e-01 -5.336500e-01 -2.232195e-01 -5.259777e-01
 7.723665e-01 -5.211448e-01 -1.983520e-01 -1.674505e-01
 6.859971e-01 -5.215278e-01 -6.157688e-01 -4.671901e-01
 7.153164e-01 -5.072871e-01 -6.557957e-01 -1.726116e-01
 7.895992e-01 -1.784260e-01 -2.781956e-01 -9.096241e-01
 5.653463e-01 -1.677673e-01 -2.837906e-01 -1.192233e+00
 6.628917e-01 -1.920640e-01 -9.035432e-01 -7.841212e-01
 6.202832e-01 -1.735731e-01 -1.252582e+00 -3.066848e-01
 8.326132e-01 -1.792554e-01 -2.307859e-01 -5.414764e-01
 8.936812e-01 -1.810808e-01 -2.080979e-01 -1.810626e-01
 7.612398e-01 -1.820420e-01 -6.501819e-01 -4.749409e-01
 7.836666e-01 -1.823686e-01 -7.194544e-01 -1.783713e-01
-2.655341e-01  1.023085e+00  2.595607e-01  9.304802e-01
-2.246916e-01  8.574599e-01  3.536390e-01  1.433967e+00
-2.586013e-01  9.572810e-01  8.982276e-01  8.321137e-01
-2.744491e-01  9.376833e-01  1.238012e+00  3.132157e-01
-3.121159e-01  1.000354e+00  1.859639e-01  4.467611e-01
-1.193399e+00  1.334039e+00  2.859599e-01  2.797955e-01
-2.741013e-01  9.821416e-01  5.633330e-01  3.579859e-01
-3.203810e-01  9.415118e-01  7.744268e-01  1.661219e-01
-3.247683e-01  1.440673e+00  2.589504e-01  9.161709e-01
-2.589447e-01  3.028471e-01  3.832543e-01  1.729877e+00
-3.060432e-01  1.384816e+00  7.839199e-01  8.094373e-01
-3.411112e-01  1.424102e+00  1.120599e+00  3.255003e-01
-2.916492e-01  1.296398e+00  1.687616e-01  3.184148e-01
-5.111646e-01  1.667375e+00  2.521636e-01  2.552525e-01
-2.532011e-01  1.270173e+00  4.869631e-01  2.881353e-01
-3.954064e-01  1.409821e+00  6.764286e-01  1.842049e-01
-9.116121e-01  8.920025e-01  2.839158e-01  1.000645e+00
-7.036371e-01  7.746223e-01  3.201756e-01  1.405929e+00
-8.186906e-01  8.223106e-01  9.266765e-01  8.714087e-01
-7.919968e-01  8.018895e-01  1.329439e+00  3.326200e-01
-9.573345e-01  8.525295e-01  2.414574e-01  5.770173e-01
-1.081010e+00  8.615053e-01  2.310660e-01  2.023744e-01
-9.341800e-01  8.244454e-01  6.835591e-01  5.055130e-01
-9.733814e-01  8.456274e-01  7.718875e-01  1.912603e-01
-1.248994e+00  3.185076e-01  3.061620e-01  1.102235e+00
-8.400154e-01  2.745311e-01  3.878340e-01  1.538353e+00
-1.092204e+00  2.994659e-01  1.004995e+00  9.358266e-01
-1.058041e+00  2.976791e-01  1.343429e+00  3.163948e-01
-1.404125e+00  3.385967e-01  2.539262e-01  6.324914e-01
-1.473391e+00  3.463604e-01  2.437748e-01  2.015994e-01
-1.351105e+00  3.353434e-01  7.333100e-01  5.668853e-01
-1.336769e+00  3.237189e-01  8.004958e-01  1.957162e-01
-2.120158e-01  6.253561e-01  2.657202e-01  8.606896e-01
-1.795658e-01  4.674456e-01  2.579735e-01  1.132701e+00
-2.197073e-01  5.748903e-01  8.507202e-01  7.548954e-01
-1.936885e-01  5.341769e-01  1.223884e+00  3.026283e-01
-2.493216e-01  5.919825e-01  2.053336e-01  4.739640e-01
-2.752945e-01  5.200850e-01  1.823848e-01  1.604995e-01
-2.421681e-01  5.909517e-01  5.897601e-01  4.209554e-01
-2.597185e-01  5.577818e-01  6.768056e-01  1.680325e-01
-2.370104e-01  2.520278e-01  1.129320e+00  1.262142e+00
-1.808845e-01  1.708957e-01  3.743499e-01  1.258995e+00
-2.147352e-01  1.966615e-01  9.386529e-01  7.756299e-01
-2.174223e-01  1.896978e-01  1.148105e+00  2.840610e-01
-2.259680e-01  1.550090e-01  2.143446e-01  4.968713e-01
-2.622775e-01  1.699269e-01  1.960096e-01  1.774701e-01
-2.210298e-01  1.653914e-01  6.056802e-01  4.624498e-01
-2.398834e-01  1.790022e-01  6.906803e-01  1.803680e-01
-6.293977e-01  5.105052e-01  2.642126e-01  8.933747e-01
-5.073546e-01  4.273537e-01  2.349486e-01  1.128119e+00
-5.995625e-01  5.123230e-01  8.067032e-01  7.832895e-01
-3.496774e-01  3.629974e-01  1.678662e+00  3.754726e-01
-7.139639e-01  5.336500e-01  2.232195e-01  5.259777e-01
-7.723665e-01  5.211448e-01  1.983520e-01  1.674505e-01
-6.859971e-01  5.215278e-01  6.157688e-01  4.671901e-01
-7.153164e-01  5.072871e-01  6.557957e-01  1.726116e-01
-7.895992e-01  1.784260e-01  2.781956e-01  9.096241e-01
-5.653463e-01  1.677673e-01  2.837906e-01  1.192233e+00
-6.628917e-01  1.920640e-01  9.035432e-01  7.841212e-01
-6.202832e-01  1.735731e-01  1.252582e+00  3.066848e-01
-8.326132e-01  1.792554e-01  2.307859e-01  5.414764e-01
-8.936812e-01  1.810808e-01  2.080979e-01  1.810626e-01
-7.612398e-01  1.820420e-01  6.501819e-01  4.749409e-01
-7.836666e-01  1.823686e-01  7.194544e-01  1.783713e-01
-2.655341e-01  1.023085e+00  2.595607e-01 -9.304802e-01
-2.246916e-01  8.574599e-01  3.536390e-01 -1.433967e+00
-2.586013e-01  9.572810e-01  8.982276e-01 -8.321137e-01
-2.744491e-01  9.376833e-01  1.238012e+00 -3.132157e-01
-3.121159e-01  1.000354e+00  1.859639e-01 -4.467611e-01
-1.193399e+00  1.334039e+00  2.859599e-01 -2.797955e-01
-2.741013e-01  9.821416e-01  5.633330e-01 -3.579859e-01
-3.203810e-01  9.415118e-01  7.744268e-01 -1.661219e-01
-3.247683e-01  1.440673e+00  2.589504e-01 -9.161709e-01
-2.589447e-01  3.028471e-01  3.832543e-01 -1.729877e+00
-3.060432e-01  1.384816e+00  7.839199e-01 -8.094373e-01
-3.411112e-01  1.424102e+00  1.120599e+00 -3.255003e-01
-2.916492e-01  1.296398e+00  1.687616e-01 -3.184148e-01
-5.111646e-01  1.667375e+00  2.521636e-01 -2.552525e-01
-2.532011e-01  1.270173e+00  4.869631e-01 -2.881353e-01
-3.954064e-01  1.409821e+00  6.764286e-01 -1.842049e-01
-9.116121e-01  8.920025e-01  2.839158e-01 -1.000645e+00
-7.036371e-01  7.746223e-01  3.201756e-01 -1.405929e+00
-8.186906e-01  8.223106e-01  9.266765e-01 -8.714087e-01
-7.919968e-01  8.018895e-01  1.329439e+00 -3.326200e-01
-9.573345e-01  8.525295e-01  2.414574e-01 -5.770173e-01
-1.081010e+00  8.615053e-01  2.310660e-01 -2.023744e-01
-9.341800e-01  8.244454e-01  6.835591e-01 -5.055130e-01
-9.733814e-01  8.456274e-01  7.718875e-01 -1.912603e-01
-1.248994e+00  3.185076e-01  3.061620e-01 -1.102235e+00
-8.400154e-01  2.745311e-01  3.878340e-01 -1.538353e+00
-1.092204e+00  2.994659e-01  1.004995e+00 -9.358266e-01
-1.058041e+00  2.976791e-01  1.343429e+00 -3.163948e-01
-1.404125e+00  3.385967e-01  2.539262e-01 -6.324914e-01
-1.473391e+00  3.463604e-01  2.437748e-01 -2.015994e-01
-1.351105e+00  3.353434e-01  7.333100e-01 -5.668853e-01
-1.336769e+00  3.237189e-01  8.004958e-01 -1.957162e-01
-2.120158e-01  6.253561e-01  2.657202e-01 -8.606896e-01
-1.795658e-01  4.674456e-01  2.579735e-01 -1.132701e+00
-2.197073e-01  5.748903e-01  8.507202e-01 -7.548954e-01
-1.936885e-01  5.341769e-01  1.223884e+00 -3.026283e-01
-2.493216e-01  5.919825e-01  2.053336e-01 -4.739640e-01
-2.752945e-01  5.200850e-01  1.823848e-01 -1.604995e-01
-2.421681e-01  5.909517e-01  5.897601e-01 -4.209554e-01
-2.597185e-01  5.577818e-01  6.768056e-01 -1.680325e-01
-2.370104e-01  2.520278e-01  1.129320e+00 -1.262142e+00
-1.808845e-01  1.708957e-01  3.743499e-01 -1.258995e+00
-2.147352e-01  1.966615e-01  9.386529e-01 -7.756299e-01
-2.174223e-01  1.896978e-01  1.148105e+00 -2.840610e-01
-2.259680e-01  1.550090e-01  2.143446e-01 -4.968713e-01
-2.622775e-01  1.699269e-01  1.960096e-01 -1.774701e-01
-2.210298e-01  1.653914e-01  6.056802e-01 -4.624498e-01
-2.398834e-01  1.790022e-01  6.906803e-01 -1.803680e-01
-6.293977e-01  5.105052e-01  2.642126e-01 -8.933747e-01
-5.073546e-01  4.273537e-01  2.349486e-01 -1.128119e+00
-5.995625e-01  5.123230e-01  8.067032e-01 -7.832895e-01
-3.496774e-01  3.629974e-01  1.678662e+00 -3.754726e-01
-7.139639e-01  5.336500e-01  2.232195e-01 -5.259777e-01
-7.723665e-01  5.211448e-01  1.983520e-01 -1.674505e-01
-6.859971e-01  5.215278e-01  6.157688e-01 -4.671901e-01
-7.153164e-01  5.072871e-01  6.557957e-01 -1.726116e-01
-7.895992e-01  1.784260e-01  2.781956e-01 -9.096241e-01
-5.653463e-01  1.677673e-01  2.837906e-01 -1.192233e+00
-6.628917e-01  1.920640e-01  9.035432e-01 -7.841212e-01
-6.202832e-01  1.735731e-01  1.252582e+00 -3.066848e-01
-8.326132e-01  1.792554e-01  2.307859e-01 -5.414764e-01
-8.936812e-01  1.810808e-01  2.080979e-01 -1.810626e-01
-7.612398e-01  1.820420e-01  6.501819e-01 -4.749409e-01
-7.836666e-01  1.823686e-01  7.194544e-01 -1.783713e-01
-2.655341e-01  1.023085e+00 -2.595607e-01  9.304802e-01
-2.246916e-01  8.574599e-01 -3.536390e-01  1.433967e+00
-2.586013e-01  9.572810e-01 -8.982276e-01  8.321137e-01
-2.744491e-01  9.376833e-01 -1.238012e+00  3.132157e-01
-3.121159e-01  1.000354e+00 -1.859639e-01  4.467611e-01
-1.193399e+00  1.334039e+00 -2.859599e-01  2.797955e-01
-2.741013e-01  9.821416e-01 -5.633330e-01  3.579859e-01
-3.203810e-01  9.415118e-01 -7.744268e-01  1.661219e-01
-3.247683e-01  1.440673e+00 -2.589504e-01  9.161709e-01
-2.589447e-01  3.028471e-01 -3.832543e-01  1.729877e+00
-3.060432e-01  1.384816e+00 -7.839199e-01  8.094373e-01
-3.411112e-01  1.424102e+00 -1.120599e+00  3.255003e-01
-2.916492e-01  1.296398e+00 -1.687616e-01  3.184148e-01
-5.111646e-01  1.667375e+00 -2.521636e-01  2.552525e-01
-2.532011e-01  1.270173e+00 -4.869631e-01  2.881353e-01
-3.954064e-01  1.409821e+00 -6.764286e-01  1.842049e-01
-9.116121e-01  8.920025e-01 -2.839158e-01  1.000645e+00
-7.036371e-01  7.746223e-01 -3.201756e-01  1.405929e+00
-8.186906e-01  8.223106e-01 -9.266765e-01  8.714087e-01
-7.919968e-01  8.018895e-01 -1.329439e+00  3.326200e-01
-9.573345e-01  8.525295e-01 -2.414574e-01  5.770173e-01
-1.081010e+00  8.615053e-01 -2.310660e-01  2.023744e-01
-9.341800e-01  8.244454e-01 -6.835591e-01  5.055130e-01
-9.733814e-01  8.456274e-01 -7.718875e-01  1.912603e-01
-1.248994e+00  3.185076e-01 -3.061620e-01  1.102235e+00
-8.400154e-01  2.745311e-01 -3.878340e-01  1.538353e+00
-1.092204e+00  2.994659e-01 -1.004995e+00  9.358266e-01
-1.058041e+00  2.976791e-01 -1.343429e+00  3.163948e-01
-1.404125e+00  3.385967e-01 -2.539262e-01  6.324914e-01
-1.473391e+00  3.463604e-01 -2.437748e-01  2.015994e-01
-1.351105e+00  3.353434e-01 -7.333100e-01  5.668853e-01
-1.336769e+00  3.237189e-01 -8.004958e-01  1.957162e-01
-2.120158e-01  6.253561e-01 -2.657202e-01  8.606896e-01
-1.795658e-01  4.674456e-01 -2.579735e-01  1.132701e+00
-2.197073e-01  5.748903e-01 -8.507202e-01  7.548954e-01
-1.936885e-01  5.341769e-01 -1.223884e+00  3.026283e-01
-2.493216e-01  5.919825e-01 -2.053336e-01  4.739640e-01
-2.752945e-01  5.200850e-01 -1.823848e-01  1.604995e-01
-2.421681e-01  5.909517e-01 -5.897601e-01  4.209554e-01
-2.597185e-01  5.577818e-01 -6.768056e-01  1.680325e-01
-2.370104e-01  2.520278e-01 -1.129320e+00  1.262142e+00
-1.808845e-01  1.708957e-01 -3.743499e-01  1.258995e+00
-2.147352e-01  1.966615e-01 -9.386529e-01  7.756299e-01
-2.174223e-01  1.896978e-01 -1.148105e+00  2.840610e-01
-2.259680e-01  1.550090e-01 -2.143446e-01  4.968713e-01
-2.622775e-01  1.699269e-01 -1.960096e-01  1.774701e-01
-2.210298e-01  1.653914e-01 -6.056802e-01  4.624498e-01
-2.398834e-01  1.790022e-01 -6.906803e-01  1.803680e-01
-6.293977e-01  5.105052e-01 -2.642126e-01  8.933747e-01
-5.073546e-01  4.273537e-01 -2.349486e-01  1.128119e+00
-5.995625e-01  5.123230e-01 -8.067032e-01  7.832895e-01
-3.496774e-01  3.629974e-01 -1.678662e+00  3.754726e-01
-7.139639e-01  5.336500e-01 -2.232195e-01  5.259777e-01
-7.723665e-01  5.211448e-01 -1.983520e-01  1.674505e-01
-6.859971e-01  5.215278e-01 -6.157688e-01  4.671901e-01
-7.153164e-01  5.072871e-01 -6.557957e-01  1.726116e-01
-7.895992e-01  1.784260e-01 -2.781956e-01  9.096241e-01
-5.653463e-01  1.677673e-01 -2.837906e-01  1.192233e+00
-6.628917e-01  1.920640e-01 -9.035432e-01  7.841212e-01
-6.202832e-01  1.735731e-01 -1.252582e+00  3.066848e-01
-8.326132e-01  1.792554e-01 -2.307859e-01  5.414764e-01
-8.936812e-01  1.810808e-01 -2.080979e-01  1.810626e-01
-7.612398e-01  1.820420e-01 -6.501819e-01  4.749409e-01
-7.836666e-01  1.823686e-01 -7.194544e-01  1.783713e-01
-2.655341e-01  1.023085e+00 -2.595607e-01 -9.304802e-01
-2.246916e-01  8.574599e-01 -3.536390e-01 -1.433967e+00
-2.586013e-01  9.572810e-01 -8.982276e-01 -8.321137e-01
-2.744491e-01  9.376833e-01 -1.238012e+00 -3.132157e-01
-3.121159e-01  1.000354e+00 -1.859639e-01 -4.467611e-01
-1.193399e+00  1.334039e+00 -2.859599e-01 -2.797955e-01
-2.741013e-01  9.821416e-01 -5.633330e-01 -3.579859e-01
-3.203810e-01  9.415118e-01 -7.744268e-01 -1.661219e-01
-3.247683e-01  1.440673e+00 -2.589504e-01 -9.161709e-01
-2.589447e-01  3.028471e-01 -3.832543e-01 -1.729877e+00
-3.060432e-01  1.384816e+00 -7.839199e-01 -8.094373e-01
-3.411112e-01  1.424102e+00 -1.120599e+00 -3.255003e-01
-2.916492e-01  1.296398e+00 -1.687616e-01 -3.184148e-01
-5.111646e-01  1.667375e+00 -2.521636e-01 -2.552525e-01
-2.532011e-01  1.270173e+00 -4.869631e-01 -2.881353e-01
-3.954064e-01  1.409821e+00 -6.764286e-01 -1.842049e-01
-9.116121e-01  8.920025e-01 -2.839158e-01 -1.000645e+00
-7.036371e-01  7.746223e-01 -3.201756e-01 -1.405929e+00
-8.186906e-01  8.223106e-01 -9.266765e-01 -8.714087e-01
-7.919968e-01  8.018895e-01 -1.329439e+00 -3.326200e-01
-9.573345e-01  8.525295e-01 -2.414574e-01 -5.770173e-01
-1.081010e+00  8.615053e-01 -2.310660e-01 -2.023744e-01
-9.341800e-01  8.244454e-01 -6.835591e-01 -5.055130e-01
-9.733814e-01  8.456274e-01 -7.718875e-01 -1.912603e-01
-1.248994e+00  3.185076e-01 -3.061620e-01 -1.102235e+00
-8.400154e-01  2.745311e-01 -3.878340e-01 -1.538353e+00
-1.092204e+00  2.994659e-01 -1.004995e+00 -9.358266e-01
-1.058041e+00  2.976791e-01 -1.343429e+00 -3.163948e-01
-1.404125e+00  3.385967e-01 -2.539262e-01 -6.324914e-01
-1.473391e+00  3.463604e-01 -2.437748e-01 -2.015994e-01
-1.351105e+00  3.353434e-01 -7.333100e-01 -5.668853e-01
-1.336769e+00  3.237189e-01 -8.004958e-01 -1.957162e-01
-2.120158e-01  6.253561e-01 -2.657202e-01 -8.606896e-01
-1.795658e-01  4.674456e-01 -2.579735e-01 -1.132701e+00
-2.197073e-01  5.748903e-01 -8.507202e-01 -7.548954e-01
-1.936885e-01  5.341769e-01 -1.223884e+00 -3.026283e-01
-2.493216e-01  5.919825e-01 -2.053336e-01 -4.739640e-01
-2.752945e-01  5.200850e-01 -1.823848e-01 -1.604995e-01
-2.421681e-01  5.909517e-01 -5.897601e-01 -4.209554e-01
-2.597185e-01  5.577818e-01 -6.768056e-01 -1.680325e-01
-2.370104e-01  2.520278e-01 -1.129320e+00 -1.262142e+00
-1.808845e-01  1.708957e-01 -3.743499e-01 -1.258995e+00
-2.147352e-01  1.966615e-01 -9.386529e-01 -7.756299e-01
-2.174223e-01  1.896978e-01 -1.148105e+00 -2.840610e-01
-2.259680e-01  1.550090e-01 -2.143446e-01 -4.968713e-01
-2.622775e-01  1.699269e-01 -1.960096e-01 -1.774701e-01
-2.210298e-01  1.653914e-01 -6.056802e-01 -4.624498e-01
-2.398834e-01  1.790022e-01 -6.906803e-01 -1.803680e-01
-6.293977e-01  5.105052e-01 -2.642126e-01 -8.933747e-01
-5.073546e-01  4.273537e-01 -2.349486e-01 -1.128119e+00
-5.995625e-01  5.123230e-01 -8.067032e-01 -7.832895e-01
-3.496774e-01  3.629974e-01 -1.678662e+00 -3.754726e-01
-7.139639e-01  5.336500e-01 -2.232195e-01 -5.259777e-01
-7.723665e-01  5.211448e-01 -1.983520e-01 -1.674505e-01
-6.859971e-01  5.215278e-01 -6.157688e-01 -4.671901e-01
-7.153164e-01  5.072871e-01 -6.557957e-01 -1.726116e-01
-7.895992e-01  1.784260e-01 -2.781956e-01 -9.096241e-01
-5.653463e-01  1.677673e-01 -2.837906e-01 -1.192233e+00
-6.628917e-01  1.920640e-01 -9.035432e-01 -7.841212e-01
-6.202832e-01  1.735731e-01 -1.252582e+00 -3.066848e-01
-8.326132e-01  1.792554e-01 -2.307859e-01 -5.414764e-01
-8.936812e-01  1.810808e-01 -2.080979e-01 -1.810626e-01
-7.612398e-01  1.820420e-01 -6.501819e-01 -4.749409e-01
-7.836666e-01  1.823686e-01 -7.194544e-01 -1.783713e-01
-2.655341e-01 -1.023085e+00  2.595607e-01  9.304802e-01
-2.246916e-01 -8.574599e-01  3.536390e-01  1.433967e+00
-2.586013e-01 -9.572810e-01  8.982276e-01  8.321137e-01
-2.744491e-01 -9.376833e-01  1.238012e+00  3.132157e-01
-3.121159e-01 -1.000354e+00  1.859639e-01  4.467611e-01
-1.193399e+00 -1.334039e+00  2.859599e-01  2.797955e-01
-2.741013e-01 -9.821416e-01  5.633330e-01  3.579859e-01
-3.203810e-01 -9.415118e-01  7.744268e-01  1.661219e-01
-3.247683e-01 -1.440673e+00  2.589504e-01  9.161709e-01
-2.589447e-01 -3.028471e-01  3.832543e-01  1.729877e+00
-3.060432e-01 -1.384816e+00  7.839199e-01  8.094373e-01
-3.411112e-01 -1.424102e+00  1.120599e+00  3.255003e-01
-2.916492e-01 -1.296398e+00  1.687616e-01  3.184148e-01
-5.111646e-01 -1.667375e+00  2.521636e-01  2.552525e-01
-2.532011e-01 -1.270173e+00  4.869631e-01  2.881353e-01
-3.954064e-01 -1.409821e+00  6.764286e-01  1.842049e-01
-9.116121e-01 -8.920025e-01  2.839158e-01  1.000645e+00
-7.036371e-01 -7.746223e-01  3.201756e-01  1.405929e+00
-8.186906e-01 -8.223106e-01  9.266765e-01  8.714087e-01
-7.919968e-01 -8.018895e-01  1.329439e+00  3.326200e-01
-9.573345e-01 -8.525295e-01  2.414574e-01  5.770173e-01
-1.081010e+00 -8.615053e-01  2.310660e-01  2.023744e-01
-9.341800e-01 -8.244454e-01  6.835591e-01  5.055130e-01
-9.733814e-01 -8.456274e-01  7.718875e-01  1.912603e-01
-1.248994e+00 -3.185076e-01  3.061620e-01  1.102235e+00
-8.400154e-01 -2.745311e-01  3.878340e-01  1.538353e+00
-1.092204e+00 -2.994659e-01  1.004995e+00  9.358266e-01
-1.058041e+00 -2.976791e-01  1.343429e+00  3.163948e-01
-1.404125e+00 -3.385967e-01  2.539262e-01  6.324914e-01
-1.473391e+00 -3.463604e-01  2.437748e-01  2.015994e-01
-1.351105e+00 -3.353434e-01  7.333100e-01  5.668853e-01
-1.336769e+00 -3.237189e-01  8.004958e-01  1.957162e-01
-2.120158e-01 -6.253561e-01  2.657202e-01  8.606896e-01
-1.795658e-01 -4.674456e-01  2.579735e-01  1.132701e+00
-2.197073e-01 -5.748903e-01  8.507202e-01  7.548954e-01
-1.936885e-01 -5.341769e-01  1.223884e+00  3.026283e-01
-2.493216e-01 -5.919825e-01  2.053336e-01  4.739640e-01
-2.752945e-01 -5.200850e-01  1.823848e-01  1.604995e-01
-2.421681e-01 -5.909517e-01  5.897601e-01  4.209554e-01
-2.597185e-01 -5.577818e-01  6.768056e-01  1.680325e-01
-2.370104e-01 -2.520278e-01  1.129320e+00  1.262142e+00
-1.808845e-01 -1.708957e-01  3.743499e-01  1.258995e+00
-2.147352e-01 -1.966615e-01  9.386529e-01  7.756299e-01
-2.174223e-01 -1.896978e-01  1.148105e+00  2.840610e-01
-2.259680e-01 -1.550090e-01  2.143446e-01  4.968713e-01
-2.622775e-01 -1.699269e-01  1.960096e-01  1.774701e-01
-2.210298e-01 -1.653914e-01  6.056802e-01  4.624498e-01
-2.398834e-01 -1.790022e-01  6.906803e-01  1.803680e-01
-6.293977e-01 -5.105052e-01  2.642126e-01  8.933747e-01
-5.073546e-01 -4.273537e-01  2.349486e-01  1.128119e+00
-5.995625e-01 -5.123230e-01  8.067032e-01  7.832895e-01
-3.496774e-01 -3.629974e-01  1.678662e+00  3.754726e-01
-7.139639e-01 -5.336500e-01  2.232195e-01  5.259777e-01
-7.723665e-01 -5.211448e-01  1.983520e-01  1.674505e-01
-6.859971e-01 -5.215278e-01  6.157688e-01  4.671901e-01
-7.153164e-01 -5.072871e-01  6.557957e-01  1.726116e-01
-7.895992e-01 -1.784260e-01  2.781956e-01  9.096241e-01
-5.653463e-01 -1.677673e-01  2.837906e-01  1.192233e+00
-6.628917e-01 -1.920640e-01  9.035432e-01  7.841212e-01
-6.202832e-01 -1.735731e-01  1.252582e+00  3.066848e-01
-8.326132e-01 -1.792554e-01  2.307859e-01  5.414764e-01
-8.936812e-01 -1.810808e-01  2.080979e-01  1.810626e-01
-7.612398e-01 -1.820420e-01  6.501819e-01  4.749409e-01
-7.836666e-01 -1.823686e-01  7.194544e-01  1.783713e-01
-2.655341e-01 -1.023085e+00  2.595607e-01 -9.304802e-01
-2.246916e-01 -8.574599e-01  3.536390e-01 -1.433967e+00
-2.586013e-01 -9.572810e-01  8.982276e-01 -8.321137e-01
-2.744491e-01 -9.376833e-01  1.238012e+00 -3.132157e-01
-3.121159e-01 -1.000354e+00  1.859639e-01 -4.467611e-01
-1.193399e+00 -1.334039e+00  2.859599e-01 -2.797955e-01
-2.741013e-01 -9.821416e-01  5.633330e-01 -3.579859e-01
-3.203810e-01 -9.415118e-01  7.744268e-01 -1.661219e-01
-3.247683e-01 -1.440673e+00  2.589504e-01 -9.161709e-01
-2.589447e-01 -3.028471e-01  3.832543e-01 -1.729877e+00
-3.060432e-01 -1.384816e+00  7.839199e-01 -8.094373e-01
-3.411112e-01 -1.424102e+00  1.120599e+00 -3.255003e-01
-2.916492e-01 -1.296398e+00  1.687616e-01 -3.184148e-01
-5.111646e-01 -1.667375e+00  2.521636e-01 -2.552525e-01
-2.532011e-01 -1.270173e+00  4.869631e-01 -2.881353e-01
-3.954064e-01 -1.409821e+00  6.764286e-01 -1.842049e-01
-9.116121e-01 -8.920025e-01  2.839158e-01 -1.000645e+00
-7.036371e-01 -7.746223e-01  3.201756e-01 -1.405929e+00
-8.186906e-01 -8.223106e-01  9.266765e-01 -8.714087e-01
-7.919968e-01 -8.018895e-01  1.329439e+00 -3.326200e-01
-9.573345e-01 -8.525295e-01  2.414574e-01 -5.770173e-01
-1.081010e+00 -8.615053e-01  2.310660e-01 -2.023744e-01
-9.341800e-01 -8.244454e-01  6.835591e-01 -5.055130e-01
-9.733814e-01 -8.456274e-01  7.718875e-01 -1.912603e-01
-1.248994e+00 -3.185076e-01  3.061620e-01 -1.102235e+00
-8.400154e-01 -2.745311e-01  3.878340e-01 -1.538353e+00
-1.092204e+00 -2.994659e-01  1.004995e+00 -9.358266e-01
-1.058041e+00 -2.976791e-01  1.343429e+00 -3.163948e-01
-1.404125e+00 -3.385967e-01  2.539262e-01 -6.324914e-01
-1.473391e+00 -3.463604e-01  2.437748e-01 -2.015994e-01
-1.351105e+00 -3.353434e-01  7.333100e-01 -5.668853e-01
-1.336769e+00 -3.237189e-01  8.004958e-01 -1.957162e-01
-2.120158e-01 -6.253561e-01  2.657202e-01 -8.606896e-01
-1.795658e-01 -4.674456e-01  2.579735e-01 -1.132701e+00
-2.197073e-01 -5.748903e-01  8.507202e-01 -7.548954e-01
-1.936885e-01 -5.341769e-01  1.223884e+00 -3.026283e-01
-2.493216e-01 -5.919825e-01  2.053336e-01 -4.739640e-01
-2.752945e-01 -5.200850e-01  1.823848e-01 -1.604995e-01
-2.421681e-01 -5.909517e-01  5.897601e-01 -4.209554e-01
-2.597185e-01 -5.577818e-01  6.768056e-01 -1.680325e-01
-2.370104e-01 -2.520278e-01  1.129320e+00 -1.262142e+00
-1.808845e-01 -1.708957e-01  3.743499e-01 -1.258995e+00
-2.147352e-01 -1.966615e-01  9.386529e-01 -7.756299e-01
-2.174223e-01 -1.896978e-01  1.148105e+00 -2.840610e-01
-2.259680e-01 -1.550090e-01  2.143446e-01 -4.968713e-01
-2.622775e-01 -1.699269e-01  1.960096e-01 -1.774701e-01
-2.210298e-01 -1.653914e-01  6.056802e-01 -4.624498e-01
-2.398834e-01 -1.790022e-01  6.906803e-01 -1.803680e-01
-6.293977e-01 -5.105052e-01  2.642126e-01 -8.933747e-01
-5.073546e-01 -4.273537e-01  2.349486e-01 -1.128119e+00
-5.995625e-01 -5.123230e-01  8.067032e-01 -7.832895e-01
-3.496774e-01 -3.629974e-01  1.678662e+00 -3.754726e-01
-7.139639e-01 -5.336500e-01  2.232195e-01 -5.259777e-01
-7.723665e-01 -5.211448e-01  1.983520e-01 -1.674505e-01
-6.859971e-01 -5.215278e-01  6.157688e-01 -4.671901e-01
-7.153164e-01 -5.072871e-01  6.557957e-01 -1.726116e-01
-7.895992e-01 -1.784260e-01  2.781956e-01 -9.096241e-01
-5.653463e-01 -1.677673e-01  2.837906e-01 -1.192233e+00
-6.628917e-01 -1.920640e-01  9.035432e-01 -7.841212e-01
-6.202832e-01 -1.735731e-01  1.252582e+00 -3.066848e-01
-8.326132e-01 -1.792554e-01  2.307859e-01 -5.414764e-01
-8.936812e-01 -1.810808e-01  2.080979e-01 -1.810626e-01
-7.612398e-01 -1.820420e-01  6.501819e-01 -4.749409e-01
-7.836666e-01 -1.823686e-01  7.194544e-01 -1.783713e-01
-2.655341e-01 -1.023085e+00 -2.595607e-01  9.304802e-01
-2.246916e-01 -8.574599e-01 -3.536390e-01  1.433967e+00
-2.586013e-01 -9.572810e-01 -8.982276e-01  8.321137e-01
-2.744491e-01 -9.376833e-01 -1.238012e+00  3.132157e-01
-3.121159e-01 -1.000354e+00 -1.859639e-01  4.467611e-01
-1.193399e+00 -1.334039e+00 -2.859599e-01  2.797955e-01
-2.741013e-01 -9.821416e-01 -5.633330e-01  3.579859e-01
-3.203810e-01 -9.415118e-01 -7.744268e-01  1.661219e-01
-3.247683e-01 -1.440673e+00 -2.589504e-01  9.161709e-01
-2.589447e-01 -3.028471e-01 -3.832543e-01  1.729877e+00
-3.060432e-01 -1.384816e+00 -7.839199e-01  8.094373e-01
-3.411112e-01 -1.424102e+00 -1.120599e+00  3.255003e-01
-2.916492e-01 -1.296398e+00 -1.687616e-01  3.184148e-01
-5.111646e-01 -1.667375e+00 -2.521636e-01  2.552525e-01
-2.532011e-01 -1.270173e+00 -4.869631e-01  2.881353e-01
-3.954064e-01 -1.409821e+00 -6.764286e-01  1.842049e-01
-9.116121e-01 -8.920025e-01 -2.839158e-01  1.000645e+00
-7.036371e-01 -7.746223e-01 -3.201756e-01  1.405929e+00
-8.186906e-01 -8.223106e-01 -9.266765e-01  8.714087e-01
-7.919968e-01 -8.018895e-01 -1.329439e+00  3.326200e-01
-9.573345e-01 -8.525295e-01 -2.414574e-01  5.770173e-01
-1.081010e+00 -8.615053e-01 -2.310660e-01  2.023744e-01
-9.341800e-01 -8.244454e-01 -6.835591e-01  5.055130e-01
-9.733814e-01 -8.456274e-01 -7.718875e-01  1.912603e-01
-1.248994e+00 -3.185076e-01 -3.061620e-01  1.102235e+00
-8.400154e-01 -2.745311e-01 -3.878340e-01  1.538353e+00
-1.092204e+00 -2.994659e-01 -1.004995e+00  9.358266e-01
-1.058041e+00 -2.976791e-01 -1.343429e+00  3.163948e-01
-1.404125e+00 -3.385967e-01 -2.539262e-01  6.324914e-01
-1.473391e+00 -3.463604e-01 -2.437748e-01  2.015994e-01
-1.351105e+00 -3.353434e-01 -7.333100e-01  5.668853e-01
-1.336769e+00 -3.237189e-01 -8.004958e-01  1.957162e-01
-2.120158e-01 -6.253561e-01 -2.657202e-01  8.606896e-01
-1.795658e-01 -4.674456e-01 -2.579735e-01  1.132701e+00
-2.197073e-01 -5.748903e-01 -8.507202e-01  7.548954e-01
-1.936885e-01 -5.341769e-01 -1.223884e+00  3.026283e-01
-2.493216e-01 -5.919825e-01 -2.053336e-01  4.739640e-01
-2.752945e-01 -5.200850e-01 -1.823848e-01  1.604995e-01
-2.421681e-01 -5.909517e-01 -5.897601e-01  4.209554e-01
-2.597185e-01 -5.577818e-01 -6.768056e-01  1.680325e-01
-2.370104e-01 -2.520278e-01 -1.129320e+00  1.262142e+00
-1.808845e-01 -1.708957e-01 -3.743499e-01  1.258995e+00
-2.147352e-01 -1.966615e-01 -9.386529e-01  7.756299e-01
-2.174223e-01 -1.896978e-01 -1.148105e+00  2.840610e-01
-2.259680e-01 -1.550090e-01 -2.143446e-01  4.968713e-01
-2.622775e-01 -1.699269e-01 -1.960096e-01  1.774701e-01
-2.210298e-01 -1.653914e-01 -6.056802e-01  4.624498e-01
-2.398834e-01 -1.790022e-01 -6.906803e-01  1.803680e-01
-6.293977e-01 -5.105052e-01 -2.642126e-01  8.933747e-01
-5.073546e-01 -4.273537e-01 -2.349486e-01  1.128119e+00
-5.995625e-01 -5.123230e-01 -8.067032e-01  7.832895e-01
-3.496774e-01 -3.629974e-01 -1.678662e+00  3.754726e-01
-7.139639e-01 -5.336500e-01 -2.232195e-01  5.259777e-01
-7.723665e-01 -5.211448e-01 -1.983520e-01  1.674505e-01
-6.859971e-01 -5.215278e-01 -6.157688e-01  4.671901e-01
-7.153164e-01 -5.072871e-01 -6.557957e-01  1.726116e-01
-7.895992e-01 -1.784260e-01 -2.781956e-01  9.096241e-01
-5.653463e-01 -1.677673e-01 -2.837906e-01  1.192233e+00
-6.628917e-01 -1.920640e-01 -9.035432e-01  7.841212e-01
-6.202832e-01 -1.735731e-01 -1.252582e+00  3.066848e-01
-8.326132e-01 -1.792554e-01 -2.307859e-01  5.414764e-01
-8.936812e-01 -1.810808e-01 -2.080979e-01  1.810626e-01
-7.612398e-01 -1.820420e-01 -6.501819e-01  4.749409e-01
-7.836666e-01 -1.823686e-01 -7.194544e-01  1.783713e-01
-2.655341e-01 -1.023085e+00 -2.595607e-01 -9.304802e-01
-2.246916e-01 -8.574599e-01 -3.536390e-01 -1.433967e+00
-2.586013e-01 -9.572810e-01 -8.982276e-01 -8.321137e-01
-2.744491e-01 -9.376833e-01 -1.238012e+00 -3.132157e-01
-3.121159e-01 -1.000354e+00 -1.859639e-01 -4.467611e-01
-1.193399e+00 -1.334039e+00 -2.859599e-01 -2.797955e-01
-2.741013e-01 -9.821416e-01 -5.633330e-01 -3.579859e-01
-3.203810e-01 -9.415118e-01 -7.744268e-01 -1.661219e-01
-3.247683e-01 -1.440673e+00 -2.589504e-01 -9.161709e-01
-2.589447e-01 -3.028471e-01 -3.832543e-01 -1.729877e+00
-3.060432e-01 -1.384816e+00 -7.839199e-01 -8.094373e-01
-3.411112e-01 -1.424102e+00 -1.120599e+00 -3.255003e-01
-2.916492e-01 -1.296398e+00 -1.687616e-01 -3.184148e-01
-5.111646e-01 -1.667375e+00 -2.521636e-01 -2.552525e-01
-2.532011e-01 -1.270173e+00 -4.869631e-01 -2.881353e-01
-3.954064e-01 -1.409821e+00 -6.764286e-01 -1.842049e-01
-9.116121e-01 -8.920025e-01 -2.839158e-01 -1.000645e+00
-7.036371e-01 -7.746223e-01 -3.201756e-01 -1.405929e+00
-8.186906e-01 -8.223106e-01 -9.266765e-01 -8.714087e-01
-7.919968e-01 -8.018895e-01 -1.329439e+00 -3.326200e-01
-9.573345e-01 -8.525295e-01 -2.414574e-01 -5.770173e-01
-1.081010e+00 -8.615053e-01 -2.310660e-01 -2.023744e-01
-9.341800e-01 -8.244454e-01 -6.835591e-01 -5.055130e-01
-9.733814e-01 -8.456274e-01 -7.718875e-01 -1.912603e-01
-1.248994e+00 -3.185076e-01 -3.061620e-01 -1.102235e+00
-8.400154e-01 -2.745311e-01 -3.878340e-01 -1.538353e+00
-1.092204e+00 -2.994659e-01 -1.004995e+00 -9.358266e-01
-1.058041e+00 -2.976791e-01 -1.343429e+00 -3.163948e-01
-1.404125e+00 -3.385967e-01 -2.539262e-01 -6.324914e-01
-1.473391e+00 -3.463604e-01 -2.437748e-01 -2.015994e-01
-1.351105e+00 -3.353434e-01 -7.333100e-01 -5.668853e-01
-1.336769e+00 -3.237189e-01 -8.004958e-01 -1.957162e-01
-2.120158e-01 -6.253561e-01 -2.657202e-01 -8.606896e-01
-1.795658e-01 -4.674456e-01 -2.579735e-01 -1.132701e+00
-2.197073e-01 -5.748903e-01 -8.507202e-01 -7.548954e-01
-1.936885e-01 -5.341769e-01 -1.223884e+00 -3.026283e-01
-2.493216e-01 -5.919825e-01 -2.053336e-01 -4.739640e-01
-2.752945e-01 -5.200850e-01 -1.823848e-01 -1.604995e-01
-2.421681e-01 -5.909517e-01 -5.897601e-01 -4.209554e-01
-2.597185e-01 -5.577818e-01 -6.768056e-01 -1.680325e-01
-2.370104e-01 -2.520278e-01 -1.129320e+00 -1.262142e+00
-1.808845e-01 -1.708957e-01 -3.743499e-01 -1.258995e+00
-2.147352e-01 -1.966615e-01 -9.386529e-01 -7.756299e-01
-2.174223e-01 -1.896978e-01 -1.148105e+00 -2.840610e-01
-2.259680e-01 -1.550090e-01 -2.143446e-01 -4.968713e-01
-2.622775e-01 -1.699269e-01 -1.960096e-01 -1.774701e-01
-2.210298e-01 -1.653914e-01 -6.056802e-01 -4.624498e-01
-2.398834e-01 -1.790022e-01 -6.906803e-01 -1.803680e-01
-6.293977e-01 -5.105052e-01 -2.642126e-01 -8.933747e-01
-5.073546e-01 -4.273537e-01 -2.349486e-01 -1.128119e+00
-5.995625e-01 -5.123230e-01 -8.067032e-01 -7.832895e-01
-3.496774e-01 -3.629974e-01 -1.678662e+00 -3.754726e-01
-7.139639e-01 -5.336500e-01 -2.232195e-01 -5.259777e-01
-7.723665e-01 -5.211448e-01 -1.983520e-01 -1.674505e-01
-6.859971e-01 -5.215278e-01 -6.157688e-01 -4.671901e-01
-7.153164e-01 -5.072871e-01 -6.557957e-01 -1.726116e-01
-7.895992e-01 -1.784260e-01 -2.781956e-01 -9.096241e-01
-5.653463e-01 -1.677673e-01 -2.837906e-01 -1.192233e+00
-6.628917e-01 -1.920640e-01 -9.035432e-01 -7.841212e-01
-6.202832e-01 -1.735731e-01 -1.252582e+00 -3.066848e-01
-8.326132e-01 -1.792554e-01 -2.307859e-01 -5.414764e-01
-8.936812e-01 -1.810808e-01 -2.080979e-01 -1.810626e-01
-7.612398e-01 -1.820420e-01 -6.501819e-01 -4.749409e-01
-7.836666e-01 -1.823686e-01 -7.194544e-01 -1.783713e-01
