 2.783769e-01  8.707615e-01  8.257441e-01  1.331723e+00
 2.483429e-01  1.087701e+00  2.699211e-01  1.198284e+00
 2.682709e-01  7.457356e-01  1.338421e+00  9.052862e-01
 3.099191e-01  7.982044e-01  1.454003e+00  2.943949e-01
 8.527935e-01  1.274530e+00  2.070426e-01  3.065089e-01
 5.344301e-01  9.617692e-01  2.101417e-01  2.098963e-01
 9.185164e-01  1.303679e+00  6.654444e-01  2.864943e-01
 5.801925e-01  9.908739e-01  6.423660e-01  2.075605e-01
 3.236024e-01  1.552421e+00  2.889934e-01  7.460761e-01
 2.315872e-01  1.146834e+00  2.312476e-01  7.197216e-01
 2.964269e-01  1.242787e+00  8.557215e-01  7.588767e-01
 2.721144e-01  1.160521e+00  1.142251e+00  2.768541e-01
 3.156868e-01  1.552562e+00  2.267687e-01  2.372283e-01
 1.903497e-01  1.120385e+00  2.180509e-01  2.609018e-01
 3.192973e-01  1.554705e+00  7.115456e-01  2.699133e-01
 1.974705e-01  1.118675e+00  6.584499e-01  2.311316e-01
 1.166180e+00  7.851520e-01  3.147709e-01  9.311637e-01
 7.600391e-01  1.085928e+00  2.632842e-01  1.075579e+00
 9.969128e-01  8.929772e-01  8.617228e-01  7.618490e-01
 8.505179e-01  7.863572e-01  1.189821e+00  2.668231e-01
 9.704066e-01  7.863802e-01  2.178806e-01  5.654872e-01
 9.306012e-01  6.573899e-01  2.131309e-01  1.904574e-01
 1.434096e+00  8.577138e-01  3.102050e-01  2.699118e-01
 1.028360e+00  6.903059e-01  6.762161e-01  2.090635e-01
 1.500351e+00  2.958037e-01  2.745552e-01  7.558085e-01
 1.112217e+00  2.246733e-01  2.678941e-01  1.229665e+00
 1.192896e+00  3.036832e-01  9.361162e-01  8.523698e-01
 1.114048e+00  2.774255e-01  1.178667e+00  2.748502e-01
 1.068116e+00  2.395859e-01  2.048339e-01  6.307260e-01
 1.164235e+00  2.263034e-01  2.203770e-01  2.044702e-01
 1.061045e+00  2.111000e-01  6.284645e-01  6.009946e-01
 1.314064e+00  2.635984e-01  6.804835e-01  2.274571e-01
 2.094957e-01  6.137825e-01  5.905983e-01  1.042278e+00
 2.096289e-01  6.189346e-01  1.983438e-01  1.192902e+00
 2.098382e-01  6.436832e-01  9.419669e-01  6.941769e-01
 2.232346e-01  5.968906e-01  1.076126e+00  2.261261e-01
 2.034903e-01  5.581113e-01  2.093578e-01  6.392316e-01
 2.213156e-01  5.953915e-01  1.985265e-01  2.079660e-01
 2.055109e-01  5.854877e-01  5.891253e-01  5.447068e-01
 2.266306e-01  5.948728e-01  6.282383e-01  1.833342e-01
 2.129339e-01  2.259022e-01  8.181565e-01  1.203612e+00
 2.295063e-01  1.805274e-01  2.493587e-01  1.213349e+00
 2.133895e-01  2.111467e-01  1.074850e+00  7.564512e-01
 2.110651e-01  1.968194e-01  1.081344e+00  2.395966e-01
 2.109606e-01  1.827962e-01  2.066991e-01  6.606161e-01
 2.044649e-01  1.839807e-01  2.088339e-01  2.146292e-01
 2.032124e-01  1.771738e-01  6.281671e-01  6.276746e-01
 2.122194e-01  1.825046e-01  6.399860e-01  2.012207e-01
 6.628867e-01  5.811297e-01  5.103193e-01  1.056755e+00
 6.436973e-01  5.786611e-01  2.310811e-01  1.405378e+00
 6.416941e-01  6.348106e-01  9.136288e-01  7.643408e-01
 2.864878e-01  2.416357e-01  1.635533e+00  3.192551e-01
 6.137914e-01  5.736200e-01  2.132921e-01  6.979787e-01
 6.107967e-01  4.708540e-01  2.122865e-01  2.222684e-01
 6.069818e-01  5.378463e-01  6.108639e-01  5.648844e-01
 6.448348e-01  4.941596e-01  6.645939e-01  1.973379e-01
 6.735575e-01  2.286979e-01  7.689735e-01  1.270856e+00
 2.980704e-01  2.630983e-01  3.241942e-01  1.662630e+00
 6.781055e-01  2.299900e-01  1.170919e+00  8.016803e-01
 6.360407e-01  2.177081e-01  1.215766e+00  2.565632e-01
 6.415683e-01  1.842762e-01  2.128000e-01  7.505418e-01
 6.561356e-01  1.538835e-01  2.238881e-01  2.324538e-01
 6.300303e-01  1.657572e-01  6.593933e-01  6.442720e-01
 6.866878e-01  1.646070e-01  7.122265e-01  2.005932e-01
 2.783769e-01  8.707615e-01  8.257441e-01 -1.331723e+00
 2.483429e-01  1.087701e+00  2.699211e-01 -1.198284e+00
 2.682709e-01  7.457356e-01  1.338421e+00 -9.052862e-01
 3.099191e-01  7.982044e-01  1.454003e+00 -2.943949e-01
 8.527935e-01  1.274530e+00  2.070426e-01 -3.065089e-01
 5.344301e-01  9.617692e-01  2.101417e-01 -2.098963e-01
 9.185164e-01  1.303679e+00  6.654444e-01 -2.864943e-01
 5.801925e-01  9.908739e-01  6.423660e-01 -2.075605e-01
 3.236024e-01  1.552421e+00  2.889934e-01 -7.460761e-01
 2.315872e-01  1.146834e+00  2.312476e-01 -7.197216e-01
 2.964269e-01  1.242787e+00  8.557215e-01 -7.588767e-01
 2.721144e-01  1.160521e+00  1.142251e+00 -2.768541e-01
 3.156868e-01  1.552562e+00  2.267687e-01 -2.372283e-01
 1.903497e-01  1.120385e+00  2.180509e-01 -2.609018e-01
 3.192973e-01  1.554705e+00  7.115456e-01 -2.699133e-01
 1.974705e-01  1.118675e+00  6.584499e-01 -2.311316e-01
 1.166180e+00  7.851520e-01  3.147709e-01 -9.311637e-01
 7.600391e-01  1.085928e+00  2.632842e-01 -1.075579e+00
 9.969128e-01  8.929772e-01  8.617228e-01 -7.618490e-01
 8.505179e-01  7.863572e-01  1.189821e+00 -2.668231e-01
 9.704066e-01  7.863802e-01  2.178806e-01 -5.654872e-01
 9.306012e-01  6.573899e-01  2.131309e-01 -1.904574e-01
 1.434096e+00  8.577138e-01  3.102050e-01 -2.699118e-01
 1.028360e+00  6.903059e-01  6.762161e-01 -2.090635e-01
 1.500351e+00  2.958037e-01  2.745552e-01 -7.558085e-01
 1.112217e+00  2.246733e-01  2.678941e-01 -1.229665e+00
 1.192896e+00  3.036832e-01  9.361162e-01 -8.523698e-01
 1.114048e+00  2.774255e-01  1.178667e+00 -2.748502e-01
 1.068116e+00  2.395859e-01  2.048339e-01 -6.307260e-01
 1.164235e+00  2.263034e-01  2.203770e-01 -2.044702e-01
 1.061045e+00  2.111000e-01  6.284645e-01 -6.009946e-01
 1.314064e+00  2.635984e-01  6.804835e-01 -2.274571e-01
 2.094957e-01  6.137825e-01  5.905983e-01 -1.042278e+00
 2.096289e-01  6.189346e-01  1.983438e-01 -1.192902e+00
 2.098382e-01  6.436832e-01  9.419669e-01 -6.941769e-01
 2.232346e-01  5.968906e-01  1.076126e+00 -2.261261e-01
 2.034903e-01  5.581113e-01  2.093578e-01 -6.392316e-01
 2.213156e-01  5.953915e-01  1.985265e-01 -2.079660e-01
 2.055109e-01  5.854877e-01  5.891253e-01 -5.447068e-01
 2.266306e-01  5.948728e-01  6.282383e-01 -1.833342e-01
 2.129339e-01  2.259022e-01  8.181565e-01 -1.203612e+00
 2.295063e-01  1.805274e-01  2.493587e-01 -1.213349e+00
 2.133895e-01  2.111467e-01  1.074850e+00 -7.564512e-01
 2.110651e-01  1.968194e-01  1.081344e+00 -2.395966e-01
 2.109606e-01  1.827962e-01  2.066991e-01 -6.606161e-01
 2.044649e-01  1.839807e-01  2.088339e-01 -2.146292e-01
 2.032124e-01  1.771738e-01  6.281671e-01 -6.276746e-01
 2.122194e-01  1.825046e-01  6.399860e-01 -2.012207e-01
 6.628867e-01  5.811297e-01  5.103193e-01 -1.056755e+00
 6.436973e-01  5.786611e-01  2.310811e-01 -1.405378e+00
 6.416941e-01  6.348106e-01  9.136288e-01 -7.643408e-01
 2.864878e-01  2.416357e-01  1.635533e+00 -3.192551e-01
 6.137914e-01  5.736200e-01  2.132921e-01 -6.979787e-01
 6.107967e-01  4.708540e-01  2.122865e-01 -2.222684e-01
 6.069818e-01  5.378463e-01  6.108639e-01 -5.648844e-01
 6.448348e-01  4.941596e-01  6.645939e-01 -1.973379e-01
 6.735575e-01  2.286979e-01  7.689735e-01 -1.270856e+00
 2.980704e-01  2.630983e-01  3.241942e-01 -1.662630e+00
 6.781055e-01  2.299900e-01  1.170919e+00 -8.016803e-01
 6.360407e-01  2.177081e-01  1.215766e+00 -2.565632e-01
 6.415683e-01  1.842762e-01  2.128000e-01 -7.505418e-01
 6.561356e-01  1.538835e-01  2.238881e-01 -2.324538e-01
 6.300303e-01  1.657572e-01  6.593933e-01 -6.442720e-01
 6.866878e-01  1.646070e-01  7.122265e-01 -2.005932e-01
 2.783769e-01  8.707615e-01 -8.257441e-01  1.331723e+00
 2.483429e-01  1.087701e+00 -2.699211e-01  1.198284e+00
 2.682709e-01  7.457356e-01 -1.338421e+00  9.052862e-01
 3.099191e-01  7.982044e-01 -1.454003e+00  2.943949e-01
 8.527935e-01  1.274530e+00 -2.070426e-01  3.065089e-01
 5.344301e-01  9.617692e-01 -2.101417e-01  2.098963e-01
 9.185164e-01  1.303679e+00 -6.654444e-01  2.864943e-01
 5.801925e-01  9.908739e-01 -6.423660e-01  2.075605e-01
 3.236024e-01  1.552421e+00 -2.889934e-01  7.460761e-01
 2.315872e-01  1.146834e+00 -2.312476e-01  7.197216e-01
 2.964269e-01  1.242787e+00 -8.557215e-01  7.588767e-01
 2.721144e-01  1.160521e+00 -1.142251e+00  2.768541e-01
 3.156868e-01  1.552562e+00 -2.267687e-01  2.372283e-01
 1.903497e-01  1.120385e+00 -2.180509e-01  2.609018e-01
 3.192973e-01  1.554705e+00 -7.115456e-01  2.699133e-01
 1.974705e-01  1.118675e+00 -6.584499e-01  2.311316e-01
 1.166180e+00  7.851520e-01 -3.147709e-01  9.311637e-01
 7.600391e-01  1.085928e+00 -2.632842e-01  1.075579e+00
 9.969128e-01  8.929772e-01 -8.617228e-01  7.618490e-01
 8.505179e-01  7.863572e-01 -1.189821e+00  2.668231e-01
 9.704066e-01  7.863802e-01 -2.178806e-01  5.654872e-01
 9.306012e-01  6.573899e-01 -2.131309e-01  1.904574e-01
 1.434096e+00  8.577138e-01 -3.102050e-01  2.699118e-01
 1.028360e+00  6.903059e-01 -6.762161e-01  2.090635e-01
 1.500351e+00  2.958037e-01 -2.745552e-01  7.558085e-01
 1.112217e+00  2.246733e-01 -2.678941e-01  1.229665e+00
 1.192896e+00  3.036832e-01 -9.361162e-01  8.523698e-01
 1.114048e+00  2.774255e-01 -1.178667e+00  2.748502e-01
 1.068116e+00  2.395859e-01 -2.048339e-01  6.307260e-01
 1.164235e+00  2.263034e-01 -2.203770e-01  2.044702e-01
 1.061045e+00  2.111000e-01 -6.284645e-01  6.009946e-01
 1.314064e+00  2.635984e-01 -6.804835e-01  2.274571e-01
 2.094957e-01  6.137825e-01 -5.905983e-01  1.042278e+00
 2.096289e-01  6.189346e-01 -1.983438e-01  1.192902e+00
 2.098382e-01  6.436832e-01 -9.419669e-01  6.941769e-01
 2.232346e-01  5.968906e-01 -1.076126e+00  2.261261e-01
 2.034903e-01  5.581113e-01 -2.093578e-01  6.392316e-01
 2.213156e-01  5.953915e-01 -1.985265e-01  2.079660e-01
 2.055109e-01  5.854877e-01 -5.891253e-01  5.447068e-01
 2.266306e-01  5.948728e-01 -6.282383e-01  1.833342e-01
 2.129339e-01  2.259022e-01 -8.181565e-01  1.203612e+00
 2.295063e-01  1.805274e-01 -2.493587e-01  1.213349e+00
 2.133895e-01  2.111467e-01 -1.074850e+00  7.564512e-01
 2.110651e-01  1.968194e-01 -1.081344e+00  2.395966e-01
 2.109606e-01  1.827962e-01 -2.066991e-01  6.606161e-01
 2.044649e-01  1.839807e-01 -2.088339e-01  2.146292e-01
 2.032124e-01  1.771738e-01 -6.281671e-01  6.276746e-01
 2.122194e-01  1.825046e-01 -6.399860e-01  2.012207e-01
 6.628867e-01  5.811297e-01 -5.103193e-01  1.056755e+00
 6.436973e-01  5.786611e-01 -2.310811e-01  1.405378e+00
 6.416941e-01  6.348106e-01 -9.136288e-01  7.643408e-01
 2.864878e-01  2.416357e-01 -1.635533e+00  3.192551e-01
 6.137914e-01  5.736200e-01 -2.132921e-01  6.979787e-01
 6.107967e-01  4.708540e-01 -2.122865e-01  2.222684e-01
 6.069818e-01  5.378463e-01 -6.108639e-01  5.648844e-01
 6.448348e-01  4.941596e-01 -6.645939e-01  1.973379e-01
 6.735575e-01  2.286979e-01 -7.689735e-01  1.270856e+00
 2.980704e-01  2.630983e-01 -3.241942e-01  1.662630e+00
 6.781055e-01  2.299900e-01 -1.170919e+00  8.016803e-01
 6.360407e-01  2.177081e-01 -1.215766e+00  2.565632e-01
 6.415683e-01  1.842762e-01 -2.128000e-01  7.505418e-01
 6.561356e-01  1.538835e-01 -2.238881e-01  2.324538e-01
 6.300303e-01  1.657572e-01 -6.593933e-01  6.442720e-01
 6.866878e-01  1.646070e-01 -7.122265e-01  2.005932e-01
 2.783769e-01  8.707615e-01 -8.257441e-01 -1.331723e+00
 2.483429e-01  1.087701e+00 -2.699211e-01 -1.198284e+00
 2.682709e-01  7.457356e-01 -1.338421e+00 -9.052862e-01
 3.099191e-01  7.982044e-01 -1.454003e+00 -2.943949e-01
 8.527935e-01  1.274530e+00 -2.070426e-01 -3.065089e-01
 5.344301e-01  9.617692e-01 -2.101417e-01 -2.098963e-01
 9.185164e-01  1.303679e+00 -6.654444e-01 -2.864943e-01
 5.801925e-01  9.908739e-01 -6.423660e-01 -2.075605e-01
 3.236024e-01  1.552421e+00 -2.889934e-01 -7.460761e-01
 2.315872e-01  1.146834e+00 -2.312476e-01 -7.197216e-01
 2.964269e-01  1.242787e+00 -8.557215e-01 -7.588767e-01
 2.721144e-01  1.160521e+00 -1.142251e+00 -2.768541e-01
 3.156868e-01  1.552562e+00 -2.267687e-01 -2.372283e-01
 1.903497e-01  1.120385e+00 -2.180509e-01 -2.609018e-01
 3.192973e-01  1.554705e+00 -7.115456e-01 -2.699133e-01
 1.974705e-01  1.118675e+00 -6.584499e-01 -2.311316e-01
 1.166180e+00  7.851520e-01 -3.147709e-01 -9.311637e-01
 7.600391e-01  1.085928e+00 -2.632842e-01 -1.075579e+00
 9.969128e-01  8.929772e-01 -8.617228e-01 -7.618490e-01
 8.505179e-01  7.863572e-01 -1.189821e+00 -2.668231e-01
 9.704066e-01  7.863802e-01 -2.178806e-01 -5.654872e-01
 9.306012e-01  6.573899e-01 -2.131309e-01 -1.904574e-01
 1.434096e+00  8.577138e-01 -3.102050e-01 -2.699118e-01
 1.028360e+00  6.903059e-01 -6.762161e-01 -2.090635e-01
 1.500351e+00  2.958037e-01 -2.745552e-01 -7.558085e-01
 1.112217e+00  2.246733e-01 -2.678941e-01 -1.229665e+00
 1.192896e+00  3.036832e-01 -9.361162e-01 -8.523698e-01
 1.114048e+00  2.774255e-01 -1.178667e+00 -2.748502e-01
 1.068116e+00  2.395859e-01 -2.048339e-01 -6.307260e-01
 1.164235e+00  2.263034e-01 -2.203770e-01 -2.044702e-01
 1.061045e+00  2.111000e-01 -6.284645e-01 -6.009946e-01
 1.314064e+00  2.635984e-01 -6.804835e-01 -2.274571e-01
 2.094957e-01  6.137825e-01 -5.905983e-01 -1.042278e+00
 2.096289e-01  6.189346e-01 -1.983438e-01 -1.192902e+00
 2.098382e-01  6.436832e-01 -9.419669e-01 -6.941769e-01
 2.232346e-01  5.968906e-01 -1.076126e+00 -2.261261e-01
 2.034903e-01  5.581113e-01 -2.093578e-01 -6.392316e-01
 2.213156e-01  5.953915e-01 -1.985265e-01 -2.079660e-01
 2.055109e-01  5.854877e-01 -5.891253e-01 -5.447068e-01
 2.266306e-01  5.948728e-01 -6.282383e-01 -1.833342e-01
 2.129339e-01  2.259022e-01 -8.181565e-01 -1.203612e+00
 2.295063e-01  1.805274e-01 -2.493587e-01 -1.213349e+00
 2.133895e-01  2.111467e-01 -1.074850e+00 -7.564512e-01
 2.110651e-01  1.968194e-01 -1.081344e+00 -2.395966e-01
 2.109606e-01  1.827962e-01 -2.066991e-01 -6.606161e-01
 2.044649e-01  1.839807e-01 -2.088339e-01 -2.146292e-01
 2.032124e-01  1.771738e-01 -6.281671e-01 -6.276746e-01
 2.122194e-01  1.825046e-01 -6.399860e-01 -2.012207e-01
 6.628867e-01  5.811297e-01 -5.103193e-01 -1.056755e+00
 6.436973e-01  5.786611e-01 -2.310811e-01 -1.405378e+00
 6.416941e-01  6.348106e-01 -9.136288e-01 -7.643408e-01
 2.864878e-01  2.416357e-01 -1.635533e+00 -3.192551e-01
 6.137914e-01  5.736200e-01 -2.132921e-01 -6.979787e-01
 6.107967e-01  4.708540e-01 -2.122865e-01 -2.222684e-01
 6.069818e-01  5.378463e-01 -6.108639e-01 -5.648844e-01
 6.448348e-01  4.941596e-01 -6.645939e-01 -1.973379e-01
 6.735575e-01  2.286979e-01 -7.689735e-01 -1.270856e+00
 2.980704e-01  2.630983e-01 -3.241942e-01 -1.662630e+00
 6.781055e-01  2.299900e-01 -1.170919e+00 -8.016803e-01
 6.360407e-01  2.177081e-01 -1.215766e+00 -2.565632e-01
 6.415683e-01  1.842762e-01 -2.128000e-01 -7.505418e-01
 6.561356e-01  1.538835e-01 -2.238881e-01 -2.324538e-01
 6.300303e-01  1.657572e-01 -6.593933e-01 -6.442720e-01
 6.866878e-01  1.646070e-01 -7.122265e-01 -2.005932e-01
 2.783769e-01 -8.707615e-01  8.257441e-01  1.331723e+00
 2.483429e-01 -1.087701e+00  2.699211e-01  1.198284e+00
 2.682709e-01 -7.457356e-01  1.338421e+00  9.052862e-01
 3.099191e-01 -7.982044e-01  1.454003e+00  2.943949e-01
 8.527935e-01 -1.274530e+00  2.070426e-01  3.065089e-01
 5.344301e-01 -9.617692e-01  2.101417e-01  2.098963e-01
 9.185164e-01 -1.303679e+00  6.654444e-01  2.864943e-01
 5.801925e-01 -9.908739e-01  6.423660e-01  2.075605e-01
 3.236024e-01 -1.552421e+00  2.889934e-01  7.460761e-01
 2.315872e-01 -1.146834e+00  2.312476e-01  7.197216e-01
 2.964269e-01 -1.242787e+00  8.557215e-01  7.588767e-01
 2.721144e-01 -1.160521e+00  1.142251e+00  2.768541e-01
 3.156868e-01 -1.552562e+00  2.267687e-01  2.372283e-01
 1.903497e-01 -1.120385e+00  2.180509e-01  2.609018e-01
 3.192973e-01 -1.554705e+00  7.115456e-01  2.699133e-01
 1.974705e-01 -1.118675e+00  6.584499e-01  2.311316e-01
 1.166180e+00 -7.851520e-01  3.147709e-01  9.311637e-01
 7.600391e-01 -1.085928e+00  2.632842e-01  1.075579e+00
 9.969128e-01 -8.929772e-01  8.617228e-01  7.618490e-01
 8.505179e-01 -7.863572e-01  1.189821e+00  2.668231e-01
 9.704066e-01 -7.863802e-01  2.178806e-01  5.654872e-01
 9.306012e-01 -6.573899e-01  2.131309e-01  1.904574e-01
 1.434096e+00 -8.577138e-01  3.102050e-01  2.699118e-01
 1.028360e+00 -6.903059e-01  6.762161e-01  2.090635e-01
 1.500351e+00 -2.958037e-01  2.745552e-01  7.558085e-01
 1.112217e+00 -2.246733e-01  2.678941e-01  1.229665e+00
 1.192896e+00 -3.036832e-01  9.361162e-01  8.523698e-01
 1.114048e+00 -2.774255e-01  1.178667e+00  2.748502e-01
 1.068116e+00 -2.395859e-01  2.048339e-01  6.307260e-01
 1.164235e+00 -2.263034e-01  2.203770e-01  2.044702e-01
 1.061045e+00 -2.111000e-01  6.284645e-01  6.009946e-01
 1.314064e+00 -2.635984e-01  6.804835e-01  2.274571e-01
 2.094957e-01 -6.137825e-01  5.905983e-01  1.042278e+00
 2.096289e-01 -6.189346e-01  1.983438e-01  1.192902e+00
 2.098382e-01 -6.436832e-01  9.419669e-01  6.941769e-01
 2.232346e-01 -5.968906e-01  1.076126e+00  2.261261e-01
 2.034903e-01 -5.581113e-01  2.093578e-01  6.392316e-01
 2.213156e-01 -5.953915e-01  1.985265e-01  2.079660e-01
 2.055109e-01 -5.854877e-01  5.891253e-01  5.447068e-01
 2.266306e-01 -5.948728e-01  6.282383e-01  1.833342e-01
 2.129339e-01 -2.259022e-01  8.181565e-01  1.203612e+00
 2.295063e-01 -1.805274e-01  2.493587e-01  1.213349e+00
 2.133895e-01 -2.111467e-01  1.074850e+00  7.564512e-01
 2.110651e-01 -1.968194e-01  1.081344e+00  2.395966e-01
 2.109606e-01 -1.827962e-01  2.066991e-01  6.606161e-01
 2.044649e-01 -1.839807e-01  2.088339e-01  2.146292e-01
 2.032124e-01 -1.771738e-01  6.281671e-01  6.276746e-01
 2.122194e-01 -1.825046e-01  6.399860e-01  2.012207e-01
 6.628867e-01 -5.811297e-01  5.103193e-01  1.056755e+00
 6.436973e-01 -5.786611e-01  2.310811e-01  1.405378e+00
 6.416941e-01 -6.348106e-01  9.136288e-01  7.643408e-01
 2.864878e-01 -2.416357e-01  1.635533e+00  3.192551e-01
 6.137914e-01 -5.736200e-01  2.132921e-01  6.979787e-01
 6.107967e-01 -4.708540e-01  2.122865e-01  2.222684e-01
 6.069818e-01 -5.378463e-01  6.108639e-01  5.648844e-01
 6.448348e-01 -4.941596e-01  6.645939e-01  1.973379e-01
 6.735575e-01 -2.286979e-01  7.689735e-01  1.270856e+00
 2.980704e-01 -2.630983e-01  3.241942e-01  1.662630e+00
 6.781055e-01 -2.299900e-01  1.170919e+00  8.016803e-01
 6.360407e-01 -2.177081e-01  1.215766e+00  2.565632e-01
 6.415683e-01 -1.842762e-01  2.128000e-01  7.505418e-01
 6.561356e-01 -1.538835e-01  2.238881e-01  2.324538e-01
 6.300303e-01 -1.657572e-01  6.593933e-01  6.442720e-01
 6.866878e-01 -1.646070e-01  7.122265e-01  2.005932e-01
 2.783769e-01 -8.707615e-01  8.257441e-01 -1.331723e+00
 2.483429e-01 -1.087701e+00  2.699211e-01 -1.198284e+00
 2.682709e-01 -7.457356e-01  1.338421e+00 -9.052862e-01
 3.099191e-01 -7.982044e-01  1.454003e+00 -2.943949e-01
 8.527935e-01 -1.274530e+00  2.070426e-01 -3.065089e-01
 5.344301e-01 -9.617692e-01  2.101417e-01 -2.098963e-01
 9.185164e-01 -1.303679e+00  6.654444e-01 -2.864943e-01
 5.801925e-01 -9.908739e-01  6.423660e-01 -2.075605e-01
 3.236024e-01 -1.552421e+00  2.889934e-01 -7.460761e-01
 2.315872e-01 -1.146834e+00  2.312476e-01 -7.197216e-01
 2.964269e-01 -1.242787e+00  8.557215e-01 -7.588767e-01
 2.721144e-01 -1.160521e+00  1.142251e+00 -2.768541e-01
 3.156868e-01 -1.552562e+00  2.267687e-01 -2.372283e-01
 1.903497e-01 -1.120385e+00  2.180509e-01 -2.609018e-01
 3.192973e-01 -1.554705e+00  7.115456e-01 -2.699133e-01
 1.974705e-01 -1.118675e+00  6.584499e-01 -2.311316e-01
 1.166180e+00 -7.851520e-01  3.147709e-01 -9.311637e-01
 7.600391e-01 -1.085928e+00  2.632842e-01 -1.075579e+00
 9.969128e-01 -8.929772e-01  8.617228e-01 -7.618490e-01
 8.505179e-01 -7.863572e-01  1.189821e+00 -2.668231e-01
 9.704066e-01 -7.863802e-01  2.178806e-01 -5.654872e-01
 9.306012e-01 -6.573899e-01  2.131309e-01 -1.904574e-01
 1.434096e+00 -8.577138e-01  3.102050e-01 -2.699118e-01
 1.028360e+00 -6.903059e-01  6.762161e-01 -2.090635e-01
 1.500351e+00 -2.958037e-01  2.745552e-01 -7.558085e-01
 1.112217e+00 -2.246733e-01  2.678941e-01 -1.229665e+00
 1.192896e+00 -3.036832e-01  9.361162e-01 -8.523698e-01
 1.114048e+00 -2.774255e-01  1.178667e+00 -2.748502e-01
 1.068116e+00 -2.395859e-01  2.048339e-01 -6.307260e-01
 1.164235e+00 -2.263034e-01  2.203770e-01 -2.044702e-01
 1.061045e+00 -2.111000e-01  6.284645e-01 -6.009946e-01
 1.314064e+00 -2.635984e-01  6.804835e-01 -2.274571e-01
 2.094957e-01 -6.137825e-01  5.905983e-01 -1.042278e+00
 2.096289e-01 -6.189346e-01  1.983438e-01 -1.192902e+00
 2.098382e-01 -6.436832e-01  9.419669e-01 -6.941769e-01
 2.232346e-01 -5.968906e-01  1.076126e+00 -2.261261e-01
 2.034903e-01 -5.581113e-01  2.093578e-01 -6.392316e-01
 2.213156e-01 -5.953915e-01  1.985265e-01 -2.079660e-01
 2.055109e-01 -5.854877e-01  5.891253e-01 -5.447068e-01
 2.266306e-01 -5.948728e-01  6.282383e-01 -1.833342e-01
 2.129339e-01 -2.259022e-01  8.181565e-01 -1.203612e+00
 2.295063e-01 -1.805274e-01  2.493587e-01 -1.213349e+00
 2.133895e-01 -2.111467e-01  1.074850e+00 -7.564512e-01
 2.110651e-01 -1.968194e-01  1.081344e+00 -2.395966e-01
 2.109606e-01 -1.827962e-01  2.066991e-01 -6.606161e-01
 2.044649e-01 -1.839807e-01  2.088339e-01 -2.146292e-01
 2.032124e-01 -1.771738e-01  6.281671e-01 -6.276746e-01
 2.122194e-01 -1.825046e-01  6.399860e-01 -2.012207e-01
 6.628867e-01 -5.811297e-01  5.103193e-01 -1.056755e+00
 6.436973e-01 -5.786611e-01  2.310811e-01 -1.405378e+00
 6.416941e-01 -6.348106e-01  9.136288e-01 -7.643408e-01
 2.864878e-01 -2.416357e-01  1.635533e+00 -3.192551e-01
 6.137914e-01 -5.736200e-01  2.132921e-01 -6.979787e-01
 6.107967e-01 -4.708540e-01  2.122865e-01 -2.222684e-01
 6.069818e-01 -5.378463e-01  6.108639e-01 -5.648844e-01
 6.448348e-01 -4.941596e-01  6.645939e-01 -1.973379e-01
 6.735575e-01 -2.286979e-01  7.689735e-01 -1.270856e+00
 2.980704e-01 -2.630983e-01  3.241942e-01 -1.662630e+00
 6.781055e-01 -2.299900e-01  1.170919e+00 -8.016803e-01
 6.360407e-01 -2.177081e-01  1.215766e+00 -2.565632e-01
 6.415683e-01 -1.842762e-01  2.128000e-01 -7.505418e-01
 6.561356e-01 -1.538835e-01  2.238881e-01 -2.324538e-01
 6.300303e-01 -1.657572e-01  6.593933e-01 -6.442720e-01
 6.866878e-01 -1.646070e-01  7.122265e-01 -2.005932e-01
 2.783769e-01 -8.707615e-01 -8.257441e-01  1.331723e+00
 2.483429e-01 -1.087701e+00 -2.699211e-01  1.198284e+00
 2.682709e-01 -7.457356e-01 -1.338421e+00  9.052862e-01
 3.099191e-01 -7.982044e-01 -1.454003e+00  2.943949e-01
 8.527935e-01 -1.274530e+00 -2.070426e-01  3.065089e-01
 5.344301e-01 -9.617692e-01 -2.101417e-01  2.098963e-01
 9.185164e-01 -1.303679e+00 -6.654444e-01  2.864943e-01
 5.801925e-01 -9.908739e-01 -6.423660e-01  2.075605e-01
 3.236024e-01 -1.552421e+00 -2.889934e-01  7.460761e-01
 2.315872e-01 -1.146834e+00 -2.312476e-01  7.197216e-01
 2.964269e-01 -1.242787e+00 -8.557215e-01  7.588767e-01
 2.721144e-01 -1.160521e+00 -1.142251e+00  2.768541e-01
 3.156868e-01 -1.552562e+00 -2.267687e-01  2.372283e-01
 1.903497e-01 -1.120385e+00 -2.180509e-01  2.609018e-01
 3.192973e-01 -1.554705e+00 -7.115456e-01  2.699133e-01
 1.974705e-01 -1.118675e+00 -6.584499e-01  2.311316e-01
 1.166180e+00 -7.851520e-01 -3.147709e-01  9.311637e-01
 7.600391e-01 -1.085928e+00 -2.632842e-01  1.075579e+00
 9.969128e-01 -8.929772e-01 -8.617228e-01  7.618490e-01
 8.505179e-01 -7.863572e-01 -1.189821e+00  2.668231e-01
 9.704066e-01 -7.863802e-01 -2.178806e-01  5.654872e-01
 9.306012e-01 -6.573899e-01 -2.131309e-01  1.904574e-01
 1.434096e+00 -8.577138e-01 -3.102050e-01  2.699118e-01
 1.028360e+00 -6.903059e-01 -6.762161e-01  2.090635e-01
 1.500351e+00 -2.958037e-01 -2.745552e-01  7.558085e-01
 1.112217e+00 -2.246733e-01 -2.678941e-01  1.229665e+00
 1.192896e+00 -3.036832e-01 -9.361162e-01  8.523698e-01
 1.114048e+00 -2.774255e-01 -1.178667e+00  2.748502e-01
 1.068116e+00 -2.395859e-01 -2.048339e-01  6.307260e-01
 1.164235e+00 -2.263034e-01 -2.203770e-01  2.044702e-01
 1.061045e+00 -2.111000e-01 -6.284645e-01  6.009946e-01
 1.314064e+00 -2.635984e-01 -6.804835e-01  2.274571e-01
 2.094957e-01 -6.137825e-01 -5.905983e-01  1.042278e+00
 2.096289e-01 -6.189346e-01 -1.983438e-01  1.192902e+00
 2.098382e-01 -6.436832e-01 -9.419669e-01  6.941769e-01
 2.232346e-01 -5.968906e-01 -1.076126e+00  2.261261e-01
 2.034903e-01 -5.581113e-01 -2.093578e-01  6.392316e-01
 2.213156e-01 -5.953915e-01 -1.985265e-01  2.079660e-01
 2.055109e-01 -5.854877e-01 -5.891253e-01  5.447068e-01
 2.266306e-01 -5.948728e-01 -6.282383e-01  1.833342e-01
 2.129339e-01 -2.259022e-01 -8.181565e-01  1.203612e+00
 2.295063e-01 -1.805274e-01 -2.493587e-01  1.213349e+00
 2.133895e-01 -2.111467e-01 -1.074850e+00  7.564512e-01
 2.110651e-01 -1.968194e-01 -1.081344e+00  2.395966e-01
 2.109606e-01 -1.827962e-01 -2.066991e-01  6.606161e-01
 2.044649e-01 -1.839807e-01 -2.088339e-01  2.146292e-01
 2.032124e-01 -1.771738e-01 -6.281671e-01  6.276746e-01
 2.122194e-01 -1.825046e-01 -6.399860e-01  2.012207e-01
 6.628867e-01 -5.811297e-01 -5.103193e-01  1.056755e+00
 6.436973e-01 -5.786611e-01 -2.310811e-01  1.405378e+00
 6.416941e-01 -6.348106e-01 -9.136288e-01  7.643408e-01
 2.864878e-01 -2.416357e-01 -1.635533e+00  3.192551e-01
 6.137914e-01 -5.736200e-01 -2.132921e-01  6.979787e-01
 6.107967e-01 -4.708540e-01 -2.122865e-01  2.222684e-01
 6.069818e-01 -5.378463e-01 -6.108639e-01  5.648844e-01
 6.448348e-01 -4.941596e-01 -6.645939e-01  1.973379e-01
 6.735575e-01 -2.286979e-01 -7.689735e-01  1.270856e+00
 2.980704e-01 -2.630983e-01 -3.241942e-01  1.662630e+00
 6.781055e-01 -2.299900e-01 -1.170919e+00  8.016803e-01
 6.360407e-01 -2.177081e-01 -1.215766e+00  2.565632e-01
 6.415683e-01 -1.842762e-01 -2.128000e-01  7.505418e-01
 6.561356e-01 -1.538835e-01 -2.238881e-01  2.324538e-01
 6.300303e-01 -1.657572e-01 -6.593933e-01  6.442720e-01
 6.866878e-01 -1.646070e-01 -7.122265e-01  2.005932e-01
 2.783769e-01 -8.707615e-01 -8.257441e-01 -1.331723e+00
 2.483429e-01 -1.087701e+00 -2.699211e-01 -1.198284e+00
 2.682709e-01 -7.457356e-01 -1.338421e+00 -9.052862e-01
 3.099191e-01 -7.982044e-01 -1.454003e+00 -2.943949e-01
 8.527935e-01 -1.274530e+00 -2.070426e-01 -3.065089e-01
 5.344301e-01 -9.617692e-01 -2.101417e-01 -2.098963e-01
 9.185164e-01 -1.303679e+00 -6.654444e-01 -2.864943e-01
 5.801925e-01 -9.908739e-01 -6.423660e-01 -2.075605e-01
 3.236024e-01 -1.552421e+00 -2.889934e-01 -7.460761e-01
 2.315872e-01 -1.146834e+00 -2.312476e-01 -7.197216e-01
 2.964269e-01 -1.242787e+00 -8.557215e-01 -7.588767e-01
 2.721144e-01 -1.160521e+00 -1.142251e+00 -2.768541e-01
 3.156868e-01 -1.552562e+00 -2.267687e-01 -2.372283e-01
 1.903497e-01 -1.120385e+00 -2.180509e-01 -2.609018e-01
 3.192973e-01 -1.554705e+00 -7.115456e-01 -2.699133e-01
 1.974705e-01 -1.118675e+00 -6.584499e-01 -2.311316e-01
 1.166180e+00 -7.851520e-01 -3.147709e-01 -9.311637e-01
 7.600391e-01 -1.085928e+00 -2.632842e-01 -1.075579e+00
 9.969128e-01 -8.929772e-01 -8.617228e-01 -7.618490e-01
 8.505179e-01 -7.863572e-01 -1.189821e+00 -2.668231e-01
 9.704066e-01 -7.863802e-01 -2.178806e-01 -5.654872e-01
 9.306012e-01 -6.573899e-01 -2.131309e-01 -1.904574e-01
 1.434096e+00 -8.577138e-01 -3.102050e-01 -2.699118e-01
 1.028360e+00 -6.903059e-01 -6.762161e-01 -2.090635e-01
 1.500351e+00 -2.958037e-01 -2.745552e-01 -7.558085e-01
 1.112217e+00 -2.246733e-01 -2.678941e-01 -1.229665e+00
 1.192896e+00 -3.036832e-01 -9.361162e-01 -8.523698e-01
 1.114048e+00 -2.774255e-01 -1.178667e+00 -2.748502e-01
 1.068116e+00 -2.395859e-01 -2.048339e-01 -6.307260e-01
 1.164235e+00 -2.263034e-01 -2.203770e-01 -2.044702e-01
 1.061045e+00 -2.111000e-01 -6.284645e-01 -6.009946e-01
 1.314064e+00 -2.635984e-01 -6.804835e-01 -2.274571e-01
 2.094957e-01 -6.137825e-01 -5.905983e-01 -1.042278e+00
 2.096289e-01 -6.189346e-01 -1.983438e-01 -1.192902e+00
 2.098382e-01 -6.436832e-01 -9.419669e-01 -6.941769e-01
 2.232346e-01 -5.968906e-01 -1.076126e+00 -2.261261e-01
 2.034903e-01 -5.581113e-01 -2.093578e-01 -6.392316e-01
 2.213156e-01 -5.953915e-01 -1.985265e-01 -2.079660e-01
 2.055109e-01 -5.854877e-01 -5.891253e-01 -5.447068e-01
 2.266306e-01 -5.948728e-01 -6.282383e-01 -1.833342e-01
 2.129339e-01 -2.259022e-01 -8.181565e-01 -1.203612e+00
 2.295063e-01 -1.805274e-01 -2.493587e-01 -1.213349e+00
 2.133895e-01 -2.111467e-01 -1.074850e+00 -7.564512e-01
 2.110651e-01 -1.968194e-01 -1.081344e+00 -2.395966e-01
 2.109606e-01 -1.827962e-01 -2.066991e-01 -6.606161e-01
 2.044649e-01 -1.839807e-01 -2.088339e-01 -2.146292e-01
 2.032124e-01 -1.771738e-01 -6.281671e-01 -6.276746e-01
 2.122194e-01 -1.825046e-01 -6.399860e-01 -2.012207e-01
 6.628867e-01 -5.811297e-01 -5.103193e-01 -1.056755e+00
 6.436973e-01 -5.786611e-01 -2.310811e-01 -1.405378e+00
 6.416941e-01 -6.348106e-01 -9.136288e-01 -7.643408e-01
 2.864878e-01 -2.416357e-01 -1.635533e+00 -3.192551e-01
 6.137914e-01 -5.736200e-01 -2.132921e-01 -6.979787e-01
 6.107967e-01 -4.708540e-01 -2.122865e-01 -2.222684e-01
 6.069818e-01 -5.378463e-01 -6.108639e-01 -5.648844e-01
 6.448348e-01 -4.941596e-01 -6.645939e-01 -1.973379e-01
 6.735575e-01 -2.286979e-01 -7.689735e-01 -1.270856e+00
 2.980704e-01 -2.630983e-01 -3.241942e-01 -1.662630e+00
 6.781055e-01 -2.299900e-01 -1.170919e+00 -8.016803e-01
 6.360407e-01 -2.177081e-01 -1.215766e+00 -2.565632e-01
 6.415683e-01 -1.842762e-01 -2.128000e-01 -7.505418e-01
 6.561356e-01 -1.538835e-01 -2.238881e-01 -2.324538e-01
 6.300303e-01 -1.657572e-01 -6.593933e-01 -6.442720e-01
 6.866878e-01 -1.646070e-01 -7.122265e-01 -2.005932e-01
-2.783769e-01  8.707615e-01  8.257441e-01  1.331723e+00
-2.483429e-01  1.087701e+00  2.699211e-01  1.198284e+00
-2.682709e-01  7.457356e-01  1.338421e+00  9.052862e-01
-3.099191e-01  7.982044e-01  1.454003e+00  2.943949e-01
-8.527935e-01  1.274530e+00  2.070426e-01  3.065089e-01
-5.344301e-01  9.617692e-01  2.101417e-01  2.098963e-01
-9.185164e-01  1.303679e+00  6.654444e-01  2.864943e-01
-5.801925e-01  9.908739e-01  6.423660e-01  2.075605e-01
-3.236024e-01  1.552421e+00  2.889934e-01  7.460761e-01
-2.315872e-01  1.146834e+00  2.312476e-01  7.197216e-01
-2.964269e-01  1.242787e+00  8.557215e-01  7.588767e-01
-2.721144e-01  1.160521e+00  1.142251e+00  2.768541e-01
-3.156868e-01  1.552562e+00  2.267687e-01  2.372283e-01
-1.903497e-01  1.120385e+00  2.180509e-01  2.609018e-01
-3.192973e-01  1.554705e+00  7.115456e-01  2.699133e-01
-1.974705e-01  1.118675e+00  6.584499e-01  2.311316e-01
-1.166180e+00  7.851520e-01  3.147709e-01  9.311637e-01
-7.600391e-01  1.085928e+00  2.632842e-01  1.075579e+00
-9.969128e-01  8.929772e-01  8.617228e-01  7.618490e-01
-8.505179e-01  7.863572e-01  1.189821e+00  2.668231e-01
-9.704066e-01  7.863802e-01  2.178806e-01  5.654872e-01
-9.306012e-01  6.573899e-01  2.131309e-01  1.904574e-01
-1.434096e+00  8.577138e-01  3.102050e-01  2.699118e-01
-1.028360e+00  6.903059e-01  6.762161e-01  2.090635e-01
-1.500351e+00  2.958037e-01  2.745552e-01  7.558085e-01
-1.112217e+00  2.246733e-01  2.678941e-01  1.229665e+00
-1.192896e+00  3.036832e-01  9.361162e-01  8.523698e-01
-1.114048e+00  2.774255e-01  1.178667e+00  2.748502e-01
-1.068116e+00  2.395859e-01  2.048339e-01  6.307260e-01
-1.164235e+00  2.263034e-01  2.203770e-01  2.044702e-01
-1.061045e+00  2.111000e-01  6.284645e-01  6.009946e-01
-1.314064e+00  2.635984e-01  6.804835e-01  2.274571e-01
-2.094957e-01  6.137825e-01  5.905983e-01  1.042278e+00
-2.096289e-01  6.189346e-01  1.983438e-01  1.192902e+00
-2.098382e-01  6.436832e-01  9.419669e-01  6.941769e-01
-2.232346e-01  5.968906e-01  1.076126e+00  2.261261e-01
-2.034903e-01  5.581113e-01  2.093578e-01  6.392316e-01
-2.213156e-01  5.953915e-01  1.985265e-01  2.079660e-01
-2.055109e-01  5.854877e-01  5.891253e-01  5.447068e-01
-2.266306e-01  5.948728e-01  6.282383e-01  1.833342e-01
-2.129339e-01  2.259022e-01  8.181565e-01  1.203612e+00
-2.295063e-01  1.805274e-01  2.493587e-01  1.213349e+00
-2.133895e-01  2.111467e-01  1.074850e+00  7.564512e-01
-2.110651e-01  1.968194e-01  1.081344e+00  2.395966e-01
-2.109606e-01  1.827962e-01  2.066991e-01  6.606161e-01
-2.044649e-01  1.839807e-01  2.088339e-01  2.146292e-01
-2.032124e-01  1.771738e-01  6.281671e-01  6.276746e-01
-2.122194e-01  1.825046e-01  6.399860e-01  2.012207e-01
-6.628867e-01  5.811297e-01  5.103193e-01  1.056755e+00
-6.436973e-01  5.786611e-01  2.310811e-01  1.405378e+00
-6.416941e-01  6.348106e-01  9.136288e-01  7.643408e-01
-2.864878e-01  2.416357e-01  1.635533e+00  3.192551e-01
-6.137914e-01  5.736200e-01  2.132921e-01  6.979787e-01
-6.107967e-01  4.708540e-01  2.122865e-01  2.222684e-01
-6.069818e-01  5.378463e-01  6.108639e-01  5.648844e-01
-6.448348e-01  4.941596e-01  6.645939e-01  1.973379e-01
-6.735575e-01  2.286979e-01  7.689735e-01  1.270856e+00
-2.980704e-01  2.630983e-01  3.241942e-01  1.662630e+00
-6.781055e-01  2.299900e-01  1.170919e+00  8.016803e-01
-6.360407e-01  2.177081e-01  1.215766e+00  2.565632e-01
-6.415683e-01  1.842762e-01  2.128000e-01  7.505418e-01
-6.561356e-01  1.538835e-01  2.238881e-01  2.324538e-01
-6.300303e-01  1.657572e-01  6.593933e-01  6.442720e-01
-6.866878e-01  1.646070e-01  7.122265e-01  2.005932e-01
-2.783769e-01  8.707615e-01  8.257441e-01 -1.331723e+00
-2.483429e-01  1.087701e+00  2.699211e-01 -1.198284e+00
-2.682709e-01  7.457356e-01  1.338421e+00 -9.052862e-01
-3.099191e-01  7.982044e-01  1.454003e+00 -2.943949e-01
-8.527935e-01  1.274530e+00  2.070426e-01 -3.065089e-01
-5.344301e-01  9.617692e-01  2.101417e-01 -2.098963e-01
-9.185164e-01  1.303679e+00  6.654444e-01 -2.864943e-01
-5.801925e-01  9.908739e-01  6.423660e-01 -2.075605e-01
-3.236024e-01  1.552421e+00  2.889934e-01 -7.460761e-01
-2.315872e-01  1.146834e+00  2.312476e-01 -7.197216e-01
-2.964269e-01  1.242787e+00  8.557215e-01 -7.588767e-01
-2.721144e-01  1.160521e+00  1.142251e+00 -2.768541e-01
-3.156868e-01  1.552562e+00  2.267687e-01 -2.372283e-01
-1.903497e-01  1.120385e+00  2.180509e-01 -2.609018e-01
-3.192973e-01  1.554705e+00  7.115456e-01 -2.699133e-01
-1.974705e-01  1.118675e+00  6.584499e-01 -2.311316e-01
-1.166180e+00  7.851520e-01  3.147709e-01 -9.311637e-01
-7.600391e-01  1.085928e+00  2.632842e-01 -1.075579e+00
-9.969128e-01  8.929772e-01  8.617228e-01 -7.618490e-01
-8.505179e-01  7.863572e-01  1.189821e+00 -2.668231e-01
-9.704066e-01  7.863802e-01  2.178806e-01 -5.654872e-01
-9.306012e-01  6.573899e-01  2.131309e-01 -1.904574e-01
-1.434096e+00  8.577138e-01  3.102050e-01 -2.699118e-01
-1.028360e+00  6.903059e-01  6.762161e-01 -2.090635e-01
-1.500351e+00  2.958037e-01  2.745552e-01 -7.558085e-01
-1.112217e+00  2.246733e-01  2.678941e-01 -1.229665e+00
-1.192896e+00  3.036832e-01  9.361162e-01 -8.523698e-01
-1.114048e+00  2.774255e-01  1.178667e+00 -2.748502e-01
-1.068116e+00  2.395859e-01  2.048339e-01 -6.307260e-01
-1.164235e+00  2.263034e-01  2.203770e-01 -2.044702e-01
-1.061045e+00  2.111000e-01  6.284645e-01 -6.009946e-01
-1.314064e+00  2.635984e-01  6.804835e-01 -2.274571e-01
-2.094957e-01  6.137825e-01  5.905983e-01 -1.042278e+00
-2.096289e-01  6.189346e-01  1.983438e-01 -1.192902e+00
-2.098382e-01  6.436832e-01  9.419669e-01 -6.941769e-01
-2.232346e-01  5.968906e-01  1.076126e+00 -2.261261e-01
-2.034903e-01  5.581113e-01  2.093578e-01 -6.392316e-01
-2.213156e-01  5.953915e-01  1.985265e-01 -2.079660e-01
-2.055109e-01  5.854877e-01  5.891253e-01 -5.447068e-01
-2.266306e-01  5.948728e-01  6.282383e-01 -1.833342e-01
-2.129339e-01  2.259022e-01  8.181565e-01 -1.203612e+00
-2.295063e-01  1.805274e-01  2.493587e-01 -1.213349e+00
-2.133895e-01  2.111467e-01  1.074850e+00 -7.564512e-01
-2.110651e-01  1.968194e-01  1.081344e+00 -2.395966e-01
-2.109606e-01  1.827962e-01  2.066991e-01 -6.606161e-01
-2.044649e-01  1.839807e-01  2.088339e-01 -2.146292e-01
-2.032124e-01  1.771738e-01  6.281671e-01 -6.276746e-01
-2.122194e-01  1.825046e-01  6.399860e-01 -2.012207e-01
-6.628867e-01  5.811297e-01  5.103193e-01 -1.056755e+00
-6.436973e-01  5.786611e-01  2.310811e-01 -1.405378e+00
-6.416941e-01  6.348106e-01  9.136288e-01 -7.643408e-01
-2.864878e-01  2.416357e-01  1.635533e+00 -3.192551e-01
-6.137914e-01  5.736200e-01  2.132921e-01 -6.979787e-01
-6.107967e-01  4.708540e-01  2.122865e-01 -2.222684e-01
-6.069818e-01  5.378463e-01  6.108639e-01 -5.648844e-01
-6.448348e-01  4.941596e-01  6.645939e-01 -1.973379e-01
-6.735575e-01  2.286979e-01  7.689735e-01 -1.270856e+00
-2.980704e-01  2.630983e-01  3.241942e-01 -1.662630e+00
-6.781055e-01  2.299900e-01  1.170919e+00 -8.016803e-01
-6.360407e-01  2.177081e-01  1.215766e+00 -2.565632e-01
-6.415683e-01  1.842762e-01  2.128000e-01 -7.505418e-01
-6.561356e-01  1.538835e-01  2.238881e-01 -2.324538e-01
-6.300303e-01  1.657572e-01  6.593933e-01 -6.442720e-01
-6.866878e-01  1.646070e-01  7.122265e-01 -2.005932e-01
-2.783769e-01  8.707615e-01 -8.257441e-01  1.331723e+00
-2.483429e-01  1.087701e+00 -2.699211e-01  1.198284e+00
-2.682709e-01  7.457356e-01 -1.338421e+00  9.052862e-01
-3.099191e-01  7.982044e-01 -1.454003e+00  2.943949e-01
-8.527935e-01  1.274530e+00 -2.070426e-01  3.065089e-01
-5.344301e-01  9.617692e-01 -2.101417e-01  2.098963e-01
-9.185164e-01  1.303679e+00 -6.654444e-01  2.864943e-01
-5.801925e-01  9.908739e-01 -6.423660e-01  2.075605e-01
-3.236024e-01  1.552421e+00 -2.889934e-01  7.460761e-01
-2.315872e-01  1.146834e+00 -2.312476e-01  7.197216e-01
-2.964269e-01  1.242787e+00 -8.557215e-01  7.588767e-01
-2.721144e-01  1.160521e+00 -1.142251e+00  2.768541e-01
-3.156868e-01  1.552562e+00 -2.267687e-01  2.372283e-01
-1.903497e-01  1.120385e+00 -2.180509e-01  2.609018e-01
-3.192973e-01  1.554705e+00 -7.115456e-01  2.699133e-01
-1.974705e-01  1.118675e+00 -6.584499e-01  2.311316e-01
-1.166180e+00  7.851520e-01 -3.147709e-01  9.311637e-01
-7.600391e-01  1.085928e+00 -2.632842e-01  1.075579e+00
-9.969128e-01  8.929772e-01 -8.617228e-01  7.618490e-01
-8.505179e-01  7.863572e-01 -1.189821e+00  2.668231e-01
-9.704066e-01  7.863802e-01 -2.178806e-01  5.654872e-01
-9.306012e-01  6.573899e-01 -2.131309e-01  1.904574e-01
-1.434096e+00  8.577138e-01 -3.102050e-01  2.699118e-01
-1.028360e+00  6.903059e-01 -6.762161e-01  2.090635e-01
-1.500351e+00  2.958037e-01 -2.745552e-01  7.558085e-01
-1.112217e+00  2.246733e-01 -2.678941e-01  1.229665e+00
-1.192896e+00  3.036832e-01 -9.361162e-01  8.523698e-01
-1.114048e+00  2.774255e-01 -1.178667e+00  2.748502e-01
-1.068116e+00  2.395859e-01 -2.048339e-01  6.307260e-01
-1.164235e+00  2.263034e-01 -2.203770e-01  2.044702e-01
-1.061045e+00  2.111000e-01 -6.284645e-01  6.009946e-01
-1.314064e+00  2.635984e-01 -6.804835e-01  2.274571e-01
-2.094957e-01  6.137825e-01 -5.905983e-01  1.042278e+00
-2.096289e-01  6.189346e-01 -1.983438e-01  1.192902e+00
-2.098382e-01  6.436832e-01 -9.419669e-01  6.941769e-01
-2.232346e-01  5.968906e-01 -1.076126e+00  2.261261e-01
-2.034903e-01  5.581113e-01 -2.093578e-01  6.392316e-01
-2.213156e-01  5.953915e-01 -1.985265e-01  2.079660e-01
-2.055109e-01  5.854877e-01 -5.891253e-01  5.447068e-01
-2.266306e-01  5.948728e-01 -6.282383e-01  1.833342e-01
-2.129339e-01  2.259022e-01 -8.181565e-01  1.203612e+00
-2.295063e-01  1.805274e-01 -2.493587e-01  1.213349e+00
-2.133895e-01  2.111467e-01 -1.074850e+00  7.564512e-01
-2.110651e-01  1.968194e-01 -1.081344e+00  2.395966e-01
-2.109606e-01  1.827962e-01 -2.066991e-01  6.606161e-01
-2.044649e-01  1.839807e-01 -2.088339e-01  2.146292e-01
-2.032124e-01  1.771738e-01 -6.281671e-01  6.276746e-01
-2.122194e-01  1.825046e-01 -6.399860e-01  2.012207e-01
-6.628867e-01  5.811297e-01 -5.103193e-01  1.056755e+00
-6.436973e-01  5.786611e-01 -2.310811e-01  1.405378e+00
-6.416941e-01  6.348106e-01 -9.136288e-01  7.643408e-01
-2.864878e-01  2.416357e-01 -1.635533e+00  3.192551e-01
-6.137914e-01  5.736200e-01 -2.132921e-01  6.979787e-01
-6.107967e-01  4.708540e-01 -2.122865e-01  2.222684e-01
-6.069818e-01  5.378463e-01 -6.108639e-01  5.648844e-01
-6.448348e-01  4.941596e-01 -6.645939e-01  1.973379e-01
-6.735575e-01  2.286979e-01 -7.689735e-01  1.270856e+00
-2.980704e-01  2.630983e-01 -3.241942e-01  1.662630e+00
-6.781055e-01  2.299900e-01 -1.170919e+00  8.016803e-01
-6.360407e-01  2.177081e-01 -1.215766e+00  2.565632e-01
-6.415683e-01  1.842762e-01 -2.128000e-01  7.505418e-01
-6.561356e-01  1.538835e-01 -2.238881e-01  2.324538e-01
-6.300303e-01  1.657572e-01 -6.593933e-01  6.442720e-01
-6.866878e-01  1.646070e-01 -7.122265e-01  2.005932e-01
-2.783769e-01  8.707615e-01 -8.257441e-01 -1.331723e+00
-2.483429e-01  1.087701e+00 -2.699211e-01 -1.198284e+00
-2.682709e-01  7.457356e-01 -1.338421e+00 -9.052862e-01
-3.099191e-01  7.982044e-01 -1.454003e+00 -2.943949e-01
-8.527935e-01  1.274530e+00 -2.070426e-01 -3.065089e-01
-5.344301e-01  9.617692e-01 -2.101417e-01 -2.098963e-01
-9.185164e-01  1.303679e+00 -6.654444e-01 -2.864943e-01
-5.801925e-01  9.908739e-01 -6.423660e-01 -2.075605e-01
-3.236024e-01  1.552421e+00 -2.889934e-01 -7.460761e-01
-2.315872e-01  1.146834e+00 -2.312476e-01 -7.197216e-01
-2.964269e-01  1.242787e+00 -8.557215e-01 -7.588767e-01
-2.721144e-01  1.160521e+00 -1.142251e+00 -2.768541e-01
-3.156868e-01  1.552562e+00 -2.267687e-01 -2.372283e-01
-1.903497e-01  1.120385e+00 -2.180509e-01 -2.609018e-01
-3.192973e-01  1.554705e+00 -7.115456e-01 -2.699133e-01
-1.974705e-01  1.118675e+00 -6.584499e-01 -2.311316e-01
-1.166180e+00  7.851520e-01 -3.147709e-01 -9.311637e-01
-7.600391e-01  1.085928e+00 -2.632842e-01 -1.075579e+00
-9.969128e-01  8.929772e-01 -8.617228e-01 -7.618490e-01
-8.505179e-01  7.863572e-01 -1.189821e+00 -2.668231e-01
-9.704066e-01  7.863802e-01 -2.178806e-01 -5.654872e-01
-9.306012e-01  6.573899e-01 -2.131309e-01 -1.904574e-01
-1.434096e+00  8.577138e-01 -3.102050e-01 -2.699118e-01
-1.028360e+00  6.903059e-01 -6.762161e-01 -2.090635e-01
-1.500351e+00  2.958037e-01 -2.745552e-01 -7.558085e-01
-1.112217e+00  2.246733e-01 -2.678941e-01 -1.229665e+00
-1.192896e+00  3.036832e-01 -9.361162e-01 -8.523698e-01
-1.114048e+00  2.774255e-01 -1.178667e+00 -2.748502e-01
-1.068116e+00  2.395859e-01 -2.048339e-01 -6.307260e-01
-1.164235e+00  2.263034e-01 -2.203770e-01 -2.044702e-01
-1.061045e+00  2.111000e-01 -6.284645e-01 -6.009946e-01
-1.314064e+00  2.635984e-01 -6.804835e-01 -2.274571e-01
-2.094957e-01  6.137825e-01 -5.905983e-01 -1.042278e+00
-2.096289e-01  6.189346e-01 -1.983438e-01 -1.192902e+00
-2.098382e-01  6.436832e-01 -9.419669e-01 -6.941769e-01
-2.232346e-01  5.968906e-01 -1.076126e+00 -2.261261e-01
-2.034903e-01  5.581113e-01 -2.093578e-01 -6.392316e-01
-2.213156e-01  5.953915e-01 -1.985265e-01 -2.079660e-01
-2.055109e-01  5.854877e-01 -5.891253e-01 -5.447068e-01
-2.266306e-01  5.948728e-01 -6.282383e-01 -1.833342e-01
-2.129339e-01  2.259022e-01 -8.181565e-01 -1.203612e+00
-2.295063e-01  1.805274e-01 -2.493587e-01 -1.213349e+00
-2.133895e-01  2.111467e-01 -1.074850e+00 -7.564512e-01
-2.110651e-01  1.968194e-01 -1.081344e+00 -2.395966e-01
-2.109606e-01  1.827962e-01 -2.066991e-01 -6.606161e-01
-2.044649e-01  1.839807e-01 -2.088339e-01 -2.146292e-01
-2.032124e-01  1.771738e-01 -6.281671e-01 -6.276746e-01
-2.122194e-01  1.825046e-01 -6.399860e-01 -2.012207e-01
-6.628867e-01  5.811297e-01 -5.103193e-01 -1.056755e+00
-6.436973e-01  5.786611e-01 -2.310811e-01 -1.405378e+00
-6.416941e-01  6.348106e-01 -9.136288e-01 -7.643408e-01
-2.864878e-01  2.416357e-01 -1.635533e+00 -3.192551e-01
-6.137914e-01  5.736200e-01 -2.132921e-01 -6.979787e-01
-6.107967e-01  4.708540e-01 -2.122865e-01 -2.222684e-01
-6.069818e-01  5.378463e-01 -6.108639e-01 -5.648844e-01
-6.448348e-01  4.941596e-01 -6.645939e-01 -1.973379e-01
-6.735575e-01  2.286979e-01 -7.689735e-01 -1.270856e+00
-2.980704e-01  2.630983e-01 -3.241942e-01 -1.662630e+00
-6.781055e-01  2.299900e-01 -1.170919e+00 -8.016803e-01
-6.360407e-01  2.177081e-01 -1.215766e+00 -2.565632e-01
-6.415683e-01  1.842762e-01 -2.128000e-01 -7.505418e-01
-6.561356e-01  1.538835e-01 -2.238881e-01 -2.324538e-01
-6.300303e-01  1.657572e-01 -6.593933e-01 -6.442720e-01
-6.866878e-01  1.646070e-01 -7.122265e-01 -2.005932e-01
-2.783769e-01 -8.707615e-01  8.257441e-01  1.331723e+00
-2.483429e-01 -1.087701e+00  2.699211e-01  1.198284e+00
-2.682709e-01 -7.457356e-01  1.338421e+00  9.052862e-01
-3.099191e-01 -7.982044e-01  1.454003e+00  2.943949e-01
-8.527935e-01 -1.274530e+00  2.070426e-01  3.065089e-01
-5.344301e-01 -9.617692e-01  2.101417e-01  2.098963e-01
-9.185164e-01 -1.303679e+00  6.654444e-01  2.864943e-01
-5.801925e-01 -9.908739e-01  6.423660e-01  2.075605e-01
-3.236024e-01 -1.552421e+00  2.889934e-01  7.460761e-01
-2.315872e-01 -1.146834e+00  2.312476e-01  7.197216e-01
-2.964269e-01 -1.242787e+00  8.557215e-01  7.588767e-01
-2.721144e-01 -1.160521e+00  1.142251e+00  2.768541e-01
-3.156868e-01 -1.552562e+00  2.267687e-01  2.372283e-01
-1.903497e-01 -1.120385e+00  2.180509e-01  2.609018e-01
-3.192973e-01 -1.554705e+00  7.115456e-01  2.699133e-01
-1.974705e-01 -1.118675e+00  6.584499e-01  2.311316e-01
-1.166180e+00 -7.851520e-01  3.147709e-01  9.311637e-01
-7.600391e-01 -1.085928e+00  2.632842e-01  1.075579e+00
-9.969128e-01 -8.929772e-01  8.617228e-01  7.618490e-01
-8.505179e-01 -7.863572e-01  1.189821e+00  2.668231e-01
-9.704066e-01 -7.863802e-01  2.178806e-01  5.654872e-01
-9.306012e-01 -6.573899e-01  2.131309e-01  1.904574e-01
-1.434096e+00 -8.577138e-01  3.102050e-01  2.699118e-01
-1.028360e+00 -6.903059e-01  6.762161e-01  2.090635e-01
-1.500351e+00 -2.958037e-01  2.745552e-01  7.558085e-01
-1.112217e+00 -2.246733e-01  2.678941e-01  1.229665e+00
-1.192896e+00 -3.036832e-01  9.361162e-01  8.523698e-01
-1.114048e+00 -2.774255e-01  1.178667e+00  2.748502e-01
-1.068116e+00 -2.395859e-01  2.048339e-01  6.307260e-01
-1.164235e+00 -2.263034e-01  2.203770e-01  2.044702e-01
-1.061045e+00 -2.111000e-01  6.284645e-01  6.009946e-01
-1.314064e+00 -2.635984e-01  6.804835e-01  2.274571e-01
-2.094957e-01 -6.137825e-01  5.905983e-01  1.042278e+00
-2.096289e-01 -6.189346e-01  1.983438e-01  1.192902e+00
-2.098382e-01 -6.436832e-01  9.419669e-01  6.941769e-01
-2.232346e-01 -5.968906e-01  1.076126e+00  2.261261e-01
-2.034903e-01 -5.581113e-01  2.093578e-01  6.392316e-01
-2.213156e-01 -5.953915e-01  1.985265e-01  2.079660e-01
-2.055109e-01 -5.854877e-01  5.891253e-01  5.447068e-01
-2.266306e-01 -5.948728e-01  6.282383e-01  1.833342e-01
-2.129339e-01 -2.259022e-01  8.181565e-01  1.203612e+00
-2.295063e-01 -1.805274e-01  2.493587e-01  1.213349e+00
-2.133895e-01 -2.111467e-01  1.074850e+00  7.564512e-01
-2.110651e-01 -1.968194e-01  1.081344e+00  2.395966e-01
-2.109606e-01 -1.827962e-01  2.066991e-01  6.606161e-01
-2.044649e-01 -1.839807e-01  2.088339e-01  2.146292e-01
-2.032124e-01 -1.771738e-01  6.281671e-01  6.276746e-01
-2.122194e-01 -1.825046e-01  6.399860e-01  2.012207e-01
-6.628867e-01 -5.811297e-01  5.103193e-01  1.056755e+00
-6.436973e-01 -5.786611e-01  2.310811e-01  1.405378e+00
-6.416941e-01 -6.348106e-01  9.136288e-01  7.643408e-01
-2.864878e-01 -2.416357e-01  1.635533e+00  3.192551e-01
-6.137914e-01 -5.736200e-01  2.132921e-01  6.979787e-01
-6.107967e-01 -4.708540e-01  2.122865e-01  2.222684e-01
-6.069818e-01 -5.378463e-01  6.108639e-01  5.648844e-01
-6.448348e-01 -4.941596e-01  6.645939e-01  1.973379e-01
-6.735575e-01 -2.286979e-01  7.689735e-01  1.270856e+00
-2.980704e-01 -2.630983e-01  3.241942e-01  1.662630e+00
-6.781055e-01 -2.299900e-01  1.170919e+00  8.016803e-01
-6.360407e-01 -2.177081e-01  1.215766e+00  2.565632e-01
-6.415683e-01 -1.842762e-01  2.128000e-01  7.505418e-01
-6.561356e-01 -1.538835e-01  2.238881e-01  2.324538e-01
-6.300303e-01 -1.657572e-01  6.593933e-01  6.442720e-01
-6.866878e-01 -1.646070e-01  7.122265e-01  2.005932e-01
-2.783769e-01 -8.707615e-01  8.257441e-01 -1.331723e+00
-2.483429e-01 -1.087701e+00  2.699211e-01 -1.198284e+00
-2.682709e-01 -7.457356e-01  1.338421e+00 -9.052862e-01
-3.099191e-01 -7.982044e-01  1.454003e+00 -2.943949e-01
-8.527935e-01 -1.274530e+00  2.070426e-01 -3.065089e-01
-5.344301e-01 -9.617692e-01  2.101417e-01 -2.098963e-01
-9.185164e-01 -1.303679e+00  6.654444e-01 -2.864943e-01
-5.801925e-01 -9.908739e-01  6.423660e-01 -2.075605e-01
-3.236024e-01 -1.552421e+00  2.889934e-01 -7.460761e-01
-2.315872e-01 -1.146834e+00  2.312476e-01 -7.197216e-01
-2.964269e-01 -1.242787e+00  8.557215e-01 -7.588767e-01
-2.721144e-01 -1.160521e+00  1.142251e+00 -2.768541e-01
-3.156868e-01 -1.552562e+00  2.267687e-01 -2.372283e-01
-1.903497e-01 -1.120385e+00  2.180509e-01 -2.609018e-01
-3.192973e-01 -1.554705e+00  7.115456e-01 -2.699133e-01
-1.974705e-01 -1.118675e+00  6.584499e-01 -2.311316e-01
-1.166180e+00 -7.851520e-01  3.147709e-01 -9.311637e-01
-7.600391e-01 -1.085928e+00  2.632842e-01 -1.075579e+00
-9.969128e-01 -8.929772e-01  8.617228e-01 -7.618490e-01
-8.505179e-01 -7.863572e-01  1.189821e+00 -2.668231e-01
-9.704066e-01 -7.863802e-01  2.178806e-01 -5.654872e-01
-9.306012e-01 -6.573899e-01  2.131309e-01 -1.904574e-01
-1.434096e+00 -8.577138e-01  3.102050e-01 -2.699118e-01
-1.028360e+00 -6.903059e-01  6.762161e-01 -2.090635e-01
-1.500351e+00 -2.958037e-01  2.745552e-01 -7.558085e-01
-1.112217e+00 -2.246733e-01  2.678941e-01 -1.229665e+00
-1.192896e+00 -3.036832e-01  9.361162e-01 -8.523698e-01
-1.114048e+00 -2.774255e-01  1.178667e+00 -2.748502e-01
-1.068116e+00 -2.395859e-01  2.048339e-01 -6.307260e-01
-1.164235e+00 -2.263034e-01  2.203770e-01 -2.044702e-01
-1.061045e+00 -2.111000e-01  6.284645e-01 -6.009946e-01
-1.314064e+00 -2.635984e-01  6.804835e-01 -2.274571e-01
-2.094957e-01 -6.137825e-01  5.905983e-01 -1.042278e+00
-2.096289e-01 -6.189346e-01  1.983438e-01 -1.192902e+00
-2.098382e-01 -6.436832e-01  9.419669e-01 -6.941769e-01
-2.232346e-01 -5.968906e-01  1.076126e+00 -2.261261e-01
-2.034903e-01 -5.581113e-01  2.093578e-01 -6.392316e-01
-2.213156e-01 -5.953915e-01  1.985265e-01 -2.079660e-01
-2.055109e-01 -5.854877e-01  5.891253e-01 -5.447068e-01
-2.266306e-01 -5.948728e-01  6.282383e-01 -1.833342e-01
-2.129339e-01 -2.259022e-01  8.181565e-01 -1.203612e+00
-2.295063e-01 -1.805274e-01  2.493587e-01 -1.213349e+00
-2.133895e-01 -2.111467e-01  1.074850e+00 -7.564512e-01
-2.110651e-01 -1.968194e-01  1.081344e+00 -2.395966e-01
-2.109606e-01 -1.827962e-01  2.066991e-01 -6.606161e-01
-2.044649e-01 -1.839807e-01  2.088339e-01 -2.146292e-01
-2.032124e-01 -1.771738e-01  6.281671e-01 -6.276746e-01
-2.122194e-01 -1.825046e-01  6.399860e-01 -2.012207e-01
-6.628867e-01 -5.811297e-01  5.103193e-01 -1.056755e+00
-6.436973e-01 -5.786611e-01  2.310811e-01 -1.405378e+00
-6.416941e-01 -6.348106e-01  9.136288e-01 -7.643408e-01
-2.864878e-01 -2.416357e-01  1.635533e+00 -3.192551e-01
-6.137914e-01 -5.736200e-01  2.132921e-01 -6.979787e-01
-6.107967e-01 -4.708540e-01  2.122865e-01 -2.222684e-01
-6.069818e-01 -5.378463e-01  6.108639e-01 -5.648844e-01
-6.448348e-01 -4.941596e-01  6.645939e-01 -1.973379e-01
-6.735575e-01 -2.286979e-01  7.689735e-01 -1.270856e+00
-2.980704e-01 -2.630983e-01  3.241942e-01 -1.662630e+00
-6.781055e-01 -2.299900e-01  1.170919e+00 -8.016803e-01
-6.360407e-01 -2.177081e-01  1.215766e+00 -2.565632e-01
-6.415683e-01 -1.842762e-01  2.128000e-01 -7.505418e-01
-6.561356e-01 -1.538835e-01  2.238881e-01 -2.324538e-01
-6.300303e-01 -1.657572e-01  6.593933e-01 -6.442720e-01
-6.866878e-01 -1.646070e-01  7.122265e-01 -2.005932e-01
-2.783769e-01 -8.707615e-01 -8.257441e-01  1.331723e+00
-2.483429e-01 -1.087701e+00 -2.699211e-01  1.198284e+00
-2.682709e-01 -7.457356e-01 -1.338421e+00  9.052862e-01
-3.099191e-01 -7.982044e-01 -1.454003e+00  2.943949e-01
-8.527935e-01 -1.274530e+00 -2.070426e-01  3.065089e-01
-5.344301e-01 -9.617692e-01 -2.101417e-01  2.098963e-01
-9.185164e-01 -1.303679e+00 -6.654444e-01  2.864943e-01
-5.801925e-01 -9.908739e-01 -6.423660e-01  2.075605e-01
-3.236024e-01 -1.552421e+00 -2.889934e-01  7.460761e-01
-2.315872e-01 -1.146834e+00 -2.312476e-01  7.197216e-01
-2.964269e-01 -1.242787e+00 -8.557215e-01  7.588767e-01
-2.721144e-01 -1.160521e+00 -1.142251e+00  2.768541e-01
-3.156868e-01 -1.552562e+00 -2.267687e-01  2.372283e-01
-1.903497e-01 -1.120385e+00 -2.180509e-01  2.609018e-01
-3.192973e-01 -1.554705e+00 -7.115456e-01  2.699133e-01
-1.974705e-01 -1.118675e+00 -6.584499e-01  2.311316e-01
-1.166180e+00 -7.851520e-01 -3.147709e-01  9.311637e-01
-7.600391e-01 -1.085928e+00 -2.632842e-01  1.075579e+00
-9.969128e-01 -8.929772e-01 -8.617228e-01  7.618490e-01
-8.505179e-01 -7.863572e-01 -1.189821e+00  2.668231e-01
-9.704066e-01 -7.863802e-01 -2.178806e-01  5.654872e-01
-9.306012e-01 -6.573899e-01 -2.131309e-01  1.904574e-01
-1.434096e+00 -8.577138e-01 -3.102050e-01  2.699118e-01
-1.028360e+00 -6.903059e-01 -6.762161e-01  2.090635e-01
-1.500351e+00 -2.958037e-01 -2.745552e-01  7.558085e-01
-1.112217e+00 -2.246733e-01 -2.678941e-01  1.229665e+00
-1.192896e+00 -3.036832e-01 -9.361162e-01  8.523698e-01
-1.114048e+00 -2.774255e-01 -1.178667e+00  2.748502e-01
-1.068116e+00 -2.395859e-01 -2.048339e-01  6.307260e-01
-1.164235e+00 -2.263034e-01 -2.203770e-01  2.044702e-01
-1.061045e+00 -2.111000e-01 -6.284645e-01  6.009946e-01
-1.314064e+00 -2.635984e-01 -6.804835e-01  2.274571e-01
-2.094957e-01 -6.137825e-01 -5.905983e-01  1.042278e+00
-2.096289e-01 -6.189346e-01 -1.983438e-01  1.192902e+00
-2.098382e-01 -6.436832e-01 -9.419669e-01  6.941769e-01
-2.232346e-01 -5.968906e-01 -1.076126e+00  2.261261e-01
-2.034903e-01 -5.581113e-01 -2.093578e-01  6.392316e-01
-2.213156e-01 -5.953915e-01 -1.985265e-01  2.079660e-01
-2.055109e-01 -5.854877e-01 -5.891253e-01  5.447068e-01
-2.266306e-01 -5.948728e-01 -6.282383e-01  1.833342e-01
-2.129339e-01 -2.259022e-01 -8.181565e-01  1.203612e+00
-2.295063e-01 -1.805274e-01 -2.493587e-01  1.213349e+00
-2.133895e-01 -2.111467e-01 -1.074850e+00  7.564512e-01
-2.110651e-01 -1.968194e-01 -1.081344e+00  2.395966e-01
-2.109606e-01 -1.827962e-01 -2.066991e-01  6.606161e-01
-2.044649e-01 -1.839807e-01 -2.088339e-01  2.146292e-01
-2.032124e-01 -1.771738e-01 -6.281671e-01  6.276746e-01
-2.122194e-01 -1.825046e-01 -6.399860e-01  2.012207e-01
-6.628867e-01 -5.811297e-01 -5.103193e-01  1.056755e+00
-6.436973e-01 -5.786611e-01 -2.310811e-01  1.405378e+00
-6.416941e-01 -6.348106e-01 -9.136288e-01  7.643408e-01
-2.864878e-01 -2.416357e-01 -1.635533e+00  3.192551e-01
-6.137914e-01 -5.736200e-01 -2.132921e-01  6.979787e-01
-6.107967e-01 -4.708540e-01 -2.122865e-01  2.222684e-01
-6.069818e-01 -5.378463e-01 -6.108639e-01  5.648844e-01
-6.448348e-01 -4.941596e-01 -6.645939e-01  1.973379e-01
-6.735575e-01 -2.286979e-01 -7.689735e-01  1.270856e+00
-2.980704e-01 -2.630983e-01 -3.241942e-01  1.662630e+00
-6.781055e-01 -2.299900e-01 -1.170919e+00  8.016803e-01
-6.360407e-01 -2.177081e-01 -1.215766e+00  2.565632e-01
-6.415683e-01 -1.842762e-01 -2.128000e-01  7.505418e-01
-6.561356e-01 -1.538835e-01 -2.238881e-01  2.324538e-01
-6.300303e-01 -1.657572e-01 -6.593933e-01  6.442720e-01
-6.866878e-01 -1.646070e-01 -7.122265e-01  2.005932e-01
-2.783769e-01 -8.707615e-01 -8.257441e-01 -1.331723e+00
-2.483429e-01 -1.087701e+00 -2.699211e-01 -1.198284e+00
-2.682709e-01 -7.457356e-01 -1.338421e+00 -9.052862e-01
-3.099191e-01 -7.982044e-01 -1.454003e+00 -2.943949e-01
-8.527935e-01 -1.274530e+00 -2.070426e-01 -3.065089e-01
-5.344301e-01 -9.617692e-01 -2.101417e-01 -2.098963e-01
-9.185164e-01 -1.303679e+00 -6.654444e-01 -2.864943e-01
-5.801925e-01 -9.908739e-01 -6.423660e-01 -2.075605e-01
-3.236024e-01 -1.552421e+00 -2.889934e-01 -7.460761e-01
-2.315872e-01 -1.146834e+00 -2.312476e-01 -7.197216e-01
-2.964269e-01 -1.242787e+00 -8.557215e-01 -7.588767e-01
-2.721144e-01 -1.160521e+00 -1.142251e+00 -2.768541e-01
-3.156868e-01 -1.552562e+00 -2.267687e-01 -2.372283e-01
-1.903497e-01 -1.120385e+00 -2.180509e-01 -2.609018e-01
-3.192973e-01 -1.554705e+00 -7.115456e-01 -2.699133e-01
-1.974705e-01 -1.118675e+00 -6.584499e-01 -2.311316e-01
-1.166180e+00 -7.851520e-01 -3.147709e-01 -9.311637e-01
-7.600391e-01 -1.085928e+00 -2.632842e-01 -1.075579e+00
-9.969128e-01 -8.929772e-01 -8.617228e-01 -7.618490e-01
-8.505179e-01 -7.863572e-01 -1.189821e+00 -2.668231e-01
-9.704066e-01 -7.863802e-01 -2.178806e-01 -5.654872e-01
-9.306012e-01 -6.573899e-01 -2.131309e-01 -1.904574e-01
-1.434096e+00 -8.577138e-01 -3.102050e-01 -2.699118e-01
-1.028360e+00 -6.903059e-01 -6.762161e-01 -2.090635e-01
-1.500351e+00 -2.958037e-01 -2.745552e-01 -7.558085e-01
-1.112217e+00 -2.246733e-01 -2.678941e-01 -1.229665e+00
-1.192896e+00 -3.036832e-01 -9.361162e-01 -8.523698e-01
-1.114048e+00 -2.774255e-01 -1.178667e+00 -2.748502e-01
-1.068116e+00 -2.395859e-01 -2.048339e-01 -6.307260e-01
-1.164235e+00 -2.263034e-01 -2.203770e-01 -2.044702e-01
-1.061045e+00 -2.111000e-01 -6.284645e-01 -6.009946e-01
-1.314064e+00 -2.635984e-01 -6.804835e-01 -2.274571e-01
-2.094957e-01 -6.137825e-01 -5.905983e-01 -1.042278e+00
-2.096289e-01 -6.189346e-01 -1.983438e-01 -1.192902e+00
-2.098382e-01 -6.436832e-01 -9.419669e-01 -6.941769e-01
-2.232346e-01 -5.968906e-01 -1.076126e+00 -2.261261e-01
-2.034903e-01 -5.581113e-01 -2.093578e-01 -6.392316e-01
-2.213156e-01 -5.953915e-01 -1.985265e-01 -2.079660e-01
-2.055109e-01 -5.854877e-01 -5.891253e-01 -5.447068e-01
-2.266306e-01 -5.948728e-01 -6.282383e-01 -1.833342e-01
-2.129339e-01 -2.259022e-01 -8.181565e-01 -1.203612e+00
-2.295063e-01 -1.805274e-01 -2.493587e-01 -1.213349e+00
-2.133895e-01 -2.111467e-01 -1.074850e+00 -7.564512e-01
-2.110651e-01 -1.968194e-01 -1.081344e+00 -2.395966e-01
-2.109606e-01 -1.827962e-01 -2.066991e-01 -6.606161e-01
-2.044649e-01 -1.839807e-01 -2.088339e-01 -2.146292e-01
-2.032124e-01 -1.771738e-01 -6.281671e-01 -6.276746e-01
-2.122194e-01 -1.825046e-01 -6.399860e-01 -2.012207e-01
-6.628867e-01 -5.811297e-01 -5.103193e-01 -1.056755e+00
-6.436973e-01 -5.786611e-01 -2.310811e-01 -1.405378e+00
-6.416941e-01 -6.348106e-01 -9.136288e-01 -7.643408e-01
-2.864878e-01 -2.416357e-01 -1.635533e+00 -3.192551e-01
-6.137914e-01 -5.736200e-01 -2.132921e-01 -6.979787e-01
-6.107967e-01 -4.708540e-01 -2.122865e-01 -2.222684e-01
-6.069818e-01 -5.378463e-01 -6.108639e-01 -5.648844e-01
-6.448348e-01 -4.941596e-01 -6.645939e-01 -1.973379e-01
-6.735575e-01 -2.286979e-01 -7.689735e-01 -1.270856e+00
-2.980704e-01 -2.630983e-01 -3.241942e-01 -1.662630e+00
-6.781055e-01 -2.299900e-01 -1.170919e+00 -8.016803e-01
-6.360407e-01 -2.177081e-01 -1.215766e+00 -2.565632e-01
-6.415683e-01 -1.842762e-01 -2.128000e-01 -7.505418e-01
-6.561356e-01 -1.538835e-01 -2.238881e-01 -2.324538e-01
-6.300303e-01 -1.657572e-01 -6.593933e-01 -6.442720e-01
-6.866878e-01 -1.646070e-01 -7.122265e-01 -2.005932e-01
