 5.689678e-01  1.114623e+00  4.847278e-01  1.154322e+00
 5.170264e-01  1.163676e+00  1.055019e+00  4.485649e-01
 1.011673e+00  1.110587e+00  3.018360e-01  4.249637e-01
 3.602887e-01  1.364483e+00  3.510219e-01  3.272361e-01
 1.125484e+00  3.776366e-01  4.934654e-01  1.062745e+00
 1.027472e+00  3.883317e-01  1.119696e+00  3.986093e-01
 1.417005e+00  4.368947e-01  3.315674e-01  4.028365e-01
 9.353197e-01  2.803423e-01  4.105241e-01  2.518861e-01
 3.401542e-01  4.272463e-01  3.782856e-01  1.492202e+00
 2.577232e-01  7.431554e-01  1.006583e+00  3.275327e-01
 2.704861e-01  6.111305e-01  2.564531e-01  8.158641e-01
 2.774138e-01  7.524800e-01  3.428711e-01  2.804606e-01
 3.787477e-01  3.046483e-01  9.948599e-01  1.102268e+00
 3.573986e-01  2.789782e-01  1.270676e+00  3.886715e-01
 3.433691e-01  2.111223e-01  3.500093e-01  7.607741e-01
 3.636442e-01  2.389603e-01  4.092118e-01  2.550119e-01
 5.689678e-01  1.114623e+00  4.847278e-01 -1.154322e+00
 5.170264e-01  1.163676e+00  1.055019e+00 -4.485649e-01
 1.011673e+00  1.110587e+00  3.018360e-01 -4.249637e-01
 3.602887e-01  1.364483e+00  3.510219e-01 -3.272361e-01
 1.125484e+00  3.776366e-01  4.934654e-01 -1.062745e+00
 1.027472e+00  3.883317e-01  1.119696e+00 -3.986093e-01
 1.417005e+00  4.368947e-01  3.315674e-01 -4.028365e-01
 9.353197e-01  2.803423e-01  4.105241e-01 -2.518861e-01
 3.401542e-01  4.272463e-01  3.782856e-01 -1.492202e+00
 2.577232e-01  7.431554e-01  1.006583e+00 -3.275327e-01
 2.704861e-01  6.111305e-01  2.564531e-01 -8.158641e-01
 2.774138e-01  7.524800e-01  3.428711e-01 -2.804606e-01
 3.787477e-01  3.046483e-01  9.948599e-01 -1.102268e+00
 3.573986e-01  2.789782e-01  1.270676e+00 -3.886715e-01
 3.433691e-01  2.111223e-01  3.500093e-01 -7.607741e-01
 3.636442e-01  2.389603e-01  4.092118e-01 -2.550119e-01
 5.689678e-01  1.114623e+00 -4.847278e-01  1.154322e+00
 5.170264e-01  1.163676e+00 -1.055019e+00  4.485649e-01
 1.011673e+00  1.110587e+00 -3.018360e-01  4.249637e-01
 3.602887e-01  1.364483e+00 -3.510219e-01  3.272361e-01
 1.125484e+00  3.776366e-01 -4.934654e-01  1.062745e+00
 1.027472e+00  3.883317e-01 -1.119696e+00  3.986093e-01
 1.417005e+00  4.368947e-01 -3.315674e-01  4.028365e-01
 9.353197e-01  2.803423e-01 -4.105241e-01  2.518861e-01
 3.401542e-01  4.272463e-01 -3.782856e-01  1.492202e+00
 2.577232e-01  7.431554e-01 -1.006583e+00  3.275327e-01
 2.704861e-01  6.111305e-01 -2.564531e-01  8.158641e-01
 2.774138e-01  7.524800e-01 -3.428711e-01  2.804606e-01
 3.787477e-01  3.046483e-01 -9.948599e-01  1.102268e+00
 3.573986e-01  2.789782e-01 -1.270676e+00  3.886715e-01
 3.433691e-01  2.111223e-01 -3.500093e-01  7.607741e-01
 3.636442e-01  2.389603e-01 -4.092118e-01  2.550119e-01
 5.689678e-01  1.114623e+00 -4.847278e-01 -1.154322e+00
 5.170264e-01  1.163676e+00 -1.055019e+00 -4.485649e-01
 1.011673e+00  1.110587e+00 -3.018360e-01 -4.249637e-01
 3.602887e-01  1.364483e+00 -3.510219e-01 -3.272361e-01
 1.125484e+00  3.776366e-01 -4.934654e-01 -1.062745e+00
 1.027472e+00  3.883317e-01 -1.119696e+00 -3.986093e-01
 1.417005e+00  4.368947e-01 -3.315674e-01 -4.028365e-01
 9.353197e-01  2.803423e-01 -4.105241e-01 -2.518861e-01
 3.401542e-01  4.272463e-01 -3.782856e-01 -1.492202e+00
 2.577232e-01  7.431554e-01 -1.006583e+00 -3.275327e-01
 2.704861e-01  6.111305e-01 -2.564531e-01 -8.158641e-01
 2.774138e-01  7.524800e-01 -3.428711e-01 -2.804606e-01
 3.787477e-01  3.046483e-01 -9.948599e-01 -1.102268e+00
 3.573986e-01  2.789782e-01 -1.270676e+00 -3.886715e-01
 3.433691e-01  2.111223e-01 -3.500093e-01 -7.607741e-01
 3.636442e-01  2.389603e-01 -4.092118e-01 -2.550119e-01
 5.689678e-01 -1.114623e+00  4.847278e-01  1.154322e+00
 5.170264e-01 -1.163676e+00  1.055019e+00  4.485649e-01
 1.011673e+00 -1.110587e+00  3.018360e-01  4.249637e-01
 3.602887e-01 -1.364483e+00  3.510219e-01  3.272361e-01
 1.125484e+00 -3.776366e-01  4.934654e-01  1.062745e+00
 1.027472e+00 -3.883317e-01  1.119696e+00  3.986093e-01
 1.417005e+00 -4.368947e-01  3.315674e-01  4.028365e-01
 9.353197e-01 -2.803423e-01  4.105241e-01  2.518861e-01
 3.401542e-01 -4.272463e-01  3.782856e-01  1.492202e+00
 2.577232e-01 -7.431554e-01  1.006583e+00  3.275327e-01
 2.704861e-01 -6.111305e-01  2.564531e-01  8.158641e-01
 2.774138e-01 -7.524800e-01  3.428711e-01  2.804606e-01
 3.787477e-01 -3.046483e-01  9.948599e-01  1.102268e+00
 3.573986e-01 -2.789782e-01  1.270676e+00  3.886715e-01
 3.433691e-01 -2.111223e-01  3.500093e-01  7.607741e-01
 3.636442e-01 -2.389603e-01  4.092118e-01  2.550119e-01
 5.689678e-01 -1.114623e+00  4.847278e-01 -1.154322e+00
 5.170264e-01 -1.163676e+00  1.055019e+00 -4.485649e-01
 1.011673e+00 -1.110587e+00  3.018360e-01 -4.249637e-01
 3.602887e-01 -1.364483e+00  3.510219e-01 -3.272361e-01
 1.125484e+00 -3.776366e-01  4.934654e-01 -1.062745e+00
 1.027472e+00 -3.883317e-01  1.119696e+00 -3.986093e-01
 1.417005e+00 -4.368947e-01  3.315674e-01 -4.028365e-01
 9.353197e-01 -2.803423e-01  4.105241e-01 -2.518861e-01
 3.401542e-01 -4.272463e-01  3.782856e-01 -1.492202e+00
 2.577232e-01 -7.431554e-01  1.006583e+00 -3.275327e-01
 2.704861e-01 -6.111305e-01  2.564531e-01 -8.158641e-01
 2.774138e-01 -7.524800e-01  3.428711e-01 -2.804606e-01
 3.787477e-01 -3.046483e-01  9.948599e-01 -1.102268e+00
 3.573986e-01 -2.789782e-01  1.270676e+00 -3.886715e-01
 3.433691e-01 -2.111223e-01  3.500093e-01 -7.607741e-01
 3.636442e-01 -2.389603e-01  4.092118e-01 -2.550119e-01
 5.689678e-01 -1.114623e+00 -4.847278e-01  1.154322e+00
 5.170264e-01 -1.163676e+00 -1.055019e+00  4.485649e-01
 1.011673e+00 -1.110587e+00 -3.018360e-01  4.249637e-01
 3.602887e-01 -1.364483e+00 -3.510219e-01  3.272361e-01
 1.125484e+00 -3.776366e-01 -4.934654e-01  1.062745e+00
 1.027472e+00 -3.883317e-01 -1.119696e+00  3.986093e-01
 1.417005e+00 -4.368947e-01 -3.315674e-01  4.028365e-01
 9.353197e-01 -2.803423e-01 -4.105241e-01  2.518861e-01
 3.401542e-01 -4.272463e-01 -3.782856e-01  1.492202e+00
 2.577232e-01 -7.431554e-01 -1.006583e+00  3.275327e-01
 2.704861e-01 -6.111305e-01 -2.564531e-01  8.158641e-01
 2.774138e-01 -7.524800e-01 -3.428711e-01  2.804606e-01
 3.787477e-01 -3.046483e-01 -9.948599e-01  1.102268e+00
 3.573986e-01 -2.789782e-01 -1.270676e+00  3.886715e-01
 3.433691e-01 -2.111223e-01 -3.500093e-01  7.607741e-01
 3.636442e-01 -2.389603e-01 -4.092118e-01  2.550119e-01
 5.689678e-01 -1.114623e+00 -4.847278e-01 -1.154322e+00
 5.170264e-01 -1.163676e+00 -1.055019e+00 -4.485649e-01
 1.011673e+00 -1.110587e+00 -3.018360e-01 -4.249637e-01
 3.602887e-01 -1.364483e+00 -3.510219e-01 -3.272361e-01
 1.125484e+00 -3.776366e-01 -4.934654e-01 -1.062745e+00
 1.027472e+00 -3.883317e-01 -1.119696e+00 -3.986093e-01
 1.417005e+00 -4.368947e-01 -3.315674e-01 -4.028365e-01
 9.353197e-01 -2.803423e-01 -4.105241e-01 -2.518861e-01
 3.401542e-01 -4.272463e-01 -3.782856e-01 -1.492202e+00
 2.577232e-01 -7.431554e-01 -1.006583e+00 -3.275327e-01
 2.704861e-01 -6.111305e-01 -2.564531e-01 -8.158641e-01
 2.774138e-01 -7.524800e-01 -3.428711e-01 -2.804606e-01
 3.787477e-01 -3.046483e-01 -9.948599e-01 -1.102268e+00
 3.573986e-01 -2.789782e-01 -1.270676e+00 -3.886715e-01
 3.433691e-01 -2.111223e-01 -3.500093e-01 -7.607741e-01
 3.636442e-01 -2.389603e-01 -4.092118e-01 -2.550119e-01
-5.689678e-01  1.114623e+00  4.847278e-01  1.154322e+00
-5.170264e-01  1.163676e+00  1.055019e+00  4.485649e-01
-1.011673e+00  1.110587e+00  3.018360e-01  4.249637e-01
-3.602887e-01  1.364483e+00  3.510219e-01  3.272361e-01
-1.125484e+00  3.776366e-01  4.934654e-01  1.062745e+00
-1.027472e+00  3.883317e-01  1.119696e+00  3.986093e-01
-1.417005e+00  4.368947e-01  3.315674e-01  4.028365e-01
-9.353197e-01  2.803423e-01  4.105241e-01  2.518861e-01
-3.401542e-01  4.272463e-01  3.782856e-01  1.492202e+00
-2.577232e-01  7.431554e-01  1.006583e+00  3.275327e-01
-2.704861e-01  6.111305e-01  2.564531e-01  8.158641e-01
-2.774138e-01  7.524800e-01  3.428711e-01  2.804606e-01
-3.787477e-01  3.046483e-01  9.948599e-01  1.102268e+00
-3.573986e-01  2.789782e-01  1.270676e+00  3.886715e-01
-3.433691e-01  2.111223e-01  3.500093e-01  7.607741e-01
-3.636442e-01  2.389603e-01  4.092118e-01  2.550119e-01
-5.689678e-01  1.114623e+00  4.847278e-01 -1.154322e+00
-5.170264e-01  1.163676e+00  1.055019e+00 -4.485649e-01
-1.011673e+00  1.110587e+00  3.018360e-01 -4.249637e-01
-3.602887e-01  1.364483e+00  3.510219e-01 -3.272361e-01
-1.125484e+00  3.776366e-01  4.934654e-01 -1.062745e+00
-1.027472e+00  3.883317e-01  1.119696e+00 -3.986093e-01
-1.417005e+00  4.368947e-01  3.315674e-01 -4.028365e-01
-9.353197e-01  2.803423e-01  4.105241e-01 -2.518861e-01
-3.401542e-01  4.272463e-01  3.782856e-01 -1.492202e+00
-2.577232e-01  7.431554e-01  1.006583e+00 -3.275327e-01
-2.704861e-01  6.111305e-01  2.564531e-01 -8.158641e-01
-2.774138e-01  7.524800e-01  3.428711e-01 -2.804606e-01
-3.787477e-01  3.046483e-01  9.948599e-01 -1.102268e+00
-3.573986e-01  2.789782e-01  1.270676e+00 -3.886715e-01
-3.433691e-01  2.111223e-01  3.500093e-01 -7.607741e-01
-3.636442e-01  2.389603e-01  4.092118e-01 -2.550119e-01
-5.689678e-01  1.114623e+00 -4.847278e-01  1.154322e+00
-5.170264e-01  1.163676e+00 -1.055019e+00  4.485649e-01
-1.011673e+00  1.110587e+00 -3.018360e-01  4.249637e-01
-3.602887e-01  1.364483e+00 -3.510219e-01  3.272361e-01
-1.125484e+00  3.776366e-01 -4.934654e-01  1.062745e+00
-1.027472e+00  3.883317e-01 -1.119696e+00  3.986093e-01
-1.417005e+00  4.368947e-01 -3.315674e-01  4.028365e-01
-9.353197e-01  2.803423e-01 -4.105241e-01  2.518861e-01
-3.401542e-01  4.272463e-01 -3.782856e-01  1.492202e+00
-2.577232e-01  7.431554e-01 -1.006583e+00  3.275327e-01
-2.704861e-01  6.111305e-01 -2.564531e-01  8.158641e-01
-2.774138e-01  7.524800e-01 -3.428711e-01  2.804606e-01
-3.787477e-01  3.046483e-01 -9.948599e-01  1.102268e+00
-3.573986e-01  2.789782e-01 -1.270676e+00  3.886715e-01
-3.433691e-01  2.111223e-01 -3.500093e-01  7.607741e-01
-3.636442e-01  2.389603e-01 -4.092118e-01  2.550119e-01
-5.689678e-01  1.114623e+00 -4.847278e-01 -1.154322e+00
-5.170264e-01  1.163676e+00 -1.055019e+00 -4.485649e-01
-1.011673e+00  1.110587e+00 -3.018360e-01 -4.249637e-01
-3.602887e-01  1.364483e+00 -3.510219e-01 -3.272361e-01
-1.125484e+00  3.776366e-01 -4.934654e-01 -1.062745e+00
-1.027472e+00  3.883317e-01 -1.119696e+00 -3.986093e-01
-1.417005e+00  4.368947e-01 -3.315674e-01 -4.028365e-01
-9.353197e-01  2.803423e-01 -4.105241e-01 -2.518861e-01
-3.401542e-01  4.272463e-01 -3.782856e-01 -1.492202e+00
-2.577232e-01  7.431554e-01 -1.006583e+00 -3.275327e-01
-2.704861e-01  6.111305e-01 -2.564531e-01 -8.158641e-01
-2.774138e-01  7.524800e-01 -3.428711e-01 -2.804606e-01
-3.787477e-01  3.046483e-01 -9.948599e-01 -1.102268e+00
-3.573986e-01  2.789782e-01 -1.270676e+00 -3.886715e-01
-3.433691e-01  2.111223e-01 -3.500093e-01 -7.607741e-01
-3.636442e-01  2.389603e-01 -4.092118e-01 -2.550119e-01
-5.689678e-01 -1.114623e+00  4.847278e-01  1.154322e+00
-5.170264e-01 -1.163676e+00  1.055019e+00  4.485649e-01
-1.011673e+00 -1.110587e+00  3.018360e-01  4.249637e-01
-3.602887e-01 -1.364483e+00  3.510219e-01  3.272361e-01
-1.125484e+00 -3.776366e-01  4.934654e-01  1.062745e+00
-1.027472e+00 -3.883317e-01  1.119696e+00  3.986093e-01
-1.417005e+00 -4.368947e-01  3.315674e-01  4.028365e-01
-9.353197e-01 -2.803423e-01  4.105241e-01  2.518861e-01
-3.401542e-01 -4.272463e-01  3.782856e-01  1.492202e+00
-2.577232e-01 -7.431554e-01  1.006583e+00  3.275327e-01
-2.704861e-01 -6.111305e-01  2.564531e-01  8.158641e-01
-2.774138e-01 -7.524800e-01  3.428711e-01  2.804606e-01
-3.787477e-01 -3.046483e-01  9.948599e-01  1.102268e+00
-3.573986e-01 -2.789782e-01  1.270676e+00  3.886715e-01
-3.433691e-01 -2.111223e-01  3.500093e-01  7.607741e-01
-3.636442e-01 -2.389603e-01  4.092118e-01  2.550119e-01
-5.689678e-01 -1.114623e+00  4.847278e-01 -1.154322e+00
-5.170264e-01 -1.163676e+00  1.055019e+00 -4.485649e-01
-1.011673e+00 -1.110587e+00  3.018360e-01 -4.249637e-01
-3.602887e-01 -1.364483e+00  3.510219e-01 -3.272361e-01
-1.125484e+00 -3.776366e-01  4.934654e-01 -1.062745e+00
-1.027472e+00 -3.883317e-01  1.119696e+00 -3.986093e-01
-1.417005e+00 -4.368947e-01  3.315674e-01 -4.028365e-01
-9.353197e-01 -2.803423e-01  4.105241e-01 -2.518861e-01
-3.401542e-01 -4.272463e-01  3.782856e-01 -1.492202e+00
-2.577232e-01 -7.431554e-01  1.006583e+00 -3.275327e-01
-2.704861e-01 -6.111305e-01  2.564531e-01 -8.158641e-01
-2.774138e-01 -7.524800e-01  3.428711e-01 -2.804606e-01
-3.787477e-01 -3.046483e-01  9.948599e-01 -1.102268e+00
-3.573986e-01 -2.789782e-01  1.270676e+00 -3.886715e-01
-3.433691e-01 -2.111223e-01  3.500093e-01 -7.607741e-01
-3.636442e-01 -2.389603e-01  4.092118e-01 -2.550119e-01
-5.689678e-01 -1.114623e+00 -4.847278e-01  1.154322e+00
-5.170264e-01 -1.163676e+00 -1.055019e+00  4.485649e-01
-1.011673e+00 -1.110587e+00 -3.018360e-01  4.249637e-01
-3.602887e-01 -1.364483e+00 -3.510219e-01  3.272361e-01
-1.125484e+00 -3.776366e-01 -4.934654e-01  1.062745e+00
-1.027472e+00 -3.883317e-01 -1.119696e+00  3.986093e-01
-1.417005e+00 -4.368947e-01 -3.315674e-01  4.028365e-01
-9.353197e-01 -2.803423e-01 -4.105241e-01  2.518861e-01
-3.401542e-01 -4.272463e-01 -3.782856e-01  1.492202e+00
-2.577232e-01 -7.431554e-01 -1.006583e+00  3.275327e-01
-2.704861e-01 -6.111305e-01 -2.564531e-01  8.158641e-01
-2.774138e-01 -7.524800e-01 -3.428711e-01  2.804606e-01
-3.787477e-01 -3.046483e-01 -9.948599e-01  1.102268e+00
-3.573986e-01 -2.789782e-01 -1.270676e+00  3.886715e-01
-3.433691e-01 -2.111223e-01 -3.500093e-01  7.607741e-01
-3.636442e-01 -2.389603e-01 -4.092118e-01  2.550119e-01
-5.689678e-01 -1.114623e+00 -4.847278e-01 -1.154322e+00
-5.170264e-01 -1.163676e+00 -1.055019e+00 -4.485649e-01
-1.011673e+00 -1.110587e+00 -3.018360e-01 -4.249637e-01
-3.602887e-01 -1.364483e+00 -3.510219e-01 -3.272361e-01
-1.125484e+00 -3.776366e-01 -4.934654e-01 -1.062745e+00
-1.027472e+00 -3.883317e-01 -1.119696e+00 -3.986093e-01
-1.417005e+00 -4.368947e-01 -3.315674e-01 -4.028365e-01
-9.353197e-01 -2.803423e-01 -4.105241e-01 -2.518861e-01
-3.401542e-01 -4.272463e-01 -3.782856e-01 -1.492202e+00
-2.577232e-01 -7.431554e-01 -1.006583e+00 -3.275327e-01
-2.704861e-01 -6.111305e-01 -2.564531e-01 -8.158641e-01
-2.774138e-01 -7.524800e-01 -3.428711e-01 -2.804606e-01
-3.787477e-01 -3.046483e-01 -9.948599e-01 -1.102268e+00
-3.573986e-01 -2.789782e-01 -1.270676e+00 -3.886715e-01
-3.433691e-01 -2.111223e-01 -3.500093e-01 -7.607741e-01
-3.636442e-01 -2.389603e-01 -4.092118e-01 -2.550119e-01
