 2.820138e-01  9.675751e-01  2.838094e-01  9.716843e-01
 2.413861e-01  8.162189e-01  3.136949e-01  1.428507e+00
 2.866277e-01  9.921107e-01  8.537184e-01  8.295727e-01
 2.916117e-01  1.060253e+00  1.224896e+00  3.346675e-01
 3.447187e-01  9.716175e-01  1.942253e-01  4.669055e-01
 1.140270e+00  1.342855e+00  2.450737e-01  2.789176e-01
 3.046079e-01  9.862955e-01  5.290290e-01  3.405418e-01
 3.617316e-01  1.000457e+00  7.083673e-01  1.801031e-01
 3.106521e-01  1.400387e+00  2.483319e-01  9.516838e-01
 2.661547e-01  3.373103e-01  3.938333e-01  1.734264e+00
 2.896373e-01  1.374815e+00  7.488692e-01  8.392274e-01
 3.438573e-01  1.500887e+00  1.016490e+00  3.493614e-01
 2.942687e-01  1.272015e+00  1.671736e-01  4.023262e-01
 5.006725e-01  1.623924e+00  2.260004e-01  2.529626e-01
 2.448384e-01  1.244547e+00  4.151080e-01  2.976133e-01
 3.501541e-01  1.399409e+00  5.939744e-01  1.891400e-01
 8.670965e-01  8.148901e-01  2.891970e-01  1.014984e+00
 7.119738e-01  7.349245e-01  2.886316e-01  1.385919e+00
 8.622436e-01  8.325294e-01  8.756872e-01  8.616593e-01
 8.974578e-01  8.874652e-01  1.239472e+00  3.425539e-01
 9.514670e-01  7.978258e-01  2.338832e-01  5.776558e-01
 1.090101e+00  8.356293e-01  2.190166e-01  2.255835e-01
 9.264981e-01  7.934894e-01  6.320385e-01  4.853690e-01
 9.949918e-01  8.367407e-01  7.125535e-01  2.097833e-01
 1.209297e+00  3.115822e-01  3.081912e-01  1.103406e+00
 8.320693e-01  2.883620e-01  3.555987e-01  1.533298e+00
 1.164159e+00  3.199235e-01  9.407739e-01  9.327856e-01
 1.214185e+00  3.166893e-01  1.310057e+00  3.418976e-01
 1.374084e+00  3.285931e-01  2.413997e-01  6.430491e-01
 1.468381e+00  3.520712e-01  2.169248e-01  2.190086e-01
 1.347927e+00  3.197472e-01  6.662196e-01  5.485981e-01
 1.394454e+00  3.402802e-01  7.341710e-01  2.148523e-01
 2.068472e-01  5.526278e-01  3.120646e-01  8.695658e-01
 1.669272e-01  3.823267e-01  2.776011e-01  1.090765e+00
 2.277631e-01  5.946084e-01  9.187347e-01  7.399265e-01
 2.309427e-01  6.391391e-01  1.314336e+00  3.159912e-01
 2.464372e-01  5.466669e-01  2.287547e-01  4.334829e-01
 2.653895e-01  4.720397e-01  2.048542e-01  2.256814e-01
 2.398903e-01  5.789315e-01  6.497781e-01  3.610901e-01
 2.571304e-01  5.716289e-01  7.395127e-01  1.851409e-01
 2.339004e-01  2.603076e-01  1.193137e+00  1.268351e+00
 1.907818e-01  1.886085e-01  4.790361e-01  1.308623e+00
 2.148891e-01  2.245176e-01  1.064586e+00  7.763120e-01
 2.093010e-01  2.251621e-01  1.439382e+00  3.443190e-01
 2.134012e-01  1.931479e-01  2.592352e-01  3.723271e-01
 2.274686e-01  1.917555e-01  2.201191e-01  2.222096e-01
 2.058149e-01  1.873885e-01  7.311013e-01  3.483146e-01
 2.130567e-01  1.931801e-01  7.856902e-01  1.911223e-01
 5.817500e-01  4.095573e-01  2.889945e-01  8.915331e-01
 4.385343e-01  2.968717e-01  2.395973e-01  1.071964e+00
 6.149161e-01  4.971936e-01  8.950377e-01  7.463701e-01
 6.255332e-01  5.473487e-01  1.296871e+00  3.084944e-01
 6.953174e-01  4.506925e-01  2.353206e-01  5.005138e-01
 7.557160e-01  4.332069e-01  2.031008e-01  2.041329e-01
 6.803780e-01  4.748268e-01  6.632842e-01  4.138832e-01
 7.130824e-01  4.780042e-01  7.238663e-01  1.897417e-01
 7.253623e-01  1.814865e-01  3.398338e-01  9.186406e-01
 5.367605e-01  1.588209e-01  3.217675e-01  1.176983e+00
 6.813271e-01  2.038630e-01  9.674242e-01  7.775053e-01
 6.813359e-01  2.150032e-01  1.372300e+00  3.326706e-01
 7.922012e-01  1.873247e-01  2.542645e-01  4.998405e-01
 8.343874e-01  1.865431e-01  2.146295e-01  2.075645e-01
 7.419186e-01  1.858871e-01  7.013741e-01  4.121930e-01
 7.756189e-01  1.882307e-01  7.557933e-01  1.884045e-01
 2.820138e-01  9.675751e-01  2.838094e-01 -9.716843e-01
 2.413861e-01  8.162189e-01  3.136949e-01 -1.428507e+00
 2.866277e-01  9.921107e-01  8.537184e-01 -8.295727e-01
 2.916117e-01  1.060253e+00  1.224896e+00 -3.346675e-01
 3.447187e-01  9.716175e-01  1.942253e-01 -4.669055e-01
 1.140270e+00  1.342855e+00  2.450737e-01 -2.789176e-01
 3.046079e-01  9.862955e-01  5.290290e-01 -3.405418e-01
 3.617316e-01  1.000457e+00  7.083673e-01 -1.801031e-01
 3.106521e-01  1.400387e+00  2.483319e-01 -9.516838e-01
 2.661547e-01  3.373103e-01  3.938333e-01 -1.734264e+00
 2.896373e-01  1.374815e+00  7.488692e-01 -8.392274e-01
 3.438573e-01  1.500887e+00  1.016490e+00 -3.493614e-01
 2.942687e-01  1.272015e+00  1.671736e-01 -4.023262e-01
 5.006725e-01  1.623924e+00  2.260004e-01 -2.529626e-01
 2.448384e-01  1.244547e+00  4.151080e-01 -2.976133e-01
 3.501541e-01  1.399409e+00  5.939744e-01 -1.891400e-01
 8.670965e-01  8.148901e-01  2.891970e-01 -1.014984e+00
 7.119738e-01  7.349245e-01  2.886316e-01 -1.385919e+00
 8.622436e-01  8.325294e-01  8.756872e-01 -8.616593e-01
 8.974578e-01  8.874652e-01  1.239472e+00 -3.425539e-01
 9.514670e-01  7.978258e-01  2.338832e-01 -5.776558e-01
 1.090101e+00  8.356293e-01  2.190166e-01 -2.255835e-01
 9.264981e-01  7.934894e-01  6.320385e-01 -4.853690e-01
 9.949918e-01  8.367407e-01  7.125535e-01 -2.097833e-01
 1.209297e+00  3.115822e-01  3.081912e-01 -1.103406e+00
 8.320693e-01  2.883620e-01  3.555987e-01 -1.533298e+00
 1.164159e+00  3.199235e-01  9.407739e-01 -9.327856e-01
 1.214185e+00  3.166893e-01  1.310057e+00 -3.418976e-01
 1.374084e+00  3.285931e-01  2.413997e-01 -6.430491e-01
 1.468381e+00  3.520712e-01  2.169248e-01 -2.190086e-01
 1.347927e+00  3.197472e-01  6.662196e-01 -5.485981e-01
 1.394454e+00  3.402802e-01  7.341710e-01 -2.148523e-01
 2.068472e-01  5.526278e-01  3.120646e-01 -8.695658e-01
 1.669272e-01  3.823267e-01  2.776011e-01 -1.090765e+00
 2.277631e-01  5.946084e-01  9.187347e-01 -7.399265e-01
 2.309427e-01  6.391391e-01  1.314336e+00 -3.159912e-01
 2.464372e-01  5.466669e-01  2.287547e-01 -4.334829e-01
 2.653895e-01  4.720397e-01  2.048542e-01 -2.256814e-01
 2.398903e-01  5.789315e-01  6.497781e-01 -3.610901e-01
 2.571304e-01  5.716289e-01  7.395127e-01 -1.851409e-01
 2.339004e-01  2.603076e-01  1.193137e+00 -1.268351e+00
 1.907818e-01  1.886085e-01  4.790361e-01 -1.308623e+00
 2.148891e-01  2.245176e-01  1.064586e+00 -7.763120e-01
 2.093010e-01  2.251621e-01  1.439382e+00 -3.443190e-01
 2.134012e-01  1.931479e-01  2.592352e-01 -3.723271e-01
 2.274686e-01  1.917555e-01  2.201191e-01 -2.222096e-01
 2.058149e-01  1.873885e-01  7.311013e-01 -3.483146e-01
 2.130567e-01  1.931801e-01  7.856902e-01 -1.911223e-01
 5.817500e-01  4.095573e-01  2.889945e-01 -8.915331e-01
 4.385343e-01  2.968717e-01  2.395973e-01 -1.071964e+00
 6.149161e-01  4.971936e-01  8.950377e-01 -7.463701e-01
 6.255332e-01  5.473487e-01  1.296871e+00 -3.084944e-01
 6.953174e-01  4.506925e-01  2.353206e-01 -5.005138e-01
 7.557160e-01  4.332069e-01  2.031008e-01 -2.041329e-01
 6.803780e-01  4.748268e-01  6.632842e-01 -4.138832e-01
 7.130824e-01  4.780042e-01  7.238663e-01 -1.897417e-01
 7.253623e-01  1.814865e-01  3.398338e-01 -9.186406e-01
 5.367605e-01  1.588209e-01  3.217675e-01 -1.176983e+00
 6.813271e-01  2.038630e-01  9.674242e-01 -7.775053e-01
 6.813359e-01  2.150032e-01  1.372300e+00 -3.326706e-01
 7.922012e-01  1.873247e-01  2.542645e-01 -4.998405e-01
 8.343874e-01  1.865431e-01  2.146295e-01 -2.075645e-01
 7.419186e-01  1.858871e-01  7.013741e-01 -4.121930e-01
 7.756189e-01  1.882307e-01  7.557933e-01 -1.884045e-01
 2.820138e-01  9.675751e-01 -2.838094e-01  9.716843e-01
 2.413861e-01  8.162189e-01 -3.136949e-01  1.428507e+00
 2.866277e-01  9.921107e-01 -8.537184e-01  8.295727e-01
 2.916117e-01  1.060253e+00 -1.224896e+00  3.346675e-01
 3.447187e-01  9.716175e-01 -1.942253e-01  4.669055e-01
 1.140270e+00  1.342855e+00 -2.450737e-01  2.789176e-01
 3.046079e-01  9.862955e-01 -5.290290e-01  3.405418e-01
 3.617316e-01  1.000457e+00 -7.083673e-01  1.801031e-01
 3.106521e-01  1.400387e+00 -2.483319e-01  9.516838e-01
 2.661547e-01  3.373103e-01 -3.938333e-01  1.734264e+00
 2.896373e-01  1.374815e+00 -7.488692e-01  8.392274e-01
 3.438573e-01  1.500887e+00 -1.016490e+00  3.493614e-01
 2.942687e-01  1.272015e+00 -1.671736e-01  4.023262e-01
 5.006725e-01  1.623924e+00 -2.260004e-01  2.529626e-01
 2.448384e-01  1.244547e+00 -4.151080e-01  2.976133e-01
 3.501541e-01  1.399409e+00 -5.939744e-01  1.891400e-01
 8.670965e-01  8.148901e-01 -2.891970e-01  1.014984e+00
 7.119738e-01  7.349245e-01 -2.886316e-01  1.385919e+00
 8.622436e-01  8.325294e-01 -8.756872e-01  8.616593e-01
 8.974578e-01  8.874652e-01 -1.239472e+00  3.425539e-01
 9.514670e-01  7.978258e-01 -2.338832e-01  5.776558e-01
 1.090101e+00  8.356293e-01 -2.190166e-01  2.255835e-01
 9.264981e-01  7.934894e-01 -6.320385e-01  4.853690e-01
 9.949918e-01  8.367407e-01 -7.125535e-01  2.097833e-01
 1.209297e+00  3.115822e-01 -3.081912e-01  1.103406e+00
 8.320693e-01  2.883620e-01 -3.555987e-01  1.533298e+00
 1.164159e+00  3.199235e-01 -9.407739e-01  9.327856e-01
 1.214185e+00  3.166893e-01 -1.310057e+00  3.418976e-01
 1.374084e+00  3.285931e-01 -2.413997e-01  6.430491e-01
 1.468381e+00  3.520712e-01 -2.169248e-01  2.190086e-01
 1.347927e+00  3.197472e-01 -6.662196e-01  5.485981e-01
 1.394454e+00  3.402802e-01 -7.341710e-01  2.148523e-01
 2.068472e-01  5.526278e-01 -3.120646e-01  8.695658e-01
 1.669272e-01  3.823267e-01 -2.776011e-01  1.090765e+00
 2.277631e-01  5.946084e-01 -9.187347e-01  7.399265e-01
 2.309427e-01  6.391391e-01 -1.314336e+00  3.159912e-01
 2.464372e-01  5.466669e-01 -2.287547e-01  4.334829e-01
 2.653895e-01  4.720397e-01 -2.048542e-01  2.256814e-01
 2.398903e-01  5.789315e-01 -6.497781e-01  3.610901e-01
 2.571304e-01  5.716289e-01 -7.395127e-01  1.851409e-01
 2.339004e-01  2.603076e-01 -1.193137e+00  1.268351e+00
 1.907818e-01  1.886085e-01 -4.790361e-01  1.308623e+00
 2.148891e-01  2.245176e-01 -1.064586e+00  7.763120e-01
 2.093010e-01  2.251621e-01 -1.439382e+00  3.443190e-01
 2.134012e-01  1.931479e-01 -2.592352e-01  3.723271e-01
 2.274686e-01  1.917555e-01 -2.201191e-01  2.222096e-01
 2.058149e-01  1.873885e-01 -7.311013e-01  3.483146e-01
 2.130567e-01  1.931801e-01 -7.856902e-01  1.911223e-01
 5.817500e-01  4.095573e-01 -2.889945e-01  8.915331e-01
 4.385343e-01  2.968717e-01 -2.395973e-01  1.071964e+00
 6.149161e-01  4.971936e-01 -8.950377e-01  7.463701e-01
 6.255332e-01  5.473487e-01 -1.296871e+00  3.084944e-01
 6.953174e-01  4.506925e-01 -2.353206e-01  5.005138e-01
 7.557160e-01  4.332069e-01 -2.031008e-01  2.041329e-01
 6.803780e-01  4.748268e-01 -6.632842e-01  4.138832e-01
 7.130824e-01  4.780042e-01 -7.238663e-01  1.897417e-01
 7.253623e-01  1.814865e-01 -3.398338e-01  9.186406e-01
 5.367605e-01  1.588209e-01 -3.217675e-01  1.176983e+00
 6.813271e-01  2.038630e-01 -9.674242e-01  7.775053e-01
 6.813359e-01  2.150032e-01 -1.372300e+00  3.326706e-01
 7.922012e-01  1.873247e-01 -2.542645e-01  4.998405e-01
 8.343874e-01  1.865431e-01 -2.146295e-01  2.075645e-01
 7.419186e-01  1.858871e-01 -7.013741e-01  4.121930e-01
 7.756189e-01  1.882307e-01 -7.557933e-01  1.884045e-01
 2.820138e-01  9.675751e-01 -2.838094e-01 -9.716843e-01
 2.413861e-01  8.162189e-01 -3.136949e-01 -1.428507e+00
 2.866277e-01  9.921107e-01 -8.537184e-01 -8.295727e-01
 2.916117e-01  1.060253e+00 -1.224896e+00 -3.346675e-01
 3.447187e-01  9.716175e-01 -1.942253e-01 -4.669055e-01
 1.140270e+00  1.342855e+00 -2.450737e-01 -2.789176e-01
 3.046079e-01  9.862955e-01 -5.290290e-01 -3.405418e-01
 3.617316e-01  1.000457e+00 -7.083673e-01 -1.801031e-01
 3.106521e-01  1.400387e+00 -2.483319e-01 -9.516838e-01
 2.661547e-01  3.373103e-01 -3.938333e-01 -1.734264e+00
 2.896373e-01  1.374815e+00 -7.488692e-01 -8.392274e-01
 3.438573e-01  1.500887e+00 -1.016490e+00 -3.493614e-01
 2.942687e-01  1.272015e+00 -1.671736e-01 -4.023262e-01
 5.006725e-01  1.623924e+00 -2.260004e-01 -2.529626e-01
 2.448384e-01  1.244547e+00 -4.151080e-01 -2.976133e-01
 3.501541e-01  1.399409e+00 -5.939744e-01 -1.891400e-01
 8.670965e-01  8.148901e-01 -2.891970e-01 -1.014984e+00
 7.119738e-01  7.349245e-01 -2.886316e-01 -1.385919e+00
 8.622436e-01  8.325294e-01 -8.756872e-01 -8.616593e-01
 8.974578e-01  8.874652e-01 -1.239472e+00 -3.425539e-01
 9.514670e-01  7.978258e-01 -2.338832e-01 -5.776558e-01
 1.090101e+00  8.356293e-01 -2.190166e-01 -2.255835e-01
 9.264981e-01  7.934894e-01 -6.320385e-01 -4.853690e-01
 9.949918e-01  8.367407e-01 -7.125535e-01 -2.097833e-01
 1.209297e+00  3.115822e-01 -3.081912e-01 -1.103406e+00
 8.320693e-01  2.883620e-01 -3.555987e-01 -1.533298e+00
 1.164159e+00  3.199235e-01 -9.407739e-01 -9.327856e-01
 1.214185e+00  3.166893e-01 -1.310057e+00 -3.418976e-01
 1.374084e+00  3.285931e-01 -2.413997e-01 -6.430491e-01
 1.468381e+00  3.520712e-01 -2.169248e-01 -2.190086e-01
 1.347927e+00  3.197472e-01 -6.662196e-01 -5.485981e-01
 1.394454e+00  3.402802e-01 -7.341710e-01 -2.148523e-01
 2.068472e-01  5.526278e-01 -3.120646e-01 -8.695658e-01
 1.669272e-01  3.823267e-01 -2.776011e-01 -1.090765e+00
 2.277631e-01  5.946084e-01 -9.187347e-01 -7.399265e-01
 2.309427e-01  6.391391e-01 -1.314336e+00 -3.159912e-01
 2.464372e-01  5.466669e-01 -2.287547e-01 -4.334829e-01
 2.653895e-01  4.720397e-01 -2.048542e-01 -2.256814e-01
 2.398903e-01  5.789315e-01 -6.497781e-01 -3.610901e-01
 2.571304e-01  5.716289e-01 -7.395127e-01 -1.851409e-01
 2.339004e-01  2.603076e-01 -1.193137e+00 -1.268351e+00
 1.907818e-01  1.886085e-01 -4.790361e-01 -1.308623e+00
 2.148891e-01  2.245176e-01 -1.064586e+00 -7.763120e-01
 2.093010e-01  2.251621e-01 -1.439382e+00 -3.443190e-01
 2.134012e-01  1.931479e-01 -2.592352e-01 -3.723271e-01
 2.274686e-01  1.917555e-01 -2.201191e-01 -2.222096e-01
 2.058149e-01  1.873885e-01 -7.311013e-01 -3.483146e-01
 2.130567e-01  1.931801e-01 -7.856902e-01 -1.911223e-01
 5.817500e-01  4.095573e-01 -2.889945e-01 -8.915331e-01
 4.385343e-01  2.968717e-01 -2.395973e-01 -1.071964e+00
 6.149161e-01  4.971936e-01 -8.950377e-01 -7.463701e-01
 6.255332e-01  5.473487e-01 -1.296871e+00 -3.084944e-01
 6.953174e-01  4.506925e-01 -2.353206e-01 -5.005138e-01
 7.557160e-01  4.332069e-01 -2.031008e-01 -2.041329e-01
 6.803780e-01  4.748268e-01 -6.632842e-01 -4.138832e-01
 7.130824e-01  4.780042e-01 -7.238663e-01 -1.897417e-01
 7.253623e-01  1.814865e-01 -3.398338e-01 -9.186406e-01
 5.367605e-01  1.588209e-01 -3.217675e-01 -1.176983e+00
 6.813271e-01  2.038630e-01 -9.674242e-01 -7.775053e-01
 6.813359e-01  2.150032e-01 -1.372300e+00 -3.326706e-01
 7.922012e-01  1.873247e-01 -2.542645e-01 -4.998405e-01
 8.343874e-01  1.865431e-01 -2.146295e-01 -2.075645e-01
 7.419186e-01  1.858871e-01 -7.013741e-01 -4.121930e-01
 7.756189e-01  1.882307e-01 -7.557933e-01 -1.884045e-01
 2.820138e-01 -9.675751e-01  2.838094e-01  9.716843e-01
 2.413861e-01 -8.162189e-01  3.136949e-01  1.428507e+00
 2.866277e-01 -9.921107e-01  8.537184e-01  8.295727e-01
 2.916117e-01 -1.060253e+00  1.224896e+00  3.346675e-01
 3.447187e-01 -9.716175e-01  1.942253e-01  4.669055e-01
 1.140270e+00 -1.342855e+00  2.450737e-01  2.789176e-01
 3.046079e-01 -9.862955e-01  5.290290e-01  3.405418e-01
 3.617316e-01 -1.000457e+00  7.083673e-01  1.801031e-01
 3.106521e-01 -1.400387e+00  2.483319e-01  9.516838e-01
 2.661547e-01 -3.373103e-01  3.938333e-01  1.734264e+00
 2.896373e-01 -1.374815e+00  7.488692e-01  8.392274e-01
 3.438573e-01 -1.500887e+00  1.016490e+00  3.493614e-01
 2.942687e-01 -1.272015e+00  1.671736e-01  4.023262e-01
 5.006725e-01 -1.623924e+00  2.260004e-01  2.529626e-01
 2.448384e-01 -1.244547e+00  4.151080e-01  2.976133e-01
 3.501541e-01 -1.399409e+00  5.939744e-01  1.891400e-01
 8.670965e-01 -8.148901e-01  2.891970e-01  1.014984e+00
 7.119738e-01 -7.349245e-01  2.886316e-01  1.385919e+00
 8.622436e-01 -8.325294e-01  8.756872e-01  8.616593e-01
 8.974578e-01 -8.874652e-01  1.239472e+00  3.425539e-01
 9.514670e-01 -7.978258e-01  2.338832e-01  5.776558e-01
 1.090101e+00 -8.356293e-01  2.190166e-01  2.255835e-01
 9.264981e-01 -7.934894e-01  6.320385e-01  4.853690e-01
 9.949918e-01 -8.367407e-01  7.125535e-01  2.097833e-01
 1.209297e+00 -3.115822e-01  3.081912e-01  1.103406e+00
 8.320693e-01 -2.883620e-01  3.555987e-01  1.533298e+00
 1.164159e+00 -3.199235e-01  9.407739e-01  9.327856e-01
 1.214185e+00 -3.166893e-01  1.310057e+00  3.418976e-01
 1.374084e+00 -3.285931e-01  2.413997e-01  6.430491e-01
 1.468381e+00 -3.520712e-01  2.169248e-01  2.190086e-01
 1.347927e+00 -3.197472e-01  6.662196e-01  5.485981e-01
 1.394454e+00 -3.402802e-01  7.341710e-01  2.148523e-01
 2.068472e-01 -5.526278e-01  3.120646e-01  8.695658e-01
 1.669272e-01 -3.823267e-01  2.776011e-01  1.090765e+00
 2.277631e-01 -5.946084e-01  9.187347e-01  7.399265e-01
 2.309427e-01 -6.391391e-01  1.314336e+00  3.159912e-01
 2.464372e-01 -5.466669e-01  2.287547e-01  4.334829e-01
 2.653895e-01 -4.720397e-01  2.048542e-01  2.256814e-01
 2.398903e-01 -5.789315e-01  6.497781e-01  3.610901e-01
 2.571304e-01 -5.716289e-01  7.395127e-01  1.851409e-01
 2.339004e-01 -2.603076e-01  1.193137e+00  1.268351e+00
 1.907818e-01 -1.886085e-01  4.790361e-01  1.308623e+00
 2.148891e-01 -2.245176e-01  1.064586e+00  7.763120e-01
 2.093010e-01 -2.251621e-01  1.439382e+00  3.443190e-01
 2.134012e-01 -1.931479e-01  2.592352e-01  3.723271e-01
 2.274686e-01 -1.917555e-01  2.201191e-01  2.222096e-01
 2.058149e-01 -1.873885e-01  7.311013e-01  3.483146e-01
 2.130567e-01 -1.931801e-01  7.856902e-01  1.911223e-01
 5.817500e-01 -4.095573e-01  2.889945e-01  8.915331e-01
 4.385343e-01 -2.968717e-01  2.395973e-01  1.071964e+00
 6.149161e-01 -4.971936e-01  8.950377e-01  7.463701e-01
 6.255332e-01 -5.473487e-01  1.296871e+00  3.084944e-01
 6.953174e-01 -4.506925e-01  2.353206e-01  5.005138e-01
 7.557160e-01 -4.332069e-01  2.031008e-01  2.041329e-01
 6.803780e-01 -4.748268e-01  6.632842e-01  4.138832e-01
 7.130824e-01 -4.780042e-01  7.238663e-01  1.897417e-01
 7.253623e-01 -1.814865e-01  3.398338e-01  9.186406e-01
 5.367605e-01 -1.588209e-01  3.217675e-01  1.176983e+00
 6.813271e-01 -2.038630e-01  9.674242e-01  7.775053e-01
 6.813359e-01 -2.150032e-01  1.372300e+00  3.326706e-01
 7.922012e-01 -1.873247e-01  2.542645e-01  4.998405e-01
 8.343874e-01 -1.865431e-01  2.146295e-01  2.075645e-01
 7.419186e-01 -1.858871e-01  7.013741e-01  4.121930e-01
 7.756189e-01 -1.882307e-01  7.557933e-01  1.884045e-01
 2.820138e-01 -9.675751e-01  2.838094e-01 -9.716843e-01
 2.413861e-01 -8.162189e-01  3.136949e-01 -1.428507e+00
 2.866277e-01 -9.921107e-01  8.537184e-01 -8.295727e-01
 2.916117e-01 -1.060253e+00  1.224896e+00 -3.346675e-01
 3.447187e-01 -9.716175e-01  1.942253e-01 -4.669055e-01
 1.140270e+00 -1.342855e+00  2.450737e-01 -2.789176e-01
 3.046079e-01 -9.862955e-01  5.290290e-01 -3.405418e-01
 3.617316e-01 -1.000457e+00  7.083673e-01 -1.801031e-01
 3.106521e-01 -1.400387e+00  2.483319e-01 -9.516838e-01
 2.661547e-01 -3.373103e-01  3.938333e-01 -1.734264e+00
 2.896373e-01 -1.374815e+00  7.488692e-01 -8.392274e-01
 3.438573e-01 -1.500887e+00  1.016490e+00 -3.493614e-01
 2.942687e-01 -1.272015e+00  1.671736e-01 -4.023262e-01
 5.006725e-01 -1.623924e+00  2.260004e-01 -2.529626e-01
 2.448384e-01 -1.244547e+00  4.151080e-01 -2.976133e-01
 3.501541e-01 -1.399409e+00  5.939744e-01 -1.891400e-01
 8.670965e-01 -8.148901e-01  2.891970e-01 -1.014984e+00
 7.119738e-01 -7.349245e-01  2.886316e-01 -1.385919e+00
 8.622436e-01 -8.325294e-01  8.756872e-01 -8.616593e-01
 8.974578e-01 -8.874652e-01  1.239472e+00 -3.425539e-01
 9.514670e-01 -7.978258e-01  2.338832e-01 -5.776558e-01
 1.090101e+00 -8.356293e-01  2.190166e-01 -2.255835e-01
 9.264981e-01 -7.934894e-01  6.320385e-01 -4.853690e-01
 9.949918e-01 -8.367407e-01  7.125535e-01 -2.097833e-01
 1.209297e+00 -3.115822e-01  3.081912e-01 -1.103406e+00
 8.320693e-01 -2.883620e-01  3.555987e-01 -1.533298e+00
 1.164159e+00 -3.199235e-01  9.407739e-01 -9.327856e-01
 1.214185e+00 -3.166893e-01  1.310057e+00 -3.418976e-01
 1.374084e+00 -3.285931e-01  2.413997e-01 -6.430491e-01
 1.468381e+00 -3.520712e-01  2.169248e-01 -2.190086e-01
 1.347927e+00 -3.197472e-01  6.662196e-01 -5.485981e-01
 1.394454e+00 -3.402802e-01  7.341710e-01 -2.148523e-01
 2.068472e-01 -5.526278e-01  3.120646e-01 -8.695658e-01
 1.669272e-01 -3.823267e-01  2.776011e-01 -1.090765e+00
 2.277631e-01 -5.946084e-01  9.187347e-01 -7.399265e-01
 2.309427e-01 -6.391391e-01  1.314336e+00 -3.159912e-01
 2.464372e-01 -5.466669e-01  2.287547e-01 -4.334829e-01
 2.653895e-01 -4.720397e-01  2.048542e-01 -2.256814e-01
 2.398903e-01 -5.789315e-01  6.497781e-01 -3.610901e-01
 2.571304e-01 -5.716289e-01  7.395127e-01 -1.851409e-01
 2.339004e-01 -2.603076e-01  1.193137e+00 -1.268351e+00
 1.907818e-01 -1.886085e-01  4.790361e-01 -1.308623e+00
 2.148891e-01 -2.245176e-01  1.064586e+00 -7.763120e-01
 2.093010e-01 -2.251621e-01  1.439382e+00 -3.443190e-01
 2.134012e-01 -1.931479e-01  2.592352e-01 -3.723271e-01
 2.274686e-01 -1.917555e-01  2.201191e-01 -2.222096e-01
 2.058149e-01 -1.873885e-01  7.311013e-01 -3.483146e-01
 2.130567e-01 -1.931801e-01  7.856902e-01 -1.911223e-01
 5.817500e-01 -4.095573e-01  2.889945e-01 -8.915331e-01
 4.385343e-01 -2.968717e-01  2.395973e-01 -1.071964e+00
 6.149161e-01 -4.971936e-01  8.950377e-01 -7.463701e-01
 6.255332e-01 -5.473487e-01  1.296871e+00 -3.084944e-01
 6.953174e-01 -4.506925e-01  2.353206e-01 -5.005138e-01
 7.557160e-01 -4.332069e-01  2.031008e-01 -2.041329e-01
 6.803780e-01 -4.748268e-01  6.632842e-01 -4.138832e-01
 7.130824e-01 -4.780042e-01  7.238663e-01 -1.897417e-01
 7.253623e-01 -1.814865e-01  3.398338e-01 -9.186406e-01
 5.367605e-01 -1.588209e-01  3.217675e-01 -1.176983e+00
 6.813271e-01 -2.038630e-01  9.674242e-01 -7.775053e-01
 6.813359e-01 -2.150032e-01  1.372300e+00 -3.326706e-01
 7.922012e-01 -1.873247e-01  2.542645e-01 -4.998405e-01
 8.343874e-01 -1.865431e-01  2.146295e-01 -2.075645e-01
 7.419186e-01 -1.858871e-01  7.013741e-01 -4.121930e-01
 7.756189e-01 -1.882307e-01  7.557933e-01 -1.884045e-01
 2.820138e-01 -9.675751e-01 -2.838094e-01  9.716843e-01
 2.413861e-01 -8.162189e-01 -3.136949e-01  1.428507e+00
 2.866277e-01 -9.921107e-01 -8.537184e-01  8.295727e-01
 2.916117e-01 -1.060253e+00 -1.224896e+00  3.346675e-01
 3.447187e-01 -9.716175e-01 -1.942253e-01  4.669055e-01
 1.140270e+00 -1.342855e+00 -2.450737e-01  2.789176e-01
 3.046079e-01 -9.862955e-01 -5.290290e-01  3.405418e-01
 3.617316e-01 -1.000457e+00 -7.083673e-01  1.801031e-01
 3.106521e-01 -1.400387e+00 -2.483319e-01  9.516838e-01
 2.661547e-01 -3.373103e-01 -3.938333e-01  1.734264e+00
 2.896373e-01 -1.374815e+00 -7.488692e-01  8.392274e-01
 3.438573e-01 -1.500887e+00 -1.016490e+00  3.493614e-01
 2.942687e-01 -1.272015e+00 -1.671736e-01  4.023262e-01
 5.006725e-01 -1.623924e+00 -2.260004e-01  2.529626e-01
 2.448384e-01 -1.244547e+00 -4.151080e-01  2.976133e-01
 3.501541e-01 -1.399409e+00 -5.939744e-01  1.891400e-01
 8.670965e-01 -8.148901e-01 -2.891970e-01  1.014984e+00
 7.119738e-01 -7.349245e-01 -2.886316e-01  1.385919e+00
 8.622436e-01 -8.325294e-01 -8.756872e-01  8.616593e-01
 8.974578e-01 -8.874652e-01 -1.239472e+00  3.425539e-01
 9.514670e-01 -7.978258e-01 -2.338832e-01  5.776558e-01
 1.090101e+00 -8.356293e-01 -2.190166e-01  2.255835e-01
 9.264981e-01 -7.934894e-01 -6.320385e-01  4.853690e-01
 9.949918e-01 -8.367407e-01 -7.125535e-01  2.097833e-01
 1.209297e+00 -3.115822e-01 -3.081912e-01  1.103406e+00
 8.320693e-01 -2.883620e-01 -3.555987e-01  1.533298e+00
 1.164159e+00 -3.199235e-01 -9.407739e-01  9.327856e-01
 1.214185e+00 -3.166893e-01 -1.310057e+00  3.418976e-01
 1.374084e+00 -3.285931e-01 -2.413997e-01  6.430491e-01
 1.468381e+00 -3.520712e-01 -2.169248e-01  2.190086e-01
 1.347927e+00 -3.197472e-01 -6.662196e-01  5.485981e-01
 1.394454e+00 -3.402802e-01 -7.341710e-01  2.148523e-01
 2.068472e-01 -5.526278e-01 -3.120646e-01  8.695658e-01
 1.669272e-01 -3.823267e-01 -2.776011e-01  1.090765e+00
 2.277631e-01 -5.946084e-01 -9.187347e-01  7.399265e-01
 2.309427e-01 -6.391391e-01 -1.314336e+00  3.159912e-01
 2.464372e-01 -5.466669e-01 -2.287547e-01  4.334829e-01
 2.653895e-01 -4.720397e-01 -2.048542e-01  2.256814e-01
 2.398903e-01 -5.789315e-01 -6.497781e-01  3.610901e-01
 2.571304e-01 -5.716289e-01 -7.395127e-01  1.851409e-01
 2.339004e-01 -2.603076e-01 -1.193137e+00  1.268351e+00
 1.907818e-01 -1.886085e-01 -4.790361e-01  1.308623e+00
 2.148891e-01 -2.245176e-01 -1.064586e+00  7.763120e-01
 2.093010e-01 -2.251621e-01 -1.439382e+00  3.443190e-01
 2.134012e-01 -1.931479e-01 -2.592352e-01  3.723271e-01
 2.274686e-01 -1.917555e-01 -2.201191e-01  2.222096e-01
 2.058149e-01 -1.873885e-01 -7.311013e-01  3.483146e-01
 2.130567e-01 -1.931801e-01 -7.856902e-01  1.911223e-01
 5.817500e-01 -4.095573e-01 -2.889945e-01  8.915331e-01
 4.385343e-01 -2.968717e-01 -2.395973e-01  1.071964e+00
 6.149161e-01 -4.971936e-01 -8.950377e-01  7.463701e-01
 6.255332e-01 -5.473487e-01 -1.296871e+00  3.084944e-01
 6.953174e-01 -4.506925e-01 -2.353206e-01  5.005138e-01
 7.557160e-01 -4.332069e-01 -2.031008e-01  2.041329e-01
 6.803780e-01 -4.748268e-01 -6.632842e-01  4.138832e-01
 7.130824e-01 -4.780042e-01 -7.238663e-01  1.897417e-01
 7.253623e-01 -1.814865e-01 -3.398338e-01  9.186406e-01
 5.367605e-01 -1.588209e-01 -3.217675e-01  1.176983e+00
 6.813271e-01 -2.038630e-01 -9.674242e-01  7.775053e-01
 6.813359e-01 -2.150032e-01 -1.372300e+00  3.326706e-01
 7.922012e-01 -1.873247e-01 -2.542645e-01  4.998405e-01
 8.343874e-01 -1.865431e-01 -2.146295e-01  2.075645e-01
 7.419186e-01 -1.858871e-01 -7.013741e-01  4.121930e-01
 7.756189e-01 -1.882307e-01 -7.557933e-01  1.884045e-01
 2.820138e-01 -9.675751e-01 -2.838094e-01 -9.716843e-01
 2.413861e-01 -8.162189e-01 -3.136949e-01 -1.428507e+00
 2.866277e-01 -9.921107e-01 -8.537184e-01 -8.295727e-01
 2.916117e-01 -1.060253e+00 -1.224896e+00 -3.346675e-01
 3.447187e-01 -9.716175e-01 -1.942253e-01 -4.669055e-01
 1.140270e+00 -1.342855e+00 -2.450737e-01 -2.789176e-01
 3.046079e-01 -9.862955e-01 -5.290290e-01 -3.405418e-01
 3.617316e-01 -1.000457e+00 -7.083673e-01 -1.801031e-01
 3.106521e-01 -1.400387e+00 -2.483319e-01 -9.516838e-01
 2.661547e-01 -3.373103e-01 -3.938333e-01 -1.734264e+00
 2.896373e-01 -1.374815e+00 -7.488692e-01 -8.392274e-01
 3.438573e-01 -1.500887e+00 -1.016490e+00 -3.493614e-01
 2.942687e-01 -1.272015e+00 -1.671736e-01 -4.023262e-01
 5.006725e-01 -1.623924e+00 -2.260004e-01 -2.529626e-01
 2.448384e-01 -1.244547e+00 -4.151080e-01 -2.976133e-01
 3.501541e-01 -1.399409e+00 -5.939744e-01 -1.891400e-01
 8.670965e-01 -8.148901e-01 -2.891970e-01 -1.014984e+00
 7.119738e-01 -7.349245e-01 -2.886316e-01 -1.385919e+00
 8.622436e-01 -8.325294e-01 -8.756872e-01 -8.616593e-01
 8.974578e-01 -8.874652e-01 -1.239472e+00 -3.425539e-01
 9.514670e-01 -7.978258e-01 -2.338832e-01 -5.776558e-01
 1.090101e+00 -8.356293e-01 -2.190166e-01 -2.255835e-01
 9.264981e-01 -7.934894e-01 -6.320385e-01 -4.853690e-01
 9.949918e-01 -8.367407e-01 -7.125535e-01 -2.097833e-01
 1.209297e+00 -3.115822e-01 -3.081912e-01 -1.103406e+00
 8.320693e-01 -2.883620e-01 -3.555987e-01 -1.533298e+00
 1.164159e+00 -3.199235e-01 -9.407739e-01 -9.327856e-01
 1.214185e+00 -3.166893e-01 -1.310057e+00 -3.418976e-01
 1.374084e+00 -3.285931e-01 -2.413997e-01 -6.430491e-01
 1.468381e+00 -3.520712e-01 -2.169248e-01 -2.190086e-01
 1.347927e+00 -3.197472e-01 -6.662196e-01 -5.485981e-01
 1.394454e+00 -3.402802e-01 -7.341710e-01 -2.148523e-01
 2.068472e-01 -5.526278e-01 -3.120646e-01 -8.695658e-01
 1.669272e-01 -3.823267e-01 -2.776011e-01 -1.090765e+00
 2.277631e-01 -5.946084e-01 -9.187347e-01 -7.399265e-01
 2.309427e-01 -6.391391e-01 -1.314336e+00 -3.159912e-01
 2.464372e-01 -5.466669e-01 -2.287547e-01 -4.334829e-01
 2.653895e-01 -4.720397e-01 -2.048542e-01 -2.256814e-01
 2.398903e-01 -5.789315e-01 -6.497781e-01 -3.610901e-01
 2.571304e-01 -5.716289e-01 -7.395127e-01 -1.851409e-01
 2.339004e-01 -2.603076e-01 -1.193137e+00 -1.268351e+00
 1.907818e-01 -1.886085e-01 -4.790361e-01 -1.308623e+00
 2.148891e-01 -2.245176e-01 -1.064586e+00 -7.763120e-01
 2.093010e-01 -2.251621e-01 -1.439382e+00 -3.443190e-01
 2.134012e-01 -1.931479e-01 -2.592352e-01 -3.723271e-01
 2.274686e-01 -1.917555e-01 -2.201191e-01 -2.222096e-01
 2.058149e-01 -1.873885e-01 -7.311013e-01 -3.483146e-01
 2.130567e-01 -1.931801e-01 -7.856902e-01 -1.911223e-01
 5.817500e-01 -4.095573e-01 -2.889945e-01 -8.915331e-01
 4.385343e-01 -2.968717e-01 -2.395973e-01 -1.071964e+00
 6.149161e-01 -4.971936e-01 -8.950377e-01 -7.463701e-01
 6.255332e-01 -5.473487e-01 -1.296871e+00 -3.084944e-01
 6.953174e-01 -4.506925e-01 -2.353206e-01 -5.005138e-01
 7.557160e-01 -4.332069e-01 -2.031008e-01 -2.041329e-01
 6.803780e-01 -4.748268e-01 -6.632842e-01 -4.138832e-01
 7.130824e-01 -4.780042e-01 -7.238663e-01 -1.897417e-01
 7.253623e-01 -1.814865e-01 -3.398338e-01 -9.186406e-01
 5.367605e-01 -1.588209e-01 -3.217675e-01 -1.176983e+00
 6.813271e-01 -2.038630e-01 -9.674242e-01 -7.775053e-01
 6.813359e-01 -2.150032e-01 -1.372300e+00 -3.326706e-01
 7.922012e-01 -1.873247e-01 -2.542645e-01 -4.998405e-01
 8.343874e-01 -1.865431e-01 -2.146295e-01 -2.075645e-01
 7.419186e-01 -1.858871e-01 -7.013741e-01 -4.121930e-01
 7.756189e-01 -1.882307e-01 -7.557933e-01 -1.884045e-01
-2.820138e-01  9.675751e-01  2.838094e-01  9.716843e-01
-2.413861e-01  8.162189e-01  3.136949e-01  1.428507e+00
-2.866277e-01  9.921107e-01  8.537184e-01  8.295727e-01
-2.916117e-01  1.060253e+00  1.224896e+00  3.346675e-01
-3.447187e-01  9.716175e-01  1.942253e-01  4.669055e-01
-1.140270e+00  1.342855e+00  2.450737e-01  2.789176e-01
-3.046079e-01  9.862955e-01  5.290290e-01  3.405418e-01
-3.617316e-01  1.000457e+00  7.083673e-01  1.801031e-01
-3.106521e-01  1.400387e+00  2.483319e-01  9.516838e-01
-2.661547e-01  3.373103e-01  3.938333e-01  1.734264e+00
-2.896373e-01  1.374815e+00  7.488692e-01  8.392274e-01
-3.438573e-01  1.500887e+00  1.016490e+00  3.493614e-01
-2.942687e-01  1.272015e+00  1.671736e-01  4.023262e-01
-5.006725e-01  1.623924e+00  2.260004e-01  2.529626e-01
-2.448384e-01  1.244547e+00  4.151080e-01  2.976133e-01
-3.501541e-01  1.399409e+00  5.939744e-01  1.891400e-01
-8.670965e-01  8.148901e-01  2.891970e-01  1.014984e+00
-7.119738e-01  7.349245e-01  2.886316e-01  1.385919e+00
-8.622436e-01  8.325294e-01  8.756872e-01  8.616593e-01
-8.974578e-01  8.874652e-01  1.239472e+00  3.425539e-01
-9.514670e-01  7.978258e-01  2.338832e-01  5.776558e-01
-1.090101e+00  8.356293e-01  2.190166e-01  2.255835e-01
-9.264981e-01  7.934894e-01  6.320385e-01  4.853690e-01
-9.949918e-01  8.367407e-01  7.125535e-01  2.097833e-01
-1.209297e+00  3.115822e-01  3.081912e-01  1.103406e+00
-8.320693e-01  2.883620e-01  3.555987e-01  1.533298e+00
-1.164159e+00  3.199235e-01  9.407739e-01  9.327856e-01
-1.214185e+00  3.166893e-01  1.310057e+00  3.418976e-01
-1.374084e+00  3.285931e-01  2.413997e-01  6.430491e-01
-1.468381e+00  3.520712e-01  2.169248e-01  2.190086e-01
-1.347927e+00  3.197472e-01  6.662196e-01  5.485981e-01
-1.394454e+00  3.402802e-01  7.341710e-01  2.148523e-01
-2.068472e-01  5.526278e-01  3.120646e-01  8.695658e-01
-1.669272e-01  3.823267e-01  2.776011e-01  1.090765e+00
-2.277631e-01  5.946084e-01  9.187347e-01  7.399265e-01
-2.309427e-01  6.391391e-01  1.314336e+00  3.159912e-01
-2.464372e-01  5.466669e-01  2.287547e-01  4.334829e-01
-2.653895e-01  4.720397e-01  2.048542e-01  2.256814e-01
-2.398903e-01  5.789315e-01  6.497781e-01  3.610901e-01
-2.571304e-01  5.716289e-01  7.395127e-01  1.851409e-01
-2.339004e-01  2.603076e-01  1.193137e+00  1.268351e+00
-1.907818e-01  1.886085e-01  4.790361e-01  1.308623e+00
-2.148891e-01  2.245176e-01  1.064586e+00  7.763120e-01
-2.093010e-01  2.251621e-01  1.439382e+00  3.443190e-01
-2.134012e-01  1.931479e-01  2.592352e-01  3.723271e-01
-2.274686e-01  1.917555e-01  2.201191e-01  2.222096e-01
-2.058149e-01  1.873885e-01  7.311013e-01  3.483146e-01
-2.130567e-01  1.931801e-01  7.856902e-01  1.911223e-01
-5.817500e-01  4.095573e-01  2.889945e-01  8.915331e-01
-4.385343e-01  2.968717e-01  2.395973e-01  1.071964e+00
-6.149161e-01  4.971936e-01  8.950377e-01  7.463701e-01
-6.255332e-01  5.473487e-01  1.296871e+00  3.084944e-01
-6.953174e-01  4.506925e-01  2.353206e-01  5.005138e-01
-7.557160e-01  4.332069e-01  2.031008e-01  2.041329e-01
-6.803780e-01  4.748268e-01  6.632842e-01  4.138832e-01
-7.130824e-01  4.780042e-01  7.238663e-01  1.897417e-01
-7.253623e-01  1.814865e-01  3.398338e-01  9.186406e-01
-5.367605e-01  1.588209e-01  3.217675e-01  1.176983e+00
-6.813271e-01  2.038630e-01  9.674242e-01  7.775053e-01
-6.813359e-01  2.150032e-01  1.372300e+00  3.326706e-01
-7.922012e-01  1.873247e-01  2.542645e-01  4.998405e-01
-8.343874e-01  1.865431e-01  2.146295e-01  2.075645e-01
-7.419186e-01  1.858871e-01  7.013741e-01  4.121930e-01
-7.756189e-01  1.882307e-01  7.557933e-01  1.884045e-01
-2.820138e-01  9.675751e-01  2.838094e-01 -9.716843e-01
-2.413861e-01  8.162189e-01  3.136949e-01 -1.428507e+00
-2.866277e-01  9.921107e-01  8.537184e-01 -8.295727e-01
-2.916117e-01  1.060253e+00  1.224896e+00 -3.346675e-01
-3.447187e-01  9.716175e-01  1.942253e-01 -4.669055e-01
-1.140270e+00  1.342855e+00  2.450737e-01 -2.789176e-01
-3.046079e-01  9.862955e-01  5.290290e-01 -3.405418e-01
-3.617316e-01  1.000457e+00  7.083673e-01 -1.801031e-01
-3.106521e-01  1.400387e+00  2.483319e-01 -9.516838e-01
-2.661547e-01  3.373103e-01  3.938333e-01 -1.734264e+00
-2.896373e-01  1.374815e+00  7.488692e-01 -8.392274e-01
-3.438573e-01  1.500887e+00  1.016490e+00 -3.493614e-01
-2.942687e-01  1.272015e+00  1.671736e-01 -4.023262e-01
-5.006725e-01  1.623924e+00  2.260004e-01 -2.529626e-01
-2.448384e-01  1.244547e+00  4.151080e-01 -2.976133e-01
-3.501541e-01  1.399409e+00  5.939744e-01 -1.891400e-01
-8.670965e-01  8.148901e-01  2.891970e-01 -1.014984e+00
-7.119738e-01  7.349245e-01  2.886316e-01 -1.385919e+00
-8.622436e-01  8.325294e-01  8.756872e-01 -8.616593e-01
-8.974578e-01  8.874652e-01  1.239472e+00 -3.425539e-01
-9.514670e-01  7.978258e-01  2.338832e-01 -5.776558e-01
-1.090101e+00  8.356293e-01  2.190166e-01 -2.255835e-01
-9.264981e-01  7.934894e-01  6.320385e-01 -4.853690e-01
-9.949918e-01  8.367407e-01  7.125535e-01 -2.097833e-01
-1.209297e+00  3.115822e-01  3.081912e-01 -1.103406e+00
-8.320693e-01  2.883620e-01  3.555987e-01 -1.533298e+00
-1.164159e+00  3.199235e-01  9.407739e-01 -9.327856e-01
-1.214185e+00  3.166893e-01  1.310057e+00 -3.418976e-01
-1.374084e+00  3.285931e-01  2.413997e-01 -6.430491e-01
-1.468381e+00  3.520712e-01  2.169248e-01 -2.190086e-01
-1.347927e+00  3.197472e-01  6.662196e-01 -5.485981e-01
-1.394454e+00  3.402802e-01  7.341710e-01 -2.148523e-01
-2.068472e-01  5.526278e-01  3.120646e-01 -8.695658e-01
-1.669272e-01  3.823267e-01  2.776011e-01 -1.090765e+00
-2.277631e-01  5.946084e-01  9.187347e-01 -7.399265e-01
-2.309427e-01  6.391391e-01  1.314336e+00 -3.159912e-01
-2.464372e-01  5.466669e-01  2.287547e-01 -4.334829e-01
-2.653895e-01  4.720397e-01  2.048542e-01 -2.256814e-01
-2.398903e-01  5.789315e-01  6.497781e-01 -3.610901e-01
-2.571304e-01  5.716289e-01  7.395127e-01 -1.851409e-01
-2.339004e-01  2.603076e-01  1.193137e+00 -1.268351e+00
-1.907818e-01  1.886085e-01  4.790361e-01 -1.308623e+00
-2.148891e-01  2.245176e-01  1.064586e+00 -7.763120e-01
-2.093010e-01  2.251621e-01  1.439382e+00 -3.443190e-01
-2.134012e-01  1.931479e-01  2.592352e-01 -3.723271e-01
-2.274686e-01  1.917555e-01  2.201191e-01 -2.222096e-01
-2.058149e-01  1.873885e-01  7.311013e-01 -3.483146e-01
-2.130567e-01  1.931801e-01  7.856902e-01 -1.911223e-01
-5.817500e-01  4.095573e-01  2.889945e-01 -8.915331e-01
-4.385343e-01  2.968717e-01  2.395973e-01 -1.071964e+00
-6.149161e-01  4.971936e-01  8.950377e-01 -7.463701e-01
-6.255332e-01  5.473487e-01  1.296871e+00 -3.084944e-01
-6.953174e-01  4.506925e-01  2.353206e-01 -5.005138e-01
-7.557160e-01  4.332069e-01  2.031008e-01 -2.041329e-01
-6.803780e-01  4.748268e-01  6.632842e-01 -4.138832e-01
-7.130824e-01  4.780042e-01  7.238663e-01 -1.897417e-01
-7.253623e-01  1.814865e-01  3.398338e-01 -9.186406e-01
-5.367605e-01  1.588209e-01  3.217675e-01 -1.176983e+00
-6.813271e-01  2.038630e-01  9.674242e-01 -7.775053e-01
-6.813359e-01  2.150032e-01  1.372300e+00 -3.326706e-01
-7.922012e-01  1.873247e-01  2.542645e-01 -4.998405e-01
-8.343874e-01  1.865431e-01  2.146295e-01 -2.075645e-01
-7.419186e-01  1.858871e-01  7.013741e-01 -4.121930e-01
-7.756189e-01  1.882307e-01  7.557933e-01 -1.884045e-01
-2.820138e-01  9.675751e-01 -2.838094e-01  9.716843e-01
-2.413861e-01  8.162189e-01 -3.136949e-01  1.428507e+00
-2.866277e-01  9.921107e-01 -8.537184e-01  8.295727e-01
-2.916117e-01  1.060253e+00 -1.224896e+00  3.346675e-01
-3.447187e-01  9.716175e-01 -1.942253e-01  4.669055e-01
-1.140270e+00  1.342855e+00 -2.450737e-01  2.789176e-01
-3.046079e-01  9.862955e-01 -5.290290e-01  3.405418e-01
-3.617316e-01  1.000457e+00 -7.083673e-01  1.801031e-01
-3.106521e-01  1.400387e+00 -2.483319e-01  9.516838e-01
-2.661547e-01  3.373103e-01 -3.938333e-01  1.734264e+00
-2.896373e-01  1.374815e+00 -7.488692e-01  8.392274e-01
-3.438573e-01  1.500887e+00 -1.016490e+00  3.493614e-01
-2.942687e-01  1.272015e+00 -1.671736e-01  4.023262e-01
-5.006725e-01  1.623924e+00 -2.260004e-01  2.529626e-01
-2.448384e-01  1.244547e+00 -4.151080e-01  2.976133e-01
-3.501541e-01  1.399409e+00 -5.939744e-01  1.891400e-01
-8.670965e-01  8.148901e-01 -2.891970e-01  1.014984e+00
-7.119738e-01  7.349245e-01 -2.886316e-01  1.385919e+00
-8.622436e-01  8.325294e-01 -8.756872e-01  8.616593e-01
-8.974578e-01  8.874652e-01 -1.239472e+00  3.425539e-01
-9.514670e-01  7.978258e-01 -2.338832e-01  5.776558e-01
-1.090101e+00  8.356293e-01 -2.190166e-01  2.255835e-01
-9.264981e-01  7.934894e-01 -6.320385e-01  4.853690e-01
-9.949918e-01  8.367407e-01 -7.125535e-01  2.097833e-01
-1.209297e+00  3.115822e-01 -3.081912e-01  1.103406e+00
-8.320693e-01  2.883620e-01 -3.555987e-01  1.533298e+00
-1.164159e+00  3.199235e-01 -9.407739e-01  9.327856e-01
-1.214185e+00  3.166893e-01 -1.310057e+00  3.418976e-01
-1.374084e+00  3.285931e-01 -2.413997e-01  6.430491e-01
-1.468381e+00  3.520712e-01 -2.169248e-01  2.190086e-01
-1.347927e+00  3.197472e-01 -6.662196e-01  5.485981e-01
-1.394454e+00  3.402802e-01 -7.341710e-01  2.148523e-01
-2.068472e-01  5.526278e-01 -3.120646e-01  8.695658e-01
-1.669272e-01  3.823267e-01 -2.776011e-01  1.090765e+00
-2.277631e-01  5.946084e-01 -9.187347e-01  7.399265e-01
-2.309427e-01  6.391391e-01 -1.314336e+00  3.159912e-01
-2.464372e-01  5.466669e-01 -2.287547e-01  4.334829e-01
-2.653895e-01  4.720397e-01 -2.048542e-01  2.256814e-01
-2.398903e-01  5.789315e-01 -6.497781e-01  3.610901e-01
-2.571304e-01  5.716289e-01 -7.395127e-01  1.851409e-01
-2.339004e-01  2.603076e-01 -1.193137e+00  1.268351e+00
-1.907818e-01  1.886085e-01 -4.790361e-01  1.308623e+00
-2.148891e-01  2.245176e-01 -1.064586e+00  7.763120e-01
-2.093010e-01  2.251621e-01 -1.439382e+00  3.443190e-01
-2.134012e-01  1.931479e-01 -2.592352e-01  3.723271e-01
-2.274686e-01  1.917555e-01 -2.201191e-01  2.222096e-01
-2.058149e-01  1.873885e-01 -7.311013e-01  3.483146e-01
-2.130567e-01  1.931801e-01 -7.856902e-01  1.911223e-01
-5.817500e-01  4.095573e-01 -2.889945e-01  8.915331e-01
-4.385343e-01  2.968717e-01 -2.395973e-01  1.071964e+00
-6.149161e-01  4.971936e-01 -8.950377e-01  7.463701e-01
-6.255332e-01  5.473487e-01 -1.296871e+00  3.084944e-01
-6.953174e-01  4.506925e-01 -2.353206e-01  5.005138e-01
-7.557160e-01  4.332069e-01 -2.031008e-01  2.041329e-01
-6.803780e-01  4.748268e-01 -6.632842e-01  4.138832e-01
-7.130824e-01  4.780042e-01 -7.238663e-01  1.897417e-01
-7.253623e-01  1.814865e-01 -3.398338e-01  9.186406e-01
-5.367605e-01  1.588209e-01 -3.217675e-01  1.176983e+00
-6.813271e-01  2.038630e-01 -9.674242e-01  7.775053e-01
-6.813359e-01  2.150032e-01 -1.372300e+00  3.326706e-01
-7.922012e-01  1.873247e-01 -2.542645e-01  4.998405e-01
-8.343874e-01  1.865431e-01 -2.146295e-01  2.075645e-01
-7.419186e-01  1.858871e-01 -7.013741e-01  4.121930e-01
-7.756189e-01  1.882307e-01 -7.557933e-01  1.884045e-01
-2.820138e-01  9.675751e-01 -2.838094e-01 -9.716843e-01
-2.413861e-01  8.162189e-01 -3.136949e-01 -1.428507e+00
-2.866277e-01  9.921107e-01 -8.537184e-01 -8.295727e-01
-2.916117e-01  1.060253e+00 -1.224896e+00 -3.346675e-01
-3.447187e-01  9.716175e-01 -1.942253e-01 -4.669055e-01
-1.140270e+00  1.342855e+00 -2.450737e-01 -2.789176e-01
-3.046079e-01  9.862955e-01 -5.290290e-01 -3.405418e-01
-3.617316e-01  1.000457e+00 -7.083673e-01 -1.801031e-01
-3.106521e-01  1.400387e+00 -2.483319e-01 -9.516838e-01
-2.661547e-01  3.373103e-01 -3.938333e-01 -1.734264e+00
-2.896373e-01  1.374815e+00 -7.488692e-01 -8.392274e-01
-3.438573e-01  1.500887e+00 -1.016490e+00 -3.493614e-01
-2.942687e-01  1.272015e+00 -1.671736e-01 -4.023262e-01
-5.006725e-01  1.623924e+00 -2.260004e-01 -2.529626e-01
-2.448384e-01  1.244547e+00 -4.151080e-01 -2.976133e-01
-3.501541e-01  1.399409e+00 -5.939744e-01 -1.891400e-01
-8.670965e-01  8.148901e-01 -2.891970e-01 -1.014984e+00
-7.119738e-01  7.349245e-01 -2.886316e-01 -1.385919e+00
-8.622436e-01  8.325294e-01 -8.756872e-01 -8.616593e-01
-8.974578e-01  8.874652e-01 -1.239472e+00 -3.425539e-01
-9.514670e-01  7.978258e-01 -2.338832e-01 -5.776558e-01
-1.090101e+00  8.356293e-01 -2.190166e-01 -2.255835e-01
-9.264981e-01  7.934894e-01 -6.320385e-01 -4.853690e-01
-9.949918e-01  8.367407e-01 -7.125535e-01 -2.097833e-01
-1.209297e+00  3.115822e-01 -3.081912e-01 -1.103406e+00
-8.320693e-01  2.883620e-01 -3.555987e-01 -1.533298e+00
-1.164159e+00  3.199235e-01 -9.407739e-01 -9.327856e-01
-1.214185e+00  3.166893e-01 -1.310057e+00 -3.418976e-01
-1.374084e+00  3.285931e-01 -2.413997e-01 -6.430491e-01
-1.468381e+00  3.520712e-01 -2.169248e-01 -2.190086e-01
-1.347927e+00  3.197472e-01 -6.662196e-01 -5.485981e-01
-1.394454e+00  3.402802e-01 -7.341710e-01 -2.148523e-01
-2.068472e-01  5.526278e-01 -3.120646e-01 -8.695658e-01
-1.669272e-01  3.823267e-01 -2.776011e-01 -1.090765e+00
-2.277631e-01  5.946084e-01 -9.187347e-01 -7.399265e-01
-2.309427e-01  6.391391e-01 -1.314336e+00 -3.159912e-01
-2.464372e-01  5.466669e-01 -2.287547e-01 -4.334829e-01
-2.653895e-01  4.720397e-01 -2.048542e-01 -2.256814e-01
-2.398903e-01  5.789315e-01 -6.497781e-01 -3.610901e-01
-2.571304e-01  5.716289e-01 -7.395127e-01 -1.851409e-01
-2.339004e-01  2.603076e-01 -1.193137e+00 -1.268351e+00
-1.907818e-01  1.886085e-01 -4.790361e-01 -1.308623e+00
-2.148891e-01  2.245176e-01 -1.064586e+00 -7.763120e-01
-2.093010e-01  2.251621e-01 -1.439382e+00 -3.443190e-01
-2.134012e-01  1.931479e-01 -2.592352e-01 -3.723271e-01
-2.274686e-01  1.917555e-01 -2.201191e-01 -2.222096e-01
-2.058149e-01  1.873885e-01 -7.311013e-01 -3.483146e-01
-2.130567e-01  1.931801e-01 -7.856902e-01 -1.911223e-01
-5.817500e-01  4.095573e-01 -2.889945e-01 -8.915331e-01
-4.385343e-01  2.968717e-01 -2.395973e-01 -1.071964e+00
-6.149161e-01  4.971936e-01 -8.950377e-01 -7.463701e-01
-6.255332e-01  5.473487e-01 -1.296871e+00 -3.084944e-01
-6.953174e-01  4.506925e-01 -2.353206e-01 -5.005138e-01
-7.557160e-01  4.332069e-01 -2.031008e-01 -2.041329e-01
-6.803780e-01  4.748268e-01 -6.632842e-01 -4.138832e-01
-7.130824e-01  4.780042e-01 -7.238663e-01 -1.897417e-01
-7.253623e-01  1.814865e-01 -3.398338e-01 -9.186406e-01
-5.367605e-01  1.588209e-01 -3.217675e-01 -1.176983e+00
-6.813271e-01  2.038630e-01 -9.674242e-01 -7.775053e-01
-6.813359e-01  2.150032e-01 -1.372300e+00 -3.326706e-01
-7.922012e-01  1.873247e-01 -2.542645e-01 -4.998405e-01
-8.343874e-01  1.865431e-01 -2.146295e-01 -2.075645e-01
-7.419186e-01  1.858871e-01 -7.013741e-01 -4.121930e-01
-7.756189e-01  1.882307e-01 -7.557933e-01 -1.884045e-01
-2.820138e-01 -9.675751e-01  2.838094e-01  9.716843e-01
-2.413861e-01 -8.162189e-01  3.136949e-01  1.428507e+00
-2.866277e-01 -9.921107e-01  8.537184e-01  8.295727e-01
-2.916117e-01 -1.060253e+00  1.224896e+00  3.346675e-01
-3.447187e-01 -9.716175e-01  1.942253e-01  4.669055e-01
-1.140270e+00 -1.342855e+00  2.450737e-01  2.789176e-01
-3.046079e-01 -9.862955e-01  5.290290e-01  3.405418e-01
-3.617316e-01 -1.000457e+00  7.083673e-01  1.801031e-01
-3.106521e-01 -1.400387e+00  2.483319e-01  9.516838e-01
-2.661547e-01 -3.373103e-01  3.938333e-01  1.734264e+00
-2.896373e-01 -1.374815e+00  7.488692e-01  8.392274e-01
-3.438573e-01 -1.500887e+00  1.016490e+00  3.493614e-01
-2.942687e-01 -1.272015e+00  1.671736e-01  4.023262e-01
-5.006725e-01 -1.623924e+00  2.260004e-01  2.529626e-01
-2.448384e-01 -1.244547e+00  4.151080e-01  2.976133e-01
-3.501541e-01 -1.399409e+00  5.939744e-01  1.891400e-01
-8.670965e-01 -8.148901e-01  2.891970e-01  1.014984e+00
-7.119738e-01 -7.349245e-01  2.886316e-01  1.385919e+00
-8.622436e-01 -8.325294e-01  8.756872e-01  8.616593e-01
-8.974578e-01 -8.874652e-01  1.239472e+00  3.425539e-01
-9.514670e-01 -7.978258e-01  2.338832e-01  5.776558e-01
-1.090101e+00 -8.356293e-01  2.190166e-01  2.255835e-01
-9.264981e-01 -7.934894e-01  6.320385e-01  4.853690e-01
-9.949918e-01 -8.367407e-01  7.125535e-01  2.097833e-01
-1.209297e+00 -3.115822e-01  3.081912e-01  1.103406e+00
-8.320693e-01 -2.883620e-01  3.555987e-01  1.533298e+00
-1.164159e+00 -3.199235e-01  9.407739e-01  9.327856e-01
-1.214185e+00 -3.166893e-01  1.310057e+00  3.418976e-01
-1.374084e+00 -3.285931e-01  2.413997e-01  6.430491e-01
-1.468381e+00 -3.520712e-01  2.169248e-01  2.190086e-01
-1.347927e+00 -3.197472e-01  6.662196e-01  5.485981e-01
-1.394454e+00 -3.402802e-01  7.341710e-01  2.148523e-01
-2.068472e-01 -5.526278e-01  3.120646e-01  8.695658e-01
-1.669272e-01 -3.823267e-01  2.776011e-01  1.090765e+00
-2.277631e-01 -5.946084e-01  9.187347e-01  7.399265e-01
-2.309427e-01 -6.391391e-01  1.314336e+00  3.159912e-01
-2.464372e-01 -5.466669e-01  2.287547e-01  4.334829e-01
-2.653895e-01 -4.720397e-01  2.048542e-01  2.256814e-01
-2.398903e-01 -5.789315e-01  6.497781e-01  3.610901e-01
-2.571304e-01 -5.716289e-01  7.395127e-01  1.851409e-01
-2.339004e-01 -2.603076e-01  1.193137e+00  1.268351e+00
-1.907818e-01 -1.886085e-01  4.790361e-01  1.308623e+00
-2.148891e-01 -2.245176e-01  1.064586e+00  7.763120e-01
-2.093010e-01 -2.251621e-01  1.439382e+00  3.443190e-01
-2.134012e-01 -1.931479e-01  2.592352e-01  3.723271e-01
-2.274686e-01 -1.917555e-01  2.201191e-01  2.222096e-01
-2.058149e-01 -1.873885e-01  7.311013e-01  3.483146e-01
-2.130567e-01 -1.931801e-01  7.856902e-01  1.911223e-01
-5.817500e-01 -4.095573e-01  2.889945e-01  8.915331e-01
-4.385343e-01 -2.968717e-01  2.395973e-01  1.071964e+00
-6.149161e-01 -4.971936e-01  8.950377e-01  7.463701e-01
-6.255332e-01 -5.473487e-01  1.296871e+00  3.084944e-01
-6.953174e-01 -4.506925e-01  2.353206e-01  5.005138e-01
-7.557160e-01 -4.332069e-01  2.031008e-01  2.041329e-01
-6.803780e-01 -4.748268e-01  6.632842e-01  4.138832e-01
-7.130824e-01 -4.780042e-01  7.238663e-01  1.897417e-01
-7.253623e-01 -1.814865e-01  3.398338e-01  9.186406e-01
-5.367605e-01 -1.588209e-01  3.217675e-01  1.176983e+00
-6.813271e-01 -2.038630e-01  9.674242e-01  7.775053e-01
-6.813359e-01 -2.150032e-01  1.372300e+00  3.326706e-01
-7.922012e-01 -1.873247e-01  2.542645e-01  4.998405e-01
-8.343874e-01 -1.865431e-01  2.146295e-01  2.075645e-01
-7.419186e-01 -1.858871e-01  7.013741e-01  4.121930e-01
-7.756189e-01 -1.882307e-01  7.557933e-01  1.884045e-01
-2.820138e-01 -9.675751e-01  2.838094e-01 -9.716843e-01
-2.413861e-01 -8.162189e-01  3.136949e-01 -1.428507e+00
-2.866277e-01 -9.921107e-01  8.537184e-01 -8.295727e-01
-2.916117e-01 -1.060253e+00  1.224896e+00 -3.346675e-01
-3.447187e-01 -9.716175e-01  1.942253e-01 -4.669055e-01
-1.140270e+00 -1.342855e+00  2.450737e-01 -2.789176e-01
-3.046079e-01 -9.862955e-01  5.290290e-01 -3.405418e-01
-3.617316e-01 -1.000457e+00  7.083673e-01 -1.801031e-01
-3.106521e-01 -1.400387e+00  2.483319e-01 -9.516838e-01
-2.661547e-01 -3.373103e-01  3.938333e-01 -1.734264e+00
-2.896373e-01 -1.374815e+00  7.488692e-01 -8.392274e-01
-3.438573e-01 -1.500887e+00  1.016490e+00 -3.493614e-01
-2.942687e-01 -1.272015e+00  1.671736e-01 -4.023262e-01
-5.006725e-01 -1.623924e+00  2.260004e-01 -2.529626e-01
-2.448384e-01 -1.244547e+00  4.151080e-01 -2.976133e-01
-3.501541e-01 -1.399409e+00  5.939744e-01 -1.891400e-01
-8.670965e-01 -8.148901e-01  2.891970e-01 -1.014984e+00
-7.119738e-01 -7.349245e-01  2.886316e-01 -1.385919e+00
-8.622436e-01 -8.325294e-01  8.756872e-01 -8.616593e-01
-8.974578e-01 -8.874652e-01  1.239472e+00 -3.425539e-01
-9.514670e-01 -7.978258e-01  2.338832e-01 -5.776558e-01
-1.090101e+00 -8.356293e-01  2.190166e-01 -2.255835e-01
-9.264981e-01 -7.934894e-01  6.320385e-01 -4.853690e-01
-9.949918e-01 -8.367407e-01  7.125535e-01 -2.097833e-01
-1.209297e+00 -3.115822e-01  3.081912e-01 -1.103406e+00
-8.320693e-01 -2.883620e-01  3.555987e-01 -1.533298e+00
-1.164159e+00 -3.199235e-01  9.407739e-01 -9.327856e-01
-1.214185e+00 -3.166893e-01  1.310057e+00 -3.418976e-01
-1.374084e+00 -3.285931e-01  2.413997e-01 -6.430491e-01
-1.468381e+00 -3.520712e-01  2.169248e-01 -2.190086e-01
-1.347927e+00 -3.197472e-01  6.662196e-01 -5.485981e-01
-1.394454e+00 -3.402802e-01  7.341710e-01 -2.148523e-01
-2.068472e-01 -5.526278e-01  3.120646e-01 -8.695658e-01
-1.669272e-01 -3.823267e-01  2.776011e-01 -1.090765e+00
-2.277631e-01 -5.946084e-01  9.187347e-01 -7.399265e-01
-2.309427e-01 -6.391391e-01  1.314336e+00 -3.159912e-01
-2.464372e-01 -5.466669e-01  2.287547e-01 -4.334829e-01
-2.653895e-01 -4.720397e-01  2.048542e-01 -2.256814e-01
-2.398903e-01 -5.789315e-01  6.497781e-01 -3.610901e-01
-2.571304e-01 -5.716289e-01  7.395127e-01 -1.851409e-01
-2.339004e-01 -2.603076e-01  1.193137e+00 -1.268351e+00
-1.907818e-01 -1.886085e-01  4.790361e-01 -1.308623e+00
-2.148891e-01 -2.245176e-01  1.064586e+00 -7.763120e-01
-2.093010e-01 -2.251621e-01  1.439382e+00 -3.443190e-01
-2.134012e-01 -1.931479e-01  2.592352e-01 -3.723271e-01
-2.274686e-01 -1.917555e-01  2.201191e-01 -2.222096e-01
-2.058149e-01 -1.873885e-01  7.311013e-01 -3.483146e-01
-2.130567e-01 -1.931801e-01  7.856902e-01 -1.911223e-01
-5.817500e-01 -4.095573e-01  2.889945e-01 -8.915331e-01
-4.385343e-01 -2.968717e-01  2.395973e-01 -1.071964e+00
-6.149161e-01 -4.971936e-01  8.950377e-01 -7.463701e-01
-6.255332e-01 -5.473487e-01  1.296871e+00 -3.084944e-01
-6.953174e-01 -4.506925e-01  2.353206e-01 -5.005138e-01
-7.557160e-01 -4.332069e-01  2.031008e-01 -2.041329e-01
-6.803780e-01 -4.748268e-01  6.632842e-01 -4.138832e-01
-7.130824e-01 -4.780042e-01  7.238663e-01 -1.897417e-01
-7.253623e-01 -1.814865e-01  3.398338e-01 -9.186406e-01
-5.367605e-01 -1.588209e-01  3.217675e-01 -1.176983e+00
-6.813271e-01 -2.038630e-01  9.674242e-01 -7.775053e-01
-6.813359e-01 -2.150032e-01  1.372300e+00 -3.326706e-01
-7.922012e-01 -1.873247e-01  2.542645e-01 -4.998405e-01
-8.343874e-01 -1.865431e-01  2.146295e-01 -2.075645e-01
-7.419186e-01 -1.858871e-01  7.013741e-01 -4.121930e-01
-7.756189e-01 -1.882307e-01  7.557933e-01 -1.884045e-01
-2.820138e-01 -9.675751e-01 -2.838094e-01  9.716843e-01
-2.413861e-01 -8.162189e-01 -3.136949e-01  1.428507e+00
-2.866277e-01 -9.921107e-01 -8.537184e-01  8.295727e-01
-2.916117e-01 -1.060253e+00 -1.224896e+00  3.346675e-01
-3.447187e-01 -9.716175e-01 -1.942253e-01  4.669055e-01
-1.140270e+00 -1.342855e+00 -2.450737e-01  2.789176e-01
-3.046079e-01 -9.862955e-01 -5.290290e-01  3.405418e-01
-3.617316e-01 -1.000457e+00 -7.083673e-01  1.801031e-01
-3.106521e-01 -1.400387e+00 -2.483319e-01  9.516838e-01
-2.661547e-01 -3.373103e-01 -3.938333e-01  1.734264e+00
-2.896373e-01 -1.374815e+00 -7.488692e-01  8.392274e-01
-3.438573e-01 -1.500887e+00 -1.016490e+00  3.493614e-01
-2.942687e-01 -1.272015e+00 -1.671736e-01  4.023262e-01
-5.006725e-01 -1.623924e+00 -2.260004e-01  2.529626e-01
-2.448384e-01 -1.244547e+00 -4.151080e-01  2.976133e-01
-3.501541e-01 -1.399409e+00 -5.939744e-01  1.891400e-01
-8.670965e-01 -8.148901e-01 -2.891970e-01  1.014984e+00
-7.119738e-01 -7.349245e-01 -2.886316e-01  1.385919e+00
-8.622436e-01 -8.325294e-01 -8.756872e-01  8.616593e-01
-8.974578e-01 -8.874652e-01 -1.239472e+00  3.425539e-01
-9.514670e-01 -7.978258e-01 -2.338832e-01  5.776558e-01
-1.090101e+00 -8.356293e-01 -2.190166e-01  2.255835e-01
-9.264981e-01 -7.934894e-01 -6.320385e-01  4.853690e-01
-9.949918e-01 -8.367407e-01 -7.125535e-01  2.097833e-01
-1.209297e+00 -3.115822e-01 -3.081912e-01  1.103406e+00
-8.320693e-01 -2.883620e-01 -3.555987e-01  1.533298e+00
-1.164159e+00 -3.199235e-01 -9.407739e-01  9.327856e-01
-1.214185e+00 -3.166893e-01 -1.310057e+00  3.418976e-01
-1.374084e+00 -3.285931e-01 -2.413997e-01  6.430491e-01
-1.468381e+00 -3.520712e-01 -2.169248e-01  2.190086e-01
-1.347927e+00 -3.197472e-01 -6.662196e-01  5.485981e-01
-1.394454e+00 -3.402802e-01 -7.341710e-01  2.148523e-01
-2.068472e-01 -5.526278e-01 -3.120646e-01  8.695658e-01
-1.669272e-01 -3.823267e-01 -2.776011e-01  1.090765e+00
-2.277631e-01 -5.946084e-01 -9.187347e-01  7.399265e-01
-2.309427e-01 -6.391391e-01 -1.314336e+00  3.159912e-01
-2.464372e-01 -5.466669e-01 -2.287547e-01  4.334829e-01
-2.653895e-01 -4.720397e-01 -2.048542e-01  2.256814e-01
-2.398903e-01 -5.789315e-01 -6.497781e-01  3.610901e-01
-2.571304e-01 -5.716289e-01 -7.395127e-01  1.851409e-01
-2.339004e-01 -2.603076e-01 -1.193137e+00  1.268351e+00
-1.907818e-01 -1.886085e-01 -4.790361e-01  1.308623e+00
-2.148891e-01 -2.245176e-01 -1.064586e+00  7.763120e-01
-2.093010e-01 -2.251621e-01 -1.439382e+00  3.443190e-01
-2.134012e-01 -1.931479e-01 -2.592352e-01  3.723271e-01
-2.274686e-01 -1.917555e-01 -2.201191e-01  2.222096e-01
-2.058149e-01 -1.873885e-01 -7.311013e-01  3.483146e-01
-2.130567e-01 -1.931801e-01 -7.856902e-01  1.911223e-01
-5.817500e-01 -4.095573e-01 -2.889945e-01  8.915331e-01
-4.385343e-01 -2.968717e-01 -2.395973e-01  1.071964e+00
-6.149161e-01 -4.971936e-01 -8.950377e-01  7.463701e-01
-6.255332e-01 -5.473487e-01 -1.296871e+00  3.084944e-01
-6.953174e-01 -4.506925e-01 -2.353206e-01  5.005138e-01
-7.557160e-01 -4.332069e-01 -2.031008e-01  2.041329e-01
-6.803780e-01 -4.748268e-01 -6.632842e-01  4.138832e-01
-7.130824e-01 -4.780042e-01 -7.238663e-01  1.897417e-01
-7.253623e-01 -1.814865e-01 -3.398338e-01  9.186406e-01
-5.367605e-01 -1.588209e-01 -3.217675e-01  1.176983e+00
-6.813271e-01 -2.038630e-01 -9.674242e-01  7.775053e-01
-6.813359e-01 -2.150032e-01 -1.372300e+00  3.326706e-01
-7.922012e-01 -1.873247e-01 -2.542645e-01  4.998405e-01
-8.343874e-01 -1.865431e-01 -2.146295e-01  2.075645e-01
-7.419186e-01 -1.858871e-01 -7.013741e-01  4.121930e-01
-7.756189e-01 -1.882307e-01 -7.557933e-01  1.884045e-01
-2.820138e-01 -9.675751e-01 -2.838094e-01 -9.716843e-01
-2.413861e-01 -8.162189e-01 -3.136949e-01 -1.428507e+00
-2.866277e-01 -9.921107e-01 -8.537184e-01 -8.295727e-01
-2.916117e-01 -1.060253e+00 -1.224896e+00 -3.346675e-01
-3.447187e-01 -9.716175e-01 -1.942253e-01 -4.669055e-01
-1.140270e+00 -1.342855e+00 -2.450737e-01 -2.789176e-01
-3.046079e-01 -9.862955e-01 -5.290290e-01 -3.405418e-01
-3.617316e-01 -1.000457e+00 -7.083673e-01 -1.801031e-01
-3.106521e-01 -1.400387e+00 -2.483319e-01 -9.516838e-01
-2.661547e-01 -3.373103e-01 -3.938333e-01 -1.734264e+00
-2.896373e-01 -1.374815e+00 -7.488692e-01 -8.392274e-01
-3.438573e-01 -1.500887e+00 -1.016490e+00 -3.493614e-01
-2.942687e-01 -1.272015e+00 -1.671736e-01 -4.023262e-01
-5.006725e-01 -1.623924e+00 -2.260004e-01 -2.529626e-01
-2.448384e-01 -1.244547e+00 -4.151080e-01 -2.976133e-01
-3.501541e-01 -1.399409e+00 -5.939744e-01 -1.891400e-01
-8.670965e-01 -8.148901e-01 -2.891970e-01 -1.014984e+00
-7.119738e-01 -7.349245e-01 -2.886316e-01 -1.385919e+00
-8.622436e-01 -8.325294e-01 -8.756872e-01 -8.616593e-01
-8.974578e-01 -8.874652e-01 -1.239472e+00 -3.425539e-01
-9.514670e-01 -7.978258e-01 -2.338832e-01 -5.776558e-01
-1.090101e+00 -8.356293e-01 -2.190166e-01 -2.255835e-01
-9.264981e-01 -7.934894e-01 -6.320385e-01 -4.853690e-01
-9.949918e-01 -8.367407e-01 -7.125535e-01 -2.097833e-01
-1.209297e+00 -3.115822e-01 -3.081912e-01 -1.103406e+00
-8.320693e-01 -2.883620e-01 -3.555987e-01 -1.533298e+00
-1.164159e+00 -3.199235e-01 -9.407739e-01 -9.327856e-01
-1.214185e+00 -3.166893e-01 -1.310057e+00 -3.418976e-01
-1.374084e+00 -3.285931e-01 -2.413997e-01 -6.430491e-01
-1.468381e+00 -3.520712e-01 -2.169248e-01 -2.190086e-01
-1.347927e+00 -3.197472e-01 -6.662196e-01 -5.485981e-01
-1.394454e+00 -3.402802e-01 -7.341710e-01 -2.148523e-01
-2.068472e-01 -5.526278e-01 -3.120646e-01 -8.695658e-01
-1.669272e-01 -3.823267e-01 -2.776011e-01 -1.090765e+00
-2.277631e-01 -5.946084e-01 -9.187347e-01 -7.399265e-01
-2.309427e-01 -6.391391e-01 -1.314336e+00 -3.159912e-01
-2.464372e-01 -5.466669e-01 -2.287547e-01 -4.334829e-01
-2.653895e-01 -4.720397e-01 -2.048542e-01 -2.256814e-01
-2.398903e-01 -5.789315e-01 -6.497781e-01 -3.610901e-01
-2.571304e-01 -5.716289e-01 -7.395127e-01 -1.851409e-01
-2.339004e-01 -2.603076e-01 -1.193137e+00 -1.268351e+00
-1.907818e-01 -1.886085e-01 -4.790361e-01 -1.308623e+00
-2.148891e-01 -2.245176e-01 -1.064586e+00 -7.763120e-01
-2.093010e-01 -2.251621e-01 -1.439382e+00 -3.443190e-01
-2.134012e-01 -1.931479e-01 -2.592352e-01 -3.723271e-01
-2.274686e-01 -1.917555e-01 -2.201191e-01 -2.222096e-01
-2.058149e-01 -1.873885e-01 -7.311013e-01 -3.483146e-01
-2.130567e-01 -1.931801e-01 -7.856902e-01 -1.911223e-01
-5.817500e-01 -4.095573e-01 -2.889945e-01 -8.915331e-01
-4.385343e-01 -2.968717e-01 -2.395973e-01 -1.071964e+00
-6.149161e-01 -4.971936e-01 -8.950377e-01 -7.463701e-01
-6.255332e-01 -5.473487e-01 -1.296871e+00 -3.084944e-01
-6.953174e-01 -4.506925e-01 -2.353206e-01 -5.005138e-01
-7.557160e-01 -4.332069e-01 -2.031008e-01 -2.041329e-01
-6.803780e-01 -4.748268e-01 -6.632842e-01 -4.138832e-01
-7.130824e-01 -4.780042e-01 -7.238663e-01 -1.897417e-01
-7.253623e-01 -1.814865e-01 -3.398338e-01 -9.186406e-01
-5.367605e-01 -1.588209e-01 -3.217675e-01 -1.176983e+00
-6.813271e-01 -2.038630e-01 -9.674242e-01 -7.775053e-01
-6.813359e-01 -2.150032e-01 -1.372300e+00 -3.326706e-01
-7.922012e-01 -1.873247e-01 -2.542645e-01 -4.998405e-01
-8.343874e-01 -1.865431e-01 -2.146295e-01 -2.075645e-01
-7.419186e-01 -1.858871e-01 -7.013741e-01 -4.121930e-01
-7.756189e-01 -1.882307e-01 -7.557933e-01 -1.884045e-01
