 5.728126e-01  1.439200e+00  4.730755e-01  6.399802e-01
 4.766479e-01  1.126110e+00  1.015686e+00  3.364723e-01
 4.929661e-01  1.163052e+00  2.695227e-01  4.555263e-01
 3.967997e-01  8.728693e-01  4.412852e-01  2.577240e-01
 1.438959e+00  5.713862e-01  4.705400e-01  6.382558e-01
 1.127946e+00  4.779558e-01  1.019316e+00  3.361533e-01
 1.159239e+00  4.940492e-01  2.701951e-01  4.564173e-01
 8.722429e-01  3.970877e-01  4.408158e-01  2.568357e-01
 3.526483e-01  7.110807e-01  5.892027e-01  1.348939e+00
 2.906543e-01  5.271457e-01  1.301265e+00  5.502325e-01
 2.914477e-01  5.465769e-01  3.210627e-01  9.755899e-01
 2.338574e-01  4.013226e-01  5.368141e-01  4.093712e-01
 7.169898e-01  3.557502e-01  5.903891e-01  1.351656e+00
 5.272734e-01  2.888540e-01  1.301644e+00  5.469607e-01
 5.487481e-01  2.944498e-01  3.204359e-01  9.762226e-01
 4.002336e-01  2.332068e-01  5.321913e-01  4.080380e-01
 5.728126e-01  1.439200e+00  4.730755e-01 -6.399802e-01
 4.766479e-01  1.126110e+00  1.015686e+00 -3.364723e-01
 4.929661e-01  1.163052e+00  2.695227e-01 -4.555263e-01
 3.967997e-01  8.728693e-01  4.412852e-01 -2.577240e-01
 1.438959e+00  5.713862e-01  4.705400e-01 -6.382558e-01
 1.127946e+00  4.779558e-01  1.019316e+00 -3.361533e-01
 1.159239e+00  4.940492e-01  2.701951e-01 -4.564173e-01
 8.722429e-01  3.970877e-01  4.408158e-01 -2.568357e-01
 3.526483e-01  7.110807e-01  5.892027e-01 -1.348939e+00
 2.906543e-01  5.271457e-01  1.301265e+00 -5.502325e-01
 2.914477e-01  5.465769e-01  3.210627e-01 -9.755899e-01
 2.338574e-01  4.013226e-01  5.368141e-01 -4.093712e-01
 7.169898e-01  3.557502e-01  5.903891e-01 -1.351656e+00
 5.272734e-01  2.888540e-01  1.301644e+00 -5.469607e-01
 5.487481e-01  2.944498e-01  3.204359e-01 -9.762226e-01
 4.002336e-01  2.332068e-01  5.321913e-01 -4.080380e-01
 5.728126e-01  1.439200e+00 -4.730755e-01  6.399802e-01
 4.766479e-01  1.126110e+00 -1.015686e+00  3.364723e-01
 4.929661e-01  1.163052e+00 -2.695227e-01  4.555263e-01
 3.967997e-01  8.728693e-01 -4.412852e-01  2.577240e-01
 1.438959e+00  5.713862e-01 -4.705400e-01  6.382558e-01
 1.127946e+00  4.779558e-01 -1.019316e+00  3.361533e-01
 1.159239e+00  4.940492e-01 -2.701951e-01  4.564173e-01
 8.722429e-01  3.970877e-01 -4.408158e-01  2.568357e-01
 3.526483e-01  7.110807e-01 -5.892027e-01  1.348939e+00
 2.906543e-01  5.271457e-01 -1.301265e+00  5.502325e-01
 2.914477e-01  5.465769e-01 -3.210627e-01  9.755899e-01
 2.338574e-01  4.013226e-01 -5.368141e-01  4.093712e-01
 7.169898e-01  3.557502e-01 -5.903891e-01  1.351656e+00
 5.272734e-01  2.888540e-01 -1.301644e+00  5.469607e-01
 5.487481e-01  2.944498e-01 -3.204359e-01  9.762226e-01
 4.002336e-01  2.332068e-01 -5.321913e-01  4.080380e-01
 5.728126e-01  1.439200e+00 -4.730755e-01 -6.399802e-01
 4.766479e-01  1.126110e+00 -1.015686e+00 -3.364723e-01
 4.929661e-01  1.163052e+00 -2.695227e-01 -4.555263e-01
 3.967997e-01  8.728693e-01 -4.412852e-01 -2.577240e-01
 1.438959e+00  5.713862e-01 -4.705400e-01 -6.382558e-01
 1.127946e+00  4.779558e-01 -1.019316e+00 -3.361533e-01
 1.159239e+00  4.940492e-01 -2.701951e-01 -4.564173e-01
 8.722429e-01  3.970877e-01 -4.408158e-01 -2.568357e-01
 3.526483e-01  7.110807e-01 -5.892027e-01 -1.348939e+00
 2.906543e-01  5.271457e-01 -1.301265e+00 -5.502325e-01
 2.914477e-01  5.465769e-01 -3.210627e-01 -9.755899e-01
 2.338574e-01  4.013226e-01 -5.368141e-01 -4.093712e-01
 7.169898e-01  3.557502e-01 -5.903891e-01 -1.351656e+00
 5.272734e-01  2.888540e-01 -1.301644e+00 -5.469607e-01
 5.487481e-01  2.944498e-01 -3.204359e-01 -9.762226e-01
 4.002336e-01  2.332068e-01 -5.321913e-01 -4.080380e-01
 5.728126e-01 -1.439200e+00  4.730755e-01  6.399802e-01
 4.766479e-01 -1.126110e+00  1.015686e+00  3.364723e-01
 4.929661e-01 -1.163052e+00  2.695227e-01  4.555263e-01
 3.967997e-01 -8.728693e-01  4.412852e-01  2.577240e-01
 1.438959e+00 -5.713862e-01  4.705400e-01  6.382558e-01
 1.127946e+00 -4.779558e-01  1.019316e+00  3.361533e-01
 1.159239e+00 -4.940492e-01  2.701951e-01  4.564173e-01
 8.722429e-01 -3.970877e-01  4.408158e-01  2.568357e-01
 3.526483e-01 -7.110807e-01  5.892027e-01  1.348939e+00
 2.906543e-01 -5.271457e-01  1.301265e+00  5.502325e-01
 2.914477e-01 -5.465769e-01  3.210627e-01  9.755899e-01
 2.338574e-01 -4.013226e-01  5.368141e-01  4.093712e-01
 7.169898e-01 -3.557502e-01  5.903891e-01  1.351656e+00
 5.272734e-01 -2.888540e-01  1.301644e+00  5.469607e-01
 5.487481e-01 -2.944498e-01  3.204359e-01  9.762226e-01
 4.002336e-01 -2.332068e-01  5.321913e-01  4.080380e-01
 5.728126e-01 -1.439200e+00  4.730755e-01 -6.399802e-01
 4.766479e-01 -1.126110e+00  1.015686e+00 -3.364723e-01
 4.929661e-01 -1.163052e+00  2.695227e-01 -4.555263e-01
 3.967997e-01 -8.728693e-01  4.412852e-01 -2.577240e-01
 1.438959e+00 -5.713862e-01  4.705400e-01 -6.382558e-01
 1.127946e+00 -4.779558e-01  1.019316e+00 -3.361533e-01
 1.159239e+00 -4.940492e-01  2.701951e-01 -4.564173e-01
 8.722429e-01 -3.970877e-01  4.408158e-01 -2.568357e-01
 3.526483e-01 -7.110807e-01  5.892027e-01 -1.348939e+00
 2.906543e-01 -5.271457e-01  1.301265e+00 -5.502325e-01
 2.914477e-01 -5.465769e-01  3.210627e-01 -9.755899e-01
 2.338574e-01 -4.013226e-01  5.368141e-01 -4.093712e-01
 7.169898e-01 -3.557502e-01  5.903891e-01 -1.351656e+00
 5.272734e-01 -2.888540e-01  1.301644e+00 -5.469607e-01
 5.487481e-01 -2.944498e-01  3.204359e-01 -9.762226e-01
 4.002336e-01 -2.332068e-01  5.321913e-01 -4.080380e-01
 5.728126e-01 -1.439200e+00 -4.730755e-01  6.399802e-01
 4.766479e-01 -1.126110e+00 -1.015686e+00  3.364723e-01
 4.929661e-01 -1.163052e+00 -2.695227e-01  4.555263e-01
 3.967997e-01 -8.728693e-01 -4.412852e-01  2.577240e-01
 1.438959e+00 -5.713862e-01 -4.705400e-01  6.382558e-01
 1.127946e+00 -4.779558e-01 -1.019316e+00  3.361533e-01
 1.159239e+00 -4.940492e-01 -2.701951e-01  4.564173e-01
 8.722429e-01 -3.970877e-01 -4.408158e-01  2.568357e-01
 3.526483e-01 -7.110807e-01 -5.892027e-01  1.348939e+00
 2.906543e-01 -5.271457e-01 -1.301265e+00  5.502325e-01
 2.914477e-01 -5.465769e-01 -3.210627e-01  9.755899e-01
 2.338574e-01 -4.013226e-01 -5.368141e-01  4.093712e-01
 7.169898e-01 -3.557502e-01 -5.903891e-01  1.351656e+00
 5.272734e-01 -2.888540e-01 -1.301644e+00  5.469607e-01
 5.487481e-01 -2.944498e-01 -3.204359e-01  9.762226e-01
 4.002336e-01 -2.332068e-01 -5.321913e-01  4.080380e-01
 5.728126e-01 -1.439200e+00 -4.730755e-01 -6.399802e-01
 4.766479e-01 -1.126110e+00 -1.015686e+00 -3.364723e-01
 4.929661e-01 -1.163052e+00 -2.695227e-01 -4.555263e-01
 3.967997e-01 -8.728693e-01 -4.412852e-01 -2.577240e-01
 1.438959e+00 -5.713862e-01 -4.705400e-01 -6.382558e-01
 1.127946e+00 -4.779558e-01 -1.019316e+00 -3.361533e-01
 1.159239e+00 -4.940492e-01 -2.701951e-01 -4.564173e-01
 8.722429e-01 -3.970877e-01 -4.408158e-01 -2.568357e-01
 3.526483e-01 -7.110807e-01 -5.892027e-01 -1.348939e+00
 2.906543e-01 -5.271457e-01 -1.301265e+00 -5.502325e-01
 2.914477e-01 -5.465769e-01 -3.210627e-01 -9.755899e-01
 2.338574e-01 -4.013226e-01 -5.368141e-01 -4.093712e-01
 7.169898e-01 -3.557502e-01 -5.903891e-01 -1.351656e+00
 5.272734e-01 -2.888540e-01 -1.301644e+00 -5.469607e-01
 5.487481e-01 -2.944498e-01 -3.204359e-01 -9.762226e-01
 4.002336e-01 -2.332068e-01 -5.321913e-01 -4.080380e-01
-5.728126e-01  1.439200e+00  4.730755e-01  6.399802e-01
-4.766479e-01  1.126110e+00  1.015686e+00  3.364723e-01
-4.929661e-01  1.163052e+00  2.695227e-01  4.555263e-01
-3.967997e-01  8.728693e-01  4.412852e-01  2.577240e-01
-1.438959e+00  5.713862e-01  4.705400e-01  6.382558e-01
-1.127946e+00  4.779558e-01  1.019316e+00  3.361533e-01
-1.159239e+00  4.940492e-01  2.701951e-01  4.564173e-01
-8.722429e-01  3.970877e-01  4.408158e-01  2.568357e-01
-3.526483e-01  7.110807e-01  5.892027e-01  1.348939e+00
-2.906543e-01  5.271457e-01  1.301265e+00  5.502325e-01
-2.914477e-01  5.465769e-01  3.210627e-01  9.755899e-01
-2.338574e-01  4.013226e-01  5.368141e-01  4.093712e-01
-7.169898e-01  3.557502e-01  5.903891e-01  1.351656e+00
-5.272734e-01  2.888540e-01  1.301644e+00  5.469607e-01
-5.487481e-01  2.944498e-01  3.204359e-01  9.762226e-01
-4.002336e-01  2.332068e-01  5.321913e-01  4.080380e-01
-5.728126e-01  1.439200e+00  4.730755e-01 -6.399802e-01
-4.766479e-01  1.126110e+00  1.015686e+00 -3.364723e-01
-4.929661e-01  1.163052e+00  2.695227e-01 -4.555263e-01
-3.967997e-01  8.728693e-01  4.412852e-01 -2.577240e-01
-1.438959e+00  5.713862e-01  4.705400e-01 -6.382558e-01
-1.127946e+00  4.779558e-01  1.019316e+00 -3.361533e-01
-1.159239e+00  4.940492e-01  2.701951e-01 -4.564173e-01
-8.722429e-01  3.970877e-01  4.408158e-01 -2.568357e-01
-3.526483e-01  7.110807e-01  5.892027e-01 -1.348939e+00
-2.906543e-01  5.271457e-01  1.301265e+00 -5.502325e-01
-2.914477e-01  5.465769e-01  3.210627e-01 -9.755899e-01
-2.338574e-01  4.013226e-01  5.368141e-01 -4.093712e-01
-7.169898e-01  3.557502e-01  5.903891e-01 -1.351656e+00
-5.272734e-01  2.888540e-01  1.301644e+00 -5.469607e-01
-5.487481e-01  2.944498e-01  3.204359e-01 -9.762226e-01
-4.002336e-01  2.332068e-01  5.321913e-01 -4.080380e-01
-5.728126e-01  1.439200e+00 -4.730755e-01  6.399802e-01
-4.766479e-01  1.126110e+00 -1.015686e+00  3.364723e-01
-4.929661e-01  1.163052e+00 -2.695227e-01  4.555263e-01
-3.967997e-01  8.728693e-01 -4.412852e-01  2.577240e-01
-1.438959e+00  5.713862e-01 -4.705400e-01  6.382558e-01
-1.127946e+00  4.779558e-01 -1.019316e+00  3.361533e-01
-1.159239e+00  4.940492e-01 -2.701951e-01  4.564173e-01
-8.722429e-01  3.970877e-01 -4.408158e-01  2.568357e-01
-3.526483e-01  7.110807e-01 -5.892027e-01  1.348939e+00
-2.906543e-01  5.271457e-01 -1.301265e+00  5.502325e-01
-2.914477e-01  5.465769e-01 -3.210627e-01  9.755899e-01
-2.338574e-01  4.013226e-01 -5.368141e-01  4.093712e-01
-7.169898e-01  3.557502e-01 -5.903891e-01  1.351656e+00
-5.272734e-01  2.888540e-01 -1.301644e+00  5.469607e-01
-5.487481e-01  2.944498e-01 -3.204359e-01  9.762226e-01
-4.002336e-01  2.332068e-01 -5.321913e-01  4.080380e-01
-5.728126e-01  1.439200e+00 -4.730755e-01 -6.399802e-01
-4.766479e-01  1.126110e+00 -1.015686e+00 -3.364723e-01
-4.929661e-01  1.163052e+00 -2.695227e-01 -4.555263e-01
-3.967997e-01  8.728693e-01 -4.412852e-01 -2.577240e-01
-1.438959e+00  5.713862e-01 -4.705400e-01 -6.382558e-01
-1.127946e+00  4.779558e-01 -1.019316e+00 -3.361533e-01
-1.159239e+00  4.940492e-01 -2.701951e-01 -4.564173e-01
-8.722429e-01  3.970877e-01 -4.408158e-01 -2.568357e-01
-3.526483e-01  7.110807e-01 -5.892027e-01 -1.348939e+00
-2.906543e-01  5.271457e-01 -1.301265e+00 -5.502325e-01
-2.914477e-01  5.465769e-01 -3.210627e-01 -9.755899e-01
-2.338574e-01  4.013226e-01 -5.368141e-01 -4.093712e-01
-7.169898e-01  3.557502e-01 -5.903891e-01 -1.351656e+00
-5.272734e-01  2.888540e-01 -1.301644e+00 -5.469607e-01
-5.487481e-01  2.944498e-01 -3.204359e-01 -9.762226e-01
-4.002336e-01  2.332068e-01 -5.321913e-01 -4.080380e-01
-5.728126e-01 -1.439200e+00  4.730755e-01  6.399802e-01
-4.766479e-01 -1.126110e+00  1.015686e+00  3.364723e-01
-4.929661e-01 -1.163052e+00  2.695227e-01  4.555263e-01
-3.967997e-01 -8.728693e-01  4.412852e-01  2.577240e-01
-1.438959e+00 -5.713862e-01  4.705400e-01  6.382558e-01
-1.127946e+00 -4.779558e-01  1.019316e+00  3.361533e-01
-1.159239e+00 -4.940492e-01  2.701951e-01  4.564173e-01
-8.722429e-01 -3.970877e-01  4.408158e-01  2.568357e-01
-3.526483e-01 -7.110807e-01  5.892027e-01  1.348939e+00
-2.906543e-01 -5.271457e-01  1.301265e+00  5.502325e-01
-2.914477e-01 -5.465769e-01  3.210627e-01  9.755899e-01
-2.338574e-01 -4.013226e-01  5.368141e-01  4.093712e-01
-7.169898e-01 -3.557502e-01  5.903891e-01  1.351656e+00
-5.272734e-01 -2.888540e-01  1.301644e+00  5.469607e-01
-5.487481e-01 -2.944498e-01  3.204359e-01  9.762226e-01
-4.002336e-01 -2.332068e-01  5.321913e-01  4.080380e-01
-5.728126e-01 -1.439200e+00  4.730755e-01 -6.399802e-01
-4.766479e-01 -1.126110e+00  1.015686e+00 -3.364723e-01
-4.929661e-01 -1.163052e+00  2.695227e-01 -4.555263e-01
-3.967997e-01 -8.728693e-01  4.412852e-01 -2.577240e-01
-1.438959e+00 -5.713862e-01  4.705400e-01 -6.382558e-01
-1.127946e+00 -4.779558e-01  1.019316e+00 -3.361533e-01
-1.159239e+00 -4.940492e-01  2.701951e-01 -4.564173e-01
-8.722429e-01 -3.970877e-01  4.408158e-01 -2.568357e-01
-3.526483e-01 -7.110807e-01  5.892027e-01 -1.348939e+00
-2.906543e-01 -5.271457e-01  1.301265e+00 -5.502325e-01
-2.914477e-01 -5.465769e-01  3.210627e-01 -9.755899e-01
-2.338574e-01 -4.013226e-01  5.368141e-01 -4.093712e-01
-7.169898e-01 -3.557502e-01  5.903891e-01 -1.351656e+00
-5.272734e-01 -2.888540e-01  1.301644e+00 -5.469607e-01
-5.487481e-01 -2.944498e-01  3.204359e-01 -9.762226e-01
-4.002336e-01 -2.332068e-01  5.321913e-01 -4.080380e-01
-5.728126e-01 -1.439200e+00 -4.730755e-01  6.399802e-01
-4.766479e-01 -1.126110e+00 -1.015686e+00  3.364723e-01
-4.929661e-01 -1.163052e+00 -2.695227e-01  4.555263e-01
-3.967997e-01 -8.728693e-01 -4.412852e-01  2.577240e-01
-1.438959e+00 -5.713862e-01 -4.705400e-01  6.382558e-01
-1.127946e+00 -4.779558e-01 -1.019316e+00  3.361533e-01
-1.159239e+00 -4.940492e-01 -2.701951e-01  4.564173e-01
-8.722429e-01 -3.970877e-01 -4.408158e-01  2.568357e-01
-3.526483e-01 -7.110807e-01 -5.892027e-01  1.348939e+00
-2.906543e-01 -5.271457e-01 -1.301265e+00  5.502325e-01
-2.914477e-01 -5.465769e-01 -3.210627e-01  9.755899e-01
-2.338574e-01 -4.013226e-01 -5.368141e-01  4.093712e-01
-7.169898e-01 -3.557502e-01 -5.903891e-01  1.351656e+00
-5.272734e-01 -2.888540e-01 -1.301644e+00  5.469607e-01
-5.487481e-01 -2.944498e-01 -3.204359e-01  9.762226e-01
-4.002336e-01 -2.332068e-01 -5.321913e-01  4.080380e-01
-5.728126e-01 -1.439200e+00 -4.730755e-01 -6.399802e-01
-4.766479e-01 -1.126110e+00 -1.015686e+00 -3.364723e-01
-4.929661e-01 -1.163052e+00 -2.695227e-01 -4.555263e-01
-3.967997e-01 -8.728693e-01 -4.412852e-01 -2.577240e-01
-1.438959e+00 -5.713862e-01 -4.705400e-01 -6.382558e-01
-1.127946e+00 -4.779558e-01 -1.019316e+00 -3.361533e-01
-1.159239e+00 -4.940492e-01 -2.701951e-01 -4.564173e-01
-8.722429e-01 -3.970877e-01 -4.408158e-01 -2.568357e-01
-3.526483e-01 -7.110807e-01 -5.892027e-01 -1.348939e+00
-2.906543e-01 -5.271457e-01 -1.301265e+00 -5.502325e-01
-2.914477e-01 -5.465769e-01 -3.210627e-01 -9.755899e-01
-2.338574e-01 -4.013226e-01 -5.368141e-01 -4.093712e-01
-7.169898e-01 -3.557502e-01 -5.903891e-01 -1.351656e+00
-5.272734e-01 -2.888540e-01 -1.301644e+00 -5.469607e-01
-5.487481e-01 -2.944498e-01 -3.204359e-01 -9.762226e-01
-4.002336e-01 -2.332068e-01 -5.321913e-01 -4.080380e-01
