 4.083685e-01  1.156618e+00  8.006076e-01  8.014153e-01
 4.728013e-01  1.174197e+00  8.483922e-01  2.502894e-01
 4.721024e-01  1.174298e+00  2.510466e-01  8.474620e-01
 5.735772e-01  1.242399e+00  2.552592e-01  2.560593e-01
 1.029783e+00  5.105636e-01  9.222379e-01  9.255705e-01
 1.160156e+00  5.003077e-01  1.008566e+00  2.997468e-01
 1.155514e+00  4.993038e-01  2.987149e-01  1.009386e+00
 1.371096e+00  5.350976e-01  3.193926e-01  3.212785e-01
 2.357509e-01  4.856411e-01  7.643059e-01  7.611169e-01
 2.645934e-01  4.479375e-01  8.294849e-01  2.568159e-01
 2.626296e-01  4.508999e-01  2.557548e-01  8.240157e-01
 3.328803e-01  4.175274e-01  2.616232e-01  2.595221e-01
 4.055614e-01  3.100659e-01  1.039219e+00  1.040949e+00
 4.507450e-01  3.093641e-01  1.351587e+00  2.945948e-01
 4.436457e-01  3.092717e-01  2.924793e-01  1.351056e+00
 8.387967e-01  2.612876e-01  2.415193e-01  2.410662e-01
 4.083685e-01  1.156618e+00  8.006076e-01 -8.014153e-01
 4.728013e-01  1.174197e+00  8.483922e-01 -2.502894e-01
 4.721024e-01  1.174298e+00  2.510466e-01 -8.474620e-01
 5.735772e-01  1.242399e+00  2.552592e-01 -2.560593e-01
 1.029783e+00  5.105636e-01  9.222379e-01 -9.255705e-01
 1.160156e+00  5.003077e-01  1.008566e+00 -2.997468e-01
 1.155514e+00  4.993038e-01  2.987149e-01 -1.009386e+00
 1.371096e+00  5.350976e-01  3.193926e-01 -3.212785e-01
 2.357509e-01  4.856411e-01  7.643059e-01 -7.611169e-01
 2.645934e-01  4.479375e-01  8.294849e-01 -2.568159e-01
 2.626296e-01  4.508999e-01  2.557548e-01 -8.240157e-01
 3.328803e-01  4.175274e-01  2.616232e-01 -2.595221e-01
 4.055614e-01  3.100659e-01  1.039219e+00 -1.040949e+00
 4.507450e-01  3.093641e-01  1.351587e+00 -2.945948e-01
 4.436457e-01  3.092717e-01  2.924793e-01 -1.351056e+00
 8.387967e-01  2.612876e-01  2.415193e-01 -2.410662e-01
 4.083685e-01  1.156618e+00 -8.006076e-01  8.014153e-01
 4.728013e-01  1.174197e+00 -8.483922e-01  2.502894e-01
 4.721024e-01  1.174298e+00 -2.510466e-01  8.474620e-01
 5.735772e-01  1.242399e+00 -2.552592e-01  2.560593e-01
 1.029783e+00  5.105636e-01 -9.222379e-01  9.255705e-01
 1.160156e+00  5.003077e-01 -1.008566e+00  2.997468e-01
 1.155514e+00  4.993038e-01 -2.987149e-01  1.009386e+00
 1.371096e+00  5.350976e-01 -3.193926e-01  3.212785e-01
 2.357509e-01  4.856411e-01 -7.643059e-01  7.611169e-01
 2.645934e-01  4.479375e-01 -8.294849e-01  2.568159e-01
 2.626296e-01  4.508999e-01 -2.557548e-01  8.240157e-01
 3.328803e-01  4.175274e-01 -2.616232e-01  2.595221e-01
 4.055614e-01  3.100659e-01 -1.039219e+00  1.040949e+00
 4.507450e-01  3.093641e-01 -1.351587e+00  2.945948e-01
 4.436457e-01  3.092717e-01 -2.924793e-01  1.351056e+00
 8.387967e-01  2.612876e-01 -2.415193e-01  2.410662e-01
 4.083685e-01  1.156618e+00 -8.006076e-01 -8.014153e-01
 4.728013e-01  1.174197e+00 -8.483922e-01 -2.502894e-01
 4.721024e-01  1.174298e+00 -2.510466e-01 -8.474620e-01
 5.735772e-01  1.242399e+00 -2.552592e-01 -2.560593e-01
 1.029783e+00  5.105636e-01 -9.222379e-01 -9.255705e-01
 1.160156e+00  5.003077e-01 -1.008566e+00 -2.997468e-01
 1.155514e+00  4.993038e-01 -2.987149e-01 -1.009386e+00
 1.371096e+00  5.350976e-01 -3.193926e-01 -3.212785e-01
 2.357509e-01  4.856411e-01 -7.643059e-01 -7.611169e-01
 2.645934e-01  4.479375e-01 -8.294849e-01 -2.568159e-01
 2.626296e-01  4.508999e-01 -2.557548e-01 -8.240157e-01
 3.328803e-01  4.175274e-01 -2.616232e-01 -2.595221e-01
 4.055614e-01  3.100659e-01 -1.039219e+00 -1.040949e+00
 4.507450e-01  3.093641e-01 -1.351587e+00 -2.945948e-01
 4.436457e-01  3.092717e-01 -2.924793e-01 -1.351056e+00
 8.387967e-01  2.612876e-01 -2.415193e-01 -2.410662e-01
 4.083685e-01 -1.156618e+00  8.006076e-01  8.014153e-01
 4.728013e-01 -1.174197e+00  8.483922e-01  2.502894e-01
 4.721024e-01 -1.174298e+00  2.510466e-01  8.474620e-01
 5.735772e-01 -1.242399e+00  2.552592e-01  2.560593e-01
 1.029783e+00 -5.105636e-01  9.222379e-01  9.255705e-01
 1.160156e+00 -5.003077e-01  1.008566e+00  2.997468e-01
 1.155514e+00 -4.993038e-01  2.987149e-01  1.009386e+00
 1.371096e+00 -5.350976e-01  3.193926e-01  3.212785e-01
 2.357509e-01 -4.856411e-01  7.643059e-01  7.611169e-01
 2.645934e-01 -4.479375e-01  8.294849e-01  2.568159e-01
 2.626296e-01 -4.508999e-01  2.557548e-01  8.240157e-01
 3.328803e-01 -4.175274e-01  2.616232e-01  2.595221e-01
 4.055614e-01 -3.100659e-01  1.039219e+00  1.040949e+00
 4.507450e-01 -3.093641e-01  1.351587e+00  2.945948e-01
 4.436457e-01 -3.092717e-01  2.924793e-01  1.351056e+00
 8.387967e-01 -2.612876e-01  2.415193e-01  2.410662e-01
 4.083685e-01 -1.156618e+00  8.006076e-01 -8.014153e-01
 4.728013e-01 -1.174197e+00  8.483922e-01 -2.502894e-01
 4.721024e-01 -1.174298e+00  2.510466e-01 -8.474620e-01
 5.735772e-01 -1.242399e+00  2.552592e-01 -2.560593e-01
 1.029783e+00 -5.105636e-01  9.222379e-01 -9.255705e-01
 1.160156e+00 -5.003077e-01  1.008566e+00 -2.997468e-01
 1.155514e+00 -4.993038e-01  2.987149e-01 -1.009386e+00
 1.371096e+00 -5.350976e-01  3.193926e-01 -3.212785e-01
 2.357509e-01 -4.856411e-01  7.643059e-01 -7.611169e-01
 2.645934e-01 -4.479375e-01  8.294849e-01 -2.568159e-01
 2.626296e-01 -4.508999e-01  2.557548e-01 -8.240157e-01
 3.328803e-01 -4.175274e-01  2.616232e-01 -2.595221e-01
 4.055614e-01 -3.100659e-01  1.039219e+00 -1.040949e+00
 4.507450e-01 -3.093641e-01  1.351587e+00 -2.945948e-01
 4.436457e-01 -3.092717e-01  2.924793e-01 -1.351056e+00
 8.387967e-01 -2.612876e-01  2.415193e-01 -2.410662e-01
 4.083685e-01 -1.156618e+00 -8.006076e-01  8.014153e-01
 4.728013e-01 -1.174197e+00 -8.483922e-01  2.502894e-01
 4.721024e-01 -1.174298e+00 -2.510466e-01  8.474620e-01
 5.735772e-01 -1.242399e+00 -2.552592e-01  2.560593e-01
 1.029783e+00 -5.105636e-01 -9.222379e-01  9.255705e-01
 1.160156e+00 -5.003077e-01 -1.008566e+00  2.997468e-01
 1.155514e+00 -4.993038e-01 -2.987149e-01  1.009386e+00
 1.371096e+00 -5.350976e-01 -3.193926e-01  3.212785e-01
 2.357509e-01 -4.856411e-01 -7.643059e-01  7.611169e-01
 2.645934e-01 -4.479375e-01 -8.294849e-01  2.568159e-01
 2.626296e-01 -4.508999e-01 -2.557548e-01  8.240157e-01
 3.328803e-01 -4.175274e-01 -2.616232e-01  2.595221e-01
 4.055614e-01 -3.100659e-01 -1.039219e+00  1.040949e+00
 4.507450e-01 -3.093641e-01 -1.351587e+00  2.945948e-01
 4.436457e-01 -3.092717e-01 -2.924793e-01  1.351056e+00
 8.387967e-01 -2.612876e-01 -2.415193e-01  2.410662e-01
 4.083685e-01 -1.156618e+00 -8.006076e-01 -8.014153e-01
 4.728013e-01 -1.174197e+00 -8.483922e-01 -2.502894e-01
 4.721024e-01 -1.174298e+00 -2.510466e-01 -8.474620e-01
 5.735772e-01 -1.242399e+00 -2.552592e-01 -2.560593e-01
 1.029783e+00 -5.105636e-01 -9.222379e-01 -9.255705e-01
 1.160156e+00 -5.003077e-01 -1.008566e+00 -2.997468e-01
 1.155514e+00 -4.993038e-01 -2.987149e-01 -1.009386e+00
 1.371096e+00 -5.350976e-01 -3.193926e-01 -3.212785e-01
 2.357509e-01 -4.856411e-01 -7.643059e-01 -7.611169e-01
 2.645934e-01 -4.479375e-01 -8.294849e-01 -2.568159e-01
 2.626296e-01 -4.508999e-01 -2.557548e-01 -8.240157e-01
 3.328803e-01 -4.175274e-01 -2.616232e-01 -2.595221e-01
 4.055614e-01 -3.100659e-01 -1.039219e+00 -1.040949e+00
 4.507450e-01 -3.093641e-01 -1.351587e+00 -2.945948e-01
 4.436457e-01 -3.092717e-01 -2.924793e-01 -1.351056e+00
 8.387967e-01 -2.612876e-01 -2.415193e-01 -2.410662e-01
-4.083685e-01  1.156618e+00  8.006076e-01  8.014153e-01
-4.728013e-01  1.174197e+00  8.483922e-01  2.502894e-01
-4.721024e-01  1.174298e+00  2.510466e-01  8.474620e-01
-5.735772e-01  1.242399e+00  2.552592e-01  2.560593e-01
-1.029783e+00  5.105636e-01  9.222379e-01  9.255705e-01
-1.160156e+00  5.003077e-01  1.008566e+00  2.997468e-01
-1.155514e+00  4.993038e-01  2.987149e-01  1.009386e+00
-1.371096e+00  5.350976e-01  3.193926e-01  3.212785e-01
-2.357509e-01  4.856411e-01  7.643059e-01  7.611169e-01
-2.645934e-01  4.479375e-01  8.294849e-01  2.568159e-01
-2.626296e-01  4.508999e-01  2.557548e-01  8.240157e-01
-3.328803e-01  4.175274e-01  2.616232e-01  2.595221e-01
-4.055614e-01  3.100659e-01  1.039219e+00  1.040949e+00
-4.507450e-01  3.093641e-01  1.351587e+00  2.945948e-01
-4.436457e-01  3.092717e-01  2.924793e-01  1.351056e+00
-8.387967e-01  2.612876e-01  2.415193e-01  2.410662e-01
-4.083685e-01  1.156618e+00  8.006076e-01 -8.014153e-01
-4.728013e-01  1.174197e+00  8.483922e-01 -2.502894e-01
-4.721024e-01  1.174298e+00  2.510466e-01 -8.474620e-01
-5.735772e-01  1.242399e+00  2.552592e-01 -2.560593e-01
-1.029783e+00  5.105636e-01  9.222379e-01 -9.255705e-01
-1.160156e+00  5.003077e-01  1.008566e+00 -2.997468e-01
-1.155514e+00  4.993038e-01  2.987149e-01 -1.009386e+00
-1.371096e+00  5.350976e-01  3.193926e-01 -3.212785e-01
-2.357509e-01  4.856411e-01  7.643059e-01 -7.611169e-01
-2.645934e-01  4.479375e-01  8.294849e-01 -2.568159e-01
-2.626296e-01  4.508999e-01  2.557548e-01 -8.240157e-01
-3.328803e-01  4.175274e-01  2.616232e-01 -2.595221e-01
-4.055614e-01  3.100659e-01  1.039219e+00 -1.040949e+00
-4.507450e-01  3.093641e-01  1.351587e+00 -2.945948e-01
-4.436457e-01  3.092717e-01  2.924793e-01 -1.351056e+00
-8.387967e-01  2.612876e-01  2.415193e-01 -2.410662e-01
-4.083685e-01  1.156618e+00 -8.006076e-01  8.014153e-01
-4.728013e-01  1.174197e+00 -8.483922e-01  2.502894e-01
-4.721024e-01  1.174298e+00 -2.510466e-01  8.474620e-01
-5.735772e-01  1.242399e+00 -2.552592e-01  2.560593e-01
-1.029783e+00  5.105636e-01 -9.222379e-01  9.255705e-01
-1.160156e+00  5.003077e-01 -1.008566e+00  2.997468e-01
-1.155514e+00  4.993038e-01 -2.987149e-01  1.009386e+00
-1.371096e+00  5.350976e-01 -3.193926e-01  3.212785e-01
-2.357509e-01  4.856411e-01 -7.643059e-01  7.611169e-01
-2.645934e-01  4.479375e-01 -8.294849e-01  2.568159e-01
-2.626296e-01  4.508999e-01 -2.557548e-01  8.240157e-01
-3.328803e-01  4.175274e-01 -2.616232e-01  2.595221e-01
-4.055614e-01  3.100659e-01 -1.039219e+00  1.040949e+00
-4.507450e-01  3.093641e-01 -1.351587e+00  2.945948e-01
-4.436457e-01  3.092717e-01 -2.924793e-01  1.351056e+00
-8.387967e-01  2.612876e-01 -2.415193e-01  2.410662e-01
-4.083685e-01  1.156618e+00 -8.006076e-01 -8.014153e-01
-4.728013e-01  1.174197e+00 -8.483922e-01 -2.502894e-01
-4.721024e-01  1.174298e+00 -2.510466e-01 -8.474620e-01
-5.735772e-01  1.242399e+00 -2.552592e-01 -2.560593e-01
-1.029783e+00  5.105636e-01 -9.222379e-01 -9.255705e-01
-1.160156e+00  5.003077e-01 -1.008566e+00 -2.997468e-01
-1.155514e+00  4.993038e-01 -2.987149e-01 -1.009386e+00
-1.371096e+00  5.350976e-01 -3.193926e-01 -3.212785e-01
-2.357509e-01  4.856411e-01 -7.643059e-01 -7.611169e-01
-2.645934e-01  4.479375e-01 -8.294849e-01 -2.568159e-01
-2.626296e-01  4.508999e-01 -2.557548e-01 -8.240157e-01
-3.328803e-01  4.175274e-01 -2.616232e-01 -2.595221e-01
-4.055614e-01  3.100659e-01 -1.039219e+00 -1.040949e+00
-4.507450e-01  3.093641e-01 -1.351587e+00 -2.945948e-01
-4.436457e-01  3.092717e-01 -2.924793e-01 -1.351056e+00
-8.387967e-01  2.612876e-01 -2.415193e-01 -2.410662e-01
-4.083685e-01 -1.156618e+00  8.006076e-01  8.014153e-01
-4.728013e-01 -1.174197e+00  8.483922e-01  2.502894e-01
-4.721024e-01 -1.174298e+00  2.510466e-01  8.474620e-01
-5.735772e-01 -1.242399e+00  2.552592e-01  2.560593e-01
-1.029783e+00 -5.105636e-01  9.222379e-01  9.255705e-01
-1.160156e+00 -5.003077e-01  1.008566e+00  2.997468e-01
-1.155514e+00 -4.993038e-01  2.987149e-01  1.009386e+00
-1.371096e+00 -5.350976e-01  3.193926e-01  3.212785e-01
-2.357509e-01 -4.856411e-01  7.643059e-01  7.611169e-01
-2.645934e-01 -4.479375e-01  8.294849e-01  2.568159e-01
-2.626296e-01 -4.508999e-01  2.557548e-01  8.240157e-01
-3.328803e-01 -4.175274e-01  2.616232e-01  2.595221e-01
-4.055614e-01 -3.100659e-01  1.039219e+00  1.040949e+00
-4.507450e-01 -3.093641e-01  1.351587e+00  2.945948e-01
-4.436457e-01 -3.092717e-01  2.924793e-01  1.351056e+00
-8.387967e-01 -2.612876e-01  2.415193e-01  2.410662e-01
-4.083685e-01 -1.156618e+00  8.006076e-01 -8.014153e-01
-4.728013e-01 -1.174197e+00  8.483922e-01 -2.502894e-01
-4.721024e-01 -1.174298e+00  2.510466e-01 -8.474620e-01
-5.735772e-01 -1.242399e+00  2.552592e-01 -2.560593e-01
-1.029783e+00 -5.105636e-01  9.222379e-01 -9.255705e-01
-1.160156e+00 -5.003077e-01  1.008566e+00 -2.997468e-01
-1.155514e+00 -4.993038e-01  2.987149e-01 -1.009386e+00
-1.371096e+00 -5.350976e-01  3.193926e-01 -3.212785e-01
-2.357509e-01 -4.856411e-01  7.643059e-01 -7.611169e-01
-2.645934e-01 -4.479375e-01  8.294849e-01 -2.568159e-01
-2.626296e-01 -4.508999e-01  2.557548e-01 -8.240157e-01
-3.328803e-01 -4.175274e-01  2.616232e-01 -2.595221e-01
-4.055614e-01 -3.100659e-01  1.039219e+00 -1.040949e+00
-4.507450e-01 -3.093641e-01  1.351587e+00 -2.945948e-01
-4.436457e-01 -3.092717e-01  2.924793e-01 -1.351056e+00
-8.387967e-01 -2.612876e-01  2.415193e-01 -2.410662e-01
-4.083685e-01 -1.156618e+00 -8.006076e-01  8.014153e-01
-4.728013e-01 -1.174197e+00 -8.483922e-01  2.502894e-01
-4.721024e-01 -1.174298e+00 -2.510466e-01  8.474620e-01
-5.735772e-01 -1.242399e+00 -2.552592e-01  2.560593e-01
-1.029783e+00 -5.105636e-01 -9.222379e-01  9.255705e-01
-1.160156e+00 -5.003077e-01 -1.008566e+00  2.997468e-01
-1.155514e+00 -4.993038e-01 -2.987149e-01  1.009386e+00
-1.371096e+00 -5.350976e-01 -3.193926e-01  3.212785e-01
-2.357509e-01 -4.856411e-01 -7.643059e-01  7.611169e-01
-2.645934e-01 -4.479375e-01 -8.294849e-01  2.568159e-01
-2.626296e-01 -4.508999e-01 -2.557548e-01  8.240157e-01
-3.328803e-01 -4.175274e-01 -2.616232e-01  2.595221e-01
-4.055614e-01 -3.100659e-01 -1.039219e+00  1.040949e+00
-4.507450e-01 -3.093641e-01 -1.351587e+00  2.945948e-01
-4.436457e-01 -3.092717e-01 -2.924793e-01  1.351056e+00
-8.387967e-01 -2.612876e-01 -2.415193e-01  2.410662e-01
-4.083685e-01 -1.156618e+00 -8.006076e-01 -8.014153e-01
-4.728013e-01 -1.174197e+00 -8.483922e-01 -2.502894e-01
-4.721024e-01 -1.174298e+00 -2.510466e-01 -8.474620e-01
-5.735772e-01 -1.242399e+00 -2.552592e-01 -2.560593e-01
-1.029783e+00 -5.105636e-01 -9.222379e-01 -9.255705e-01
-1.160156e+00 -5.003077e-01 -1.008566e+00 -2.997468e-01
-1.155514e+00 -4.993038e-01 -2.987149e-01 -1.009386e+00
-1.371096e+00 -5.350976e-01 -3.193926e-01 -3.212785e-01
-2.357509e-01 -4.856411e-01 -7.643059e-01 -7.611169e-01
-2.645934e-01 -4.479375e-01 -8.294849e-01 -2.568159e-01
-2.626296e-01 -4.508999e-01 -2.557548e-01 -8.240157e-01
-3.328803e-01 -4.175274e-01 -2.616232e-01 -2.595221e-01
-4.055614e-01 -3.100659e-01 -1.039219e+00 -1.040949e+00
-4.507450e-01 -3.093641e-01 -1.351587e+00 -2.945948e-01
-4.436457e-01 -3.092717e-01 -2.924793e-01 -1.351056e+00
-8.387967e-01 -2.612876e-01 -2.415193e-01 -2.410662e-01
