 4.149371e-01  1.014212e+00  4.449773e-01  1.066570e+00
 4.792471e-01  1.189136e+00  3.087838e-01  1.139820e+00
 3.914153e-01  9.768103e-01  1.023247e+00  8.175678e-01
 4.331070e-01  1.057471e+00  1.293421e+00  4.037714e-01
 4.224043e-01  1.044895e+00  2.230171e-01  3.489487e-01
 6.089607e-01  1.411424e+00  2.525309e-01  3.541600e-01
 4.172003e-01  1.008611e+00  5.922011e-01  2.689849e-01
 5.315751e-01  1.229885e+00  7.159153e-01  2.299054e-01
 2.641858e-01  1.010608e+00  3.741535e-01  9.773841e-01
 2.856449e-01  1.209594e+00  2.784901e-01  1.050210e+00
 2.599635e-01  9.797263e-01  9.647364e-01  7.323511e-01
 2.744408e-01  1.086946e+00  1.228900e+00  3.880099e-01
 2.610418e-01  1.080457e+00  2.396183e-01  4.349041e-01
 3.206393e-01  1.566611e+00  2.641391e-01  3.960537e-01
 2.614660e-01  1.043867e+00  6.323963e-01  3.123422e-01
 3.002767e-01  1.319398e+00  7.453054e-01  2.457402e-01
 1.006016e+00  7.525772e-01  4.337434e-01  1.040093e+00
 1.110277e+00  8.884122e-01  2.966569e-01  1.066253e+00
 9.772884e-01  7.024873e-01  1.001609e+00  7.905277e-01
 1.042581e+00  7.677866e-01  1.238858e+00  3.970973e-01
 9.956095e-01  7.834146e-01  2.246806e-01  3.414891e-01
 1.225443e+00  1.069475e+00  2.421275e-01  3.419459e-01
 9.677172e-01  7.488774e-01  5.835853e-01  2.606461e-01
 1.105263e+00  9.116233e-01  6.830714e-01  2.226401e-01
 1.192513e+00  3.658729e-01  3.724015e-01  9.434071e-01
 1.360282e+00  3.470310e-01  2.764518e-01  9.758854e-01
 1.156697e+00  3.641907e-01  9.239090e-01  7.005010e-01
 1.283784e+00  3.420373e-01  1.119533e+00  4.044611e-01
 1.236305e+00  3.826564e-01  2.332904e-01  3.899327e-01
 1.526486e+00  3.697249e-01  2.343573e-01  3.408991e-01
 1.180506e+00  3.869956e-01  6.039276e-01  2.910965e-01
 1.351156e+00  3.668491e-01  6.770003e-01  2.324552e-01
 2.479865e-01  4.467478e-01  5.580959e-01  1.299960e+00
 2.300885e-01  3.864216e-01  3.308855e-01  1.526135e+00
 2.392932e-01  3.925981e-01  1.159318e+00  1.003734e+00
 2.383372e-01  3.726079e-01  1.486089e+00  3.746949e-01
 2.606021e-01  5.182703e-01  2.275461e-01  3.372560e-01
 2.214210e-01  3.270247e-01  2.233022e-01  3.194520e-01
 2.615988e-01  5.096208e-01  6.177006e-01  2.624187e-01
 2.311999e-01  3.517269e-01  7.079261e-01  2.134711e-01
 2.314745e-01  4.059522e-01  3.935409e-01  1.041896e+00
 2.195722e-01  3.053084e-01  2.521868e-01  1.088514e+00
 2.243859e-01  3.861040e-01  1.006482e+00  7.897041e-01
 2.205968e-01  3.428545e-01  1.281679e+00  3.726948e-01
 2.336699e-01  4.546960e-01  2.587216e-01  5.341718e-01
 2.147686e-01  2.878824e-01  2.346201e-01  5.270153e-01
 2.341762e-01  4.521687e-01  6.847230e-01  3.638686e-01
 2.182841e-01  3.119725e-01  7.832363e-01  2.686071e-01
 6.680155e-01  3.187592e-01  5.483849e-01  1.311707e+00
 6.488022e-01  2.934131e-01  3.300172e-01  1.543978e+00
 6.345158e-01  2.824171e-01  1.153018e+00  1.004859e+00
 6.365570e-01  2.765591e-01  1.476240e+00  3.652131e-01
 6.568757e-01  3.675931e-01  2.174214e-01  3.131719e-01
 5.815632e-01  2.531304e-01  2.152187e-01  2.936958e-01
 6.567238e-01  3.658775e-01  5.939457e-01  2.454816e-01
 6.014810e-01  2.701215e-01  6.784130e-01  2.054692e-01
 7.048807e-01  2.396478e-01  3.820443e-01  1.030159e+00
 6.648188e-01  2.071419e-01  2.478274e-01  1.079153e+00
 6.881430e-01  2.311896e-01  9.886112e-01  7.749113e-01
 6.681396e-01  2.191557e-01  1.264477e+00  3.629173e-01
 7.128097e-01  2.659776e-01  2.414397e-01  4.748448e-01
 6.334152e-01  2.055445e-01  2.283290e-01  4.712598e-01
 7.060847e-01  2.645173e-01  6.487983e-01  3.282413e-01
 6.428847e-01  2.152505e-01  7.439780e-01  2.518613e-01
 4.149371e-01  1.014212e+00  4.449773e-01 -1.066570e+00
 4.792471e-01  1.189136e+00  3.087838e-01 -1.139820e+00
 3.914153e-01  9.768103e-01  1.023247e+00 -8.175678e-01
 4.331070e-01  1.057471e+00  1.293421e+00 -4.037714e-01
 4.224043e-01  1.044895e+00  2.230171e-01 -3.489487e-01
 6.089607e-01  1.411424e+00  2.525309e-01 -3.541600e-01
 4.172003e-01  1.008611e+00  5.922011e-01 -2.689849e-01
 5.315751e-01  1.229885e+00  7.159153e-01 -2.299054e-01
 2.641858e-01  1.010608e+00  3.741535e-01 -9.773841e-01
 2.856449e-01  1.209594e+00  2.784901e-01 -1.050210e+00
 2.599635e-01  9.797263e-01  9.647364e-01 -7.323511e-01
 2.744408e-01  1.086946e+00  1.228900e+00 -3.880099e-01
 2.610418e-01  1.080457e+00  2.396183e-01 -4.349041e-01
 3.206393e-01  1.566611e+00  2.641391e-01 -3.960537e-01
 2.614660e-01  1.043867e+00  6.323963e-01 -3.123422e-01
 3.002767e-01  1.319398e+00  7.453054e-01 -2.457402e-01
 1.006016e+00  7.525772e-01  4.337434e-01 -1.040093e+00
 1.110277e+00  8.884122e-01  2.966569e-01 -1.066253e+00
 9.772884e-01  7.024873e-01  1.001609e+00 -7.905277e-01
 1.042581e+00  7.677866e-01  1.238858e+00 -3.970973e-01
 9.956095e-01  7.834146e-01  2.246806e-01 -3.414891e-01
 1.225443e+00  1.069475e+00  2.421275e-01 -3.419459e-01
 9.677172e-01  7.488774e-01  5.835853e-01 -2.606461e-01
 1.105263e+00  9.116233e-01  6.830714e-01 -2.226401e-01
 1.192513e+00  3.658729e-01  3.724015e-01 -9.434071e-01
 1.360282e+00  3.470310e-01  2.764518e-01 -9.758854e-01
 1.156697e+00  3.641907e-01  9.239090e-01 -7.005010e-01
 1.283784e+00  3.420373e-01  1.119533e+00 -4.044611e-01
 1.236305e+00  3.826564e-01  2.332904e-01 -3.899327e-01
 1.526486e+00  3.697249e-01  2.343573e-01 -3.408991e-01
 1.180506e+00  3.869956e-01  6.039276e-01 -2.910965e-01
 1.351156e+00  3.668491e-01  6.770003e-01 -2.324552e-01
 2.479865e-01  4.467478e-01  5.580959e-01 -1.299960e+00
 2.300885e-01  3.864216e-01  3.308855e-01 -1.526135e+00
 2.392932e-01  3.925981e-01  1.159318e+00 -1.003734e+00
 2.383372e-01  3.726079e-01  1.486089e+00 -3.746949e-01
 2.606021e-01  5.182703e-01  2.275461e-01 -3.372560e-01
 2.214210e-01  3.270247e-01  2.233022e-01 -3.194520e-01
 2.615988e-01  5.096208e-01  6.177006e-01 -2.624187e-01
 2.311999e-01  3.517269e-01  7.079261e-01 -2.134711e-01
 2.314745e-01  4.059522e-01  3.935409e-01 -1.041896e+00
 2.195722e-01  3.053084e-01  2.521868e-01 -1.088514e+00
 2.243859e-01  3.861040e-01  1.006482e+00 -7.897041e-01
 2.205968e-01  3.428545e-01  1.281679e+00 -3.726948e-01
 2.336699e-01  4.546960e-01  2.587216e-01 -5.341718e-01
 2.147686e-01  2.878824e-01  2.346201e-01 -5.270153e-01
 2.341762e-01  4.521687e-01  6.847230e-01 -3.638686e-01
 2.182841e-01  3.119725e-01  7.832363e-01 -2.686071e-01
 6.680155e-01  3.187592e-01  5.483849e-01 -1.311707e+00
 6.488022e-01  2.934131e-01  3.300172e-01 -1.543978e+00
 6.345158e-01  2.824171e-01  1.153018e+00 -1.004859e+00
 6.365570e-01  2.765591e-01  1.476240e+00 -3.652131e-01
 6.568757e-01  3.675931e-01  2.174214e-01 -3.131719e-01
 5.815632e-01  2.531304e-01  2.152187e-01 -2.936958e-01
 6.567238e-01  3.658775e-01  5.939457e-01 -2.454816e-01
 6.014810e-01  2.701215e-01  6.784130e-01 -2.054692e-01
 7.048807e-01  2.396478e-01  3.820443e-01 -1.030159e+00
 6.648188e-01  2.071419e-01  2.478274e-01 -1.079153e+00
 6.881430e-01  2.311896e-01  9.886112e-01 -7.749113e-01
 6.681396e-01  2.191557e-01  1.264477e+00 -3.629173e-01
 7.128097e-01  2.659776e-01  2.414397e-01 -4.748448e-01
 6.334152e-01  2.055445e-01  2.283290e-01 -4.712598e-01
 7.060847e-01  2.645173e-01  6.487983e-01 -3.282413e-01
 6.428847e-01  2.152505e-01  7.439780e-01 -2.518613e-01
 4.149371e-01  1.014212e+00 -4.449773e-01  1.066570e+00
 4.792471e-01  1.189136e+00 -3.087838e-01  1.139820e+00
 3.914153e-01  9.768103e-01 -1.023247e+00  8.175678e-01
 4.331070e-01  1.057471e+00 -1.293421e+00  4.037714e-01
 4.224043e-01  1.044895e+00 -2.230171e-01  3.489487e-01
 6.089607e-01  1.411424e+00 -2.525309e-01  3.541600e-01
 4.172003e-01  1.008611e+00 -5.922011e-01  2.689849e-01
 5.315751e-01  1.229885e+00 -7.159153e-01  2.299054e-01
 2.641858e-01  1.010608e+00 -3.741535e-01  9.773841e-01
 2.856449e-01  1.209594e+00 -2.784901e-01  1.050210e+00
 2.599635e-01  9.797263e-01 -9.647364e-01  7.323511e-01
 2.744408e-01  1.086946e+00 -1.228900e+00  3.880099e-01
 2.610418e-01  1.080457e+00 -2.396183e-01  4.349041e-01
 3.206393e-01  1.566611e+00 -2.641391e-01  3.960537e-01
 2.614660e-01  1.043867e+00 -6.323963e-01  3.123422e-01
 3.002767e-01  1.319398e+00 -7.453054e-01  2.457402e-01
 1.006016e+00  7.525772e-01 -4.337434e-01  1.040093e+00
 1.110277e+00  8.884122e-01 -2.966569e-01  1.066253e+00
 9.772884e-01  7.024873e-01 -1.001609e+00  7.905277e-01
 1.042581e+00  7.677866e-01 -1.238858e+00  3.970973e-01
 9.956095e-01  7.834146e-01 -2.246806e-01  3.414891e-01
 1.225443e+00  1.069475e+00 -2.421275e-01  3.419459e-01
 9.677172e-01  7.488774e-01 -5.835853e-01  2.606461e-01
 1.105263e+00  9.116233e-01 -6.830714e-01  2.226401e-01
 1.192513e+00  3.658729e-01 -3.724015e-01  9.434071e-01
 1.360282e+00  3.470310e-01 -2.764518e-01  9.758854e-01
 1.156697e+00  3.641907e-01 -9.239090e-01  7.005010e-01
 1.283784e+00  3.420373e-01 -1.119533e+00  4.044611e-01
 1.236305e+00  3.826564e-01 -2.332904e-01  3.899327e-01
 1.526486e+00  3.697249e-01 -2.343573e-01  3.408991e-01
 1.180506e+00  3.869956e-01 -6.039276e-01  2.910965e-01
 1.351156e+00  3.668491e-01 -6.770003e-01  2.324552e-01
 2.479865e-01  4.467478e-01 -5.580959e-01  1.299960e+00
 2.300885e-01  3.864216e-01 -3.308855e-01  1.526135e+00
 2.392932e-01  3.925981e-01 -1.159318e+00  1.003734e+00
 2.383372e-01  3.726079e-01 -1.486089e+00  3.746949e-01
 2.606021e-01  5.182703e-01 -2.275461e-01  3.372560e-01
 2.214210e-01  3.270247e-01 -2.233022e-01  3.194520e-01
 2.615988e-01  5.096208e-01 -6.177006e-01  2.624187e-01
 2.311999e-01  3.517269e-01 -7.079261e-01  2.134711e-01
 2.314745e-01  4.059522e-01 -3.935409e-01  1.041896e+00
 2.195722e-01  3.053084e-01 -2.521868e-01  1.088514e+00
 2.243859e-01  3.861040e-01 -1.006482e+00  7.897041e-01
 2.205968e-01  3.428545e-01 -1.281679e+00  3.726948e-01
 2.336699e-01  4.546960e-01 -2.587216e-01  5.341718e-01
 2.147686e-01  2.878824e-01 -2.346201e-01  5.270153e-01
 2.341762e-01  4.521687e-01 -6.847230e-01  3.638686e-01
 2.182841e-01  3.119725e-01 -7.832363e-01  2.686071e-01
 6.680155e-01  3.187592e-01 -5.483849e-01  1.311707e+00
 6.488022e-01  2.934131e-01 -3.300172e-01  1.543978e+00
 6.345158e-01  2.824171e-01 -1.153018e+00  1.004859e+00
 6.365570e-01  2.765591e-01 -1.476240e+00  3.652131e-01
 6.568757e-01  3.675931e-01 -2.174214e-01  3.131719e-01
 5.815632e-01  2.531304e-01 -2.152187e-01  2.936958e-01
 6.567238e-01  3.658775e-01 -5.939457e-01  2.454816e-01
 6.014810e-01  2.701215e-01 -6.784130e-01  2.054692e-01
 7.048807e-01  2.396478e-01 -3.820443e-01  1.030159e+00
 6.648188e-01  2.071419e-01 -2.478274e-01  1.079153e+00
 6.881430e-01  2.311896e-01 -9.886112e-01  7.749113e-01
 6.681396e-01  2.191557e-01 -1.264477e+00  3.629173e-01
 7.128097e-01  2.659776e-01 -2.414397e-01  4.748448e-01
 6.334152e-01  2.055445e-01 -2.283290e-01  4.712598e-01
 7.060847e-01  2.645173e-01 -6.487983e-01  3.282413e-01
 6.428847e-01  2.152505e-01 -7.439780e-01  2.518613e-01
 4.149371e-01  1.014212e+00 -4.449773e-01 -1.066570e+00
 4.792471e-01  1.189136e+00 -3.087838e-01 -1.139820e+00
 3.914153e-01  9.768103e-01 -1.023247e+00 -8.175678e-01
 4.331070e-01  1.057471e+00 -1.293421e+00 -4.037714e-01
 4.224043e-01  1.044895e+00 -2.230171e-01 -3.489487e-01
 6.089607e-01  1.411424e+00 -2.525309e-01 -3.541600e-01
 4.172003e-01  1.008611e+00 -5.922011e-01 -2.689849e-01
 5.315751e-01  1.229885e+00 -7.159153e-01 -2.299054e-01
 2.641858e-01  1.010608e+00 -3.741535e-01 -9.773841e-01
 2.856449e-01  1.209594e+00 -2.784901e-01 -1.050210e+00
 2.599635e-01  9.797263e-01 -9.647364e-01 -7.323511e-01
 2.744408e-01  1.086946e+00 -1.228900e+00 -3.880099e-01
 2.610418e-01  1.080457e+00 -2.396183e-01 -4.349041e-01
 3.206393e-01  1.566611e+00 -2.641391e-01 -3.960537e-01
 2.614660e-01  1.043867e+00 -6.323963e-01 -3.123422e-01
 3.002767e-01  1.319398e+00 -7.453054e-01 -2.457402e-01
 1.006016e+00  7.525772e-01 -4.337434e-01 -1.040093e+00
 1.110277e+00  8.884122e-01 -2.966569e-01 -1.066253e+00
 9.772884e-01  7.024873e-01 -1.001609e+00 -7.905277e-01
 1.042581e+00  7.677866e-01 -1.238858e+00 -3.970973e-01
 9.956095e-01  7.834146e-01 -2.246806e-01 -3.414891e-01
 1.225443e+00  1.069475e+00 -2.421275e-01 -3.419459e-01
 9.677172e-01  7.488774e-01 -5.835853e-01 -2.606461e-01
 1.105263e+00  9.116233e-01 -6.830714e-01 -2.226401e-01
 1.192513e+00  3.658729e-01 -3.724015e-01 -9.434071e-01
 1.360282e+00  3.470310e-01 -2.764518e-01 -9.758854e-01
 1.156697e+00  3.641907e-01 -9.239090e-01 -7.005010e-01
 1.283784e+00  3.420373e-01 -1.119533e+00 -4.044611e-01
 1.236305e+00  3.826564e-01 -2.332904e-01 -3.899327e-01
 1.526486e+00  3.697249e-01 -2.343573e-01 -3.408991e-01
 1.180506e+00  3.869956e-01 -6.039276e-01 -2.910965e-01
 1.351156e+00  3.668491e-01 -6.770003e-01 -2.324552e-01
 2.479865e-01  4.467478e-01 -5.580959e-01 -1.299960e+00
 2.300885e-01  3.864216e-01 -3.308855e-01 -1.526135e+00
 2.392932e-01  3.925981e-01 -1.159318e+00 -1.003734e+00
 2.383372e-01  3.726079e-01 -1.486089e+00 -3.746949e-01
 2.606021e-01  5.182703e-01 -2.275461e-01 -3.372560e-01
 2.214210e-01  3.270247e-01 -2.233022e-01 -3.194520e-01
 2.615988e-01  5.096208e-01 -6.177006e-01 -2.624187e-01
 2.311999e-01  3.517269e-01 -7.079261e-01 -2.134711e-01
 2.314745e-01  4.059522e-01 -3.935409e-01 -1.041896e+00
 2.195722e-01  3.053084e-01 -2.521868e-01 -1.088514e+00
 2.243859e-01  3.861040e-01 -1.006482e+00 -7.897041e-01
 2.205968e-01  3.428545e-01 -1.281679e+00 -3.726948e-01
 2.336699e-01  4.546960e-01 -2.587216e-01 -5.341718e-01
 2.147686e-01  2.878824e-01 -2.346201e-01 -5.270153e-01
 2.341762e-01  4.521687e-01 -6.847230e-01 -3.638686e-01
 2.182841e-01  3.119725e-01 -7.832363e-01 -2.686071e-01
 6.680155e-01  3.187592e-01 -5.483849e-01 -1.311707e+00
 6.488022e-01  2.934131e-01 -3.300172e-01 -1.543978e+00
 6.345158e-01  2.824171e-01 -1.153018e+00 -1.004859e+00
 6.365570e-01  2.765591e-01 -1.476240e+00 -3.652131e-01
 6.568757e-01  3.675931e-01 -2.174214e-01 -3.131719e-01
 5.815632e-01  2.531304e-01 -2.152187e-01 -2.936958e-01
 6.567238e-01  3.658775e-01 -5.939457e-01 -2.454816e-01
 6.014810e-01  2.701215e-01 -6.784130e-01 -2.054692e-01
 7.048807e-01  2.396478e-01 -3.820443e-01 -1.030159e+00
 6.648188e-01  2.071419e-01 -2.478274e-01 -1.079153e+00
 6.881430e-01  2.311896e-01 -9.886112e-01 -7.749113e-01
 6.681396e-01  2.191557e-01 -1.264477e+00 -3.629173e-01
 7.128097e-01  2.659776e-01 -2.414397e-01 -4.748448e-01
 6.334152e-01  2.055445e-01 -2.283290e-01 -4.712598e-01
 7.060847e-01  2.645173e-01 -6.487983e-01 -3.282413e-01
 6.428847e-01  2.152505e-01 -7.439780e-01 -2.518613e-01
 4.149371e-01 -1.014212e+00  4.449773e-01  1.066570e+00
 4.792471e-01 -1.189136e+00  3.087838e-01  1.139820e+00
 3.914153e-01 -9.768103e-01  1.023247e+00  8.175678e-01
 4.331070e-01 -1.057471e+00  1.293421e+00  4.037714e-01
 4.224043e-01 -1.044895e+00  2.230171e-01  3.489487e-01
 6.089607e-01 -1.411424e+00  2.525309e-01  3.541600e-01
 4.172003e-01 -1.008611e+00  5.922011e-01  2.689849e-01
 5.315751e-01 -1.229885e+00  7.159153e-01  2.299054e-01
 2.641858e-01 -1.010608e+00  3.741535e-01  9.773841e-01
 2.856449e-01 -1.209594e+00  2.784901e-01  1.050210e+00
 2.599635e-01 -9.797263e-01  9.647364e-01  7.323511e-01
 2.744408e-01 -1.086946e+00  1.228900e+00  3.880099e-01
 2.610418e-01 -1.080457e+00  2.396183e-01  4.349041e-01
 3.206393e-01 -1.566611e+00  2.641391e-01  3.960537e-01
 2.614660e-01 -1.043867e+00  6.323963e-01  3.123422e-01
 3.002767e-01 -1.319398e+00  7.453054e-01  2.457402e-01
 1.006016e+00 -7.525772e-01  4.337434e-01  1.040093e+00
 1.110277e+00 -8.884122e-01  2.966569e-01  1.066253e+00
 9.772884e-01 -7.024873e-01  1.001609e+00  7.905277e-01
 1.042581e+00 -7.677866e-01  1.238858e+00  3.970973e-01
 9.956095e-01 -7.834146e-01  2.246806e-01  3.414891e-01
 1.225443e+00 -1.069475e+00  2.421275e-01  3.419459e-01
 9.677172e-01 -7.488774e-01  5.835853e-01  2.606461e-01
 1.105263e+00 -9.116233e-01  6.830714e-01  2.226401e-01
 1.192513e+00 -3.658729e-01  3.724015e-01  9.434071e-01
 1.360282e+00 -3.470310e-01  2.764518e-01  9.758854e-01
 1.156697e+00 -3.641907e-01  9.239090e-01  7.005010e-01
 1.283784e+00 -3.420373e-01  1.119533e+00  4.044611e-01
 1.236305e+00 -3.826564e-01  2.332904e-01  3.899327e-01
 1.526486e+00 -3.697249e-01  2.343573e-01  3.408991e-01
 1.180506e+00 -3.869956e-01  6.039276e-01  2.910965e-01
 1.351156e+00 -3.668491e-01  6.770003e-01  2.324552e-01
 2.479865e-01 -4.467478e-01  5.580959e-01  1.299960e+00
 2.300885e-01 -3.864216e-01  3.308855e-01  1.526135e+00
 2.392932e-01 -3.925981e-01  1.159318e+00  1.003734e+00
 2.383372e-01 -3.726079e-01  1.486089e+00  3.746949e-01
 2.606021e-01 -5.182703e-01  2.275461e-01  3.372560e-01
 2.214210e-01 -3.270247e-01  2.233022e-01  3.194520e-01
 2.615988e-01 -5.096208e-01  6.177006e-01  2.624187e-01
 2.311999e-01 -3.517269e-01  7.079261e-01  2.134711e-01
 2.314745e-01 -4.059522e-01  3.935409e-01  1.041896e+00
 2.195722e-01 -3.053084e-01  2.521868e-01  1.088514e+00
 2.243859e-01 -3.861040e-01  1.006482e+00  7.897041e-01
 2.205968e-01 -3.428545e-01  1.281679e+00  3.726948e-01
 2.336699e-01 -4.546960e-01  2.587216e-01  5.341718e-01
 2.147686e-01 -2.878824e-01  2.346201e-01  5.270153e-01
 2.341762e-01 -4.521687e-01  6.847230e-01  3.638686e-01
 2.182841e-01 -3.119725e-01  7.832363e-01  2.686071e-01
 6.680155e-01 -3.187592e-01  5.483849e-01  1.311707e+00
 6.488022e-01 -2.934131e-01  3.300172e-01  1.543978e+00
 6.345158e-01 -2.824171e-01  1.153018e+00  1.004859e+00
 6.365570e-01 -2.765591e-01  1.476240e+00  3.652131e-01
 6.568757e-01 -3.675931e-01  2.174214e-01  3.131719e-01
 5.815632e-01 -2.531304e-01  2.152187e-01  2.936958e-01
 6.567238e-01 -3.658775e-01  5.939457e-01  2.454816e-01
 6.014810e-01 -2.701215e-01  6.784130e-01  2.054692e-01
 7.048807e-01 -2.396478e-01  3.820443e-01  1.030159e+00
 6.648188e-01 -2.071419e-01  2.478274e-01  1.079153e+00
 6.881430e-01 -2.311896e-01  9.886112e-01  7.749113e-01
 6.681396e-01 -2.191557e-01  1.264477e+00  3.629173e-01
 7.128097e-01 -2.659776e-01  2.414397e-01  4.748448e-01
 6.334152e-01 -2.055445e-01  2.283290e-01  4.712598e-01
 7.060847e-01 -2.645173e-01  6.487983e-01  3.282413e-01
 6.428847e-01 -2.152505e-01  7.439780e-01  2.518613e-01
 4.149371e-01 -1.014212e+00  4.449773e-01 -1.066570e+00
 4.792471e-01 -1.189136e+00  3.087838e-01 -1.139820e+00
 3.914153e-01 -9.768103e-01  1.023247e+00 -8.175678e-01
 4.331070e-01 -1.057471e+00  1.293421e+00 -4.037714e-01
 4.224043e-01 -1.044895e+00  2.230171e-01 -3.489487e-01
 6.089607e-01 -1.411424e+00  2.525309e-01 -3.541600e-01
 4.172003e-01 -1.008611e+00  5.922011e-01 -2.689849e-01
 5.315751e-01 -1.229885e+00  7.159153e-01 -2.299054e-01
 2.641858e-01 -1.010608e+00  3.741535e-01 -9.773841e-01
 2.856449e-01 -1.209594e+00  2.784901e-01 -1.050210e+00
 2.599635e-01 -9.797263e-01  9.647364e-01 -7.323511e-01
 2.744408e-01 -1.086946e+00  1.228900e+00 -3.880099e-01
 2.610418e-01 -1.080457e+00  2.396183e-01 -4.349041e-01
 3.206393e-01 -1.566611e+00  2.641391e-01 -3.960537e-01
 2.614660e-01 -1.043867e+00  6.323963e-01 -3.123422e-01
 3.002767e-01 -1.319398e+00  7.453054e-01 -2.457402e-01
 1.006016e+00 -7.525772e-01  4.337434e-01 -1.040093e+00
 1.110277e+00 -8.884122e-01  2.966569e-01 -1.066253e+00
 9.772884e-01 -7.024873e-01  1.001609e+00 -7.905277e-01
 1.042581e+00 -7.677866e-01  1.238858e+00 -3.970973e-01
 9.956095e-01 -7.834146e-01  2.246806e-01 -3.414891e-01
 1.225443e+00 -1.069475e+00  2.421275e-01 -3.419459e-01
 9.677172e-01 -7.488774e-01  5.835853e-01 -2.606461e-01
 1.105263e+00 -9.116233e-01  6.830714e-01 -2.226401e-01
 1.192513e+00 -3.658729e-01  3.724015e-01 -9.434071e-01
 1.360282e+00 -3.470310e-01  2.764518e-01 -9.758854e-01
 1.156697e+00 -3.641907e-01  9.239090e-01 -7.005010e-01
 1.283784e+00 -3.420373e-01  1.119533e+00 -4.044611e-01
 1.236305e+00 -3.826564e-01  2.332904e-01 -3.899327e-01
 1.526486e+00 -3.697249e-01  2.343573e-01 -3.408991e-01
 1.180506e+00 -3.869956e-01  6.039276e-01 -2.910965e-01
 1.351156e+00 -3.668491e-01  6.770003e-01 -2.324552e-01
 2.479865e-01 -4.467478e-01  5.580959e-01 -1.299960e+00
 2.300885e-01 -3.864216e-01  3.308855e-01 -1.526135e+00
 2.392932e-01 -3.925981e-01  1.159318e+00 -1.003734e+00
 2.383372e-01 -3.726079e-01  1.486089e+00 -3.746949e-01
 2.606021e-01 -5.182703e-01  2.275461e-01 -3.372560e-01
 2.214210e-01 -3.270247e-01  2.233022e-01 -3.194520e-01
 2.615988e-01 -5.096208e-01  6.177006e-01 -2.624187e-01
 2.311999e-01 -3.517269e-01  7.079261e-01 -2.134711e-01
 2.314745e-01 -4.059522e-01  3.935409e-01 -1.041896e+00
 2.195722e-01 -3.053084e-01  2.521868e-01 -1.088514e+00
 2.243859e-01 -3.861040e-01  1.006482e+00 -7.897041e-01
 2.205968e-01 -3.428545e-01  1.281679e+00 -3.726948e-01
 2.336699e-01 -4.546960e-01  2.587216e-01 -5.341718e-01
 2.147686e-01 -2.878824e-01  2.346201e-01 -5.270153e-01
 2.341762e-01 -4.521687e-01  6.847230e-01 -3.638686e-01
 2.182841e-01 -3.119725e-01  7.832363e-01 -2.686071e-01
 6.680155e-01 -3.187592e-01  5.483849e-01 -1.311707e+00
 6.488022e-01 -2.934131e-01  3.300172e-01 -1.543978e+00
 6.345158e-01 -2.824171e-01  1.153018e+00 -1.004859e+00
 6.365570e-01 -2.765591e-01  1.476240e+00 -3.652131e-01
 6.568757e-01 -3.675931e-01  2.174214e-01 -3.131719e-01
 5.815632e-01 -2.531304e-01  2.152187e-01 -2.936958e-01
 6.567238e-01 -3.658775e-01  5.939457e-01 -2.454816e-01
 6.014810e-01 -2.701215e-01  6.784130e-01 -2.054692e-01
 7.048807e-01 -2.396478e-01  3.820443e-01 -1.030159e+00
 6.648188e-01 -2.071419e-01  2.478274e-01 -1.079153e+00
 6.881430e-01 -2.311896e-01  9.886112e-01 -7.749113e-01
 6.681396e-01 -2.191557e-01  1.264477e+00 -3.629173e-01
 7.128097e-01 -2.659776e-01  2.414397e-01 -4.748448e-01
 6.334152e-01 -2.055445e-01  2.283290e-01 -4.712598e-01
 7.060847e-01 -2.645173e-01  6.487983e-01 -3.282413e-01
 6.428847e-01 -2.152505e-01  7.439780e-01 -2.518613e-01
 4.149371e-01 -1.014212e+00 -4.449773e-01  1.066570e+00
 4.792471e-01 -1.189136e+00 -3.087838e-01  1.139820e+00
 3.914153e-01 -9.768103e-01 -1.023247e+00  8.175678e-01
 4.331070e-01 -1.057471e+00 -1.293421e+00  4.037714e-01
 4.224043e-01 -1.044895e+00 -2.230171e-01  3.489487e-01
 6.089607e-01 -1.411424e+00 -2.525309e-01  3.541600e-01
 4.172003e-01 -1.008611e+00 -5.922011e-01  2.689849e-01
 5.315751e-01 -1.229885e+00 -7.159153e-01  2.299054e-01
 2.641858e-01 -1.010608e+00 -3.741535e-01  9.773841e-01
 2.856449e-01 -1.209594e+00 -2.784901e-01  1.050210e+00
 2.599635e-01 -9.797263e-01 -9.647364e-01  7.323511e-01
 2.744408e-01 -1.086946e+00 -1.228900e+00  3.880099e-01
 2.610418e-01 -1.080457e+00 -2.396183e-01  4.349041e-01
 3.206393e-01 -1.566611e+00 -2.641391e-01  3.960537e-01
 2.614660e-01 -1.043867e+00 -6.323963e-01  3.123422e-01
 3.002767e-01 -1.319398e+00 -7.453054e-01  2.457402e-01
 1.006016e+00 -7.525772e-01 -4.337434e-01  1.040093e+00
 1.110277e+00 -8.884122e-01 -2.966569e-01  1.066253e+00
 9.772884e-01 -7.024873e-01 -1.001609e+00  7.905277e-01
 1.042581e+00 -7.677866e-01 -1.238858e+00  3.970973e-01
 9.956095e-01 -7.834146e-01 -2.246806e-01  3.414891e-01
 1.225443e+00 -1.069475e+00 -2.421275e-01  3.419459e-01
 9.677172e-01 -7.488774e-01 -5.835853e-01  2.606461e-01
 1.105263e+00 -9.116233e-01 -6.830714e-01  2.226401e-01
 1.192513e+00 -3.658729e-01 -3.724015e-01  9.434071e-01
 1.360282e+00 -3.470310e-01 -2.764518e-01  9.758854e-01
 1.156697e+00 -3.641907e-01 -9.239090e-01  7.005010e-01
 1.283784e+00 -3.420373e-01 -1.119533e+00  4.044611e-01
 1.236305e+00 -3.826564e-01 -2.332904e-01  3.899327e-01
 1.526486e+00 -3.697249e-01 -2.343573e-01  3.408991e-01
 1.180506e+00 -3.869956e-01 -6.039276e-01  2.910965e-01
 1.351156e+00 -3.668491e-01 -6.770003e-01  2.324552e-01
 2.479865e-01 -4.467478e-01 -5.580959e-01  1.299960e+00
 2.300885e-01 -3.864216e-01 -3.308855e-01  1.526135e+00
 2.392932e-01 -3.925981e-01 -1.159318e+00  1.003734e+00
 2.383372e-01 -3.726079e-01 -1.486089e+00  3.746949e-01
 2.606021e-01 -5.182703e-01 -2.275461e-01  3.372560e-01
 2.214210e-01 -3.270247e-01 -2.233022e-01  3.194520e-01
 2.615988e-01 -5.096208e-01 -6.177006e-01  2.624187e-01
 2.311999e-01 -3.517269e-01 -7.079261e-01  2.134711e-01
 2.314745e-01 -4.059522e-01 -3.935409e-01  1.041896e+00
 2.195722e-01 -3.053084e-01 -2.521868e-01  1.088514e+00
 2.243859e-01 -3.861040e-01 -1.006482e+00  7.897041e-01
 2.205968e-01 -3.428545e-01 -1.281679e+00  3.726948e-01
 2.336699e-01 -4.546960e-01 -2.587216e-01  5.341718e-01
 2.147686e-01 -2.878824e-01 -2.346201e-01  5.270153e-01
 2.341762e-01 -4.521687e-01 -6.847230e-01  3.638686e-01
 2.182841e-01 -3.119725e-01 -7.832363e-01  2.686071e-01
 6.680155e-01 -3.187592e-01 -5.483849e-01  1.311707e+00
 6.488022e-01 -2.934131e-01 -3.300172e-01  1.543978e+00
 6.345158e-01 -2.824171e-01 -1.153018e+00  1.004859e+00
 6.365570e-01 -2.765591e-01 -1.476240e+00  3.652131e-01
 6.568757e-01 -3.675931e-01 -2.174214e-01  3.131719e-01
 5.815632e-01 -2.531304e-01 -2.152187e-01  2.936958e-01
 6.567238e-01 -3.658775e-01 -5.939457e-01  2.454816e-01
 6.014810e-01 -2.701215e-01 -6.784130e-01  2.054692e-01
 7.048807e-01 -2.396478e-01 -3.820443e-01  1.030159e+00
 6.648188e-01 -2.071419e-01 -2.478274e-01  1.079153e+00
 6.881430e-01 -2.311896e-01 -9.886112e-01  7.749113e-01
 6.681396e-01 -2.191557e-01 -1.264477e+00  3.629173e-01
 7.128097e-01 -2.659776e-01 -2.414397e-01  4.748448e-01
 6.334152e-01 -2.055445e-01 -2.283290e-01  4.712598e-01
 7.060847e-01 -2.645173e-01 -6.487983e-01  3.282413e-01
 6.428847e-01 -2.152505e-01 -7.439780e-01  2.518613e-01
 4.149371e-01 -1.014212e+00 -4.449773e-01 -1.066570e+00
 4.792471e-01 -1.189136e+00 -3.087838e-01 -1.139820e+00
 3.914153e-01 -9.768103e-01 -1.023247e+00 -8.175678e-01
 4.331070e-01 -1.057471e+00 -1.293421e+00 -4.037714e-01
 4.224043e-01 -1.044895e+00 -2.230171e-01 -3.489487e-01
 6.089607e-01 -1.411424e+00 -2.525309e-01 -3.541600e-01
 4.172003e-01 -1.008611e+00 -5.922011e-01 -2.689849e-01
 5.315751e-01 -1.229885e+00 -7.159153e-01 -2.299054e-01
 2.641858e-01 -1.010608e+00 -3.741535e-01 -9.773841e-01
 2.856449e-01 -1.209594e+00 -2.784901e-01 -1.050210e+00
 2.599635e-01 -9.797263e-01 -9.647364e-01 -7.323511e-01
 2.744408e-01 -1.086946e+00 -1.228900e+00 -3.880099e-01
 2.610418e-01 -1.080457e+00 -2.396183e-01 -4.349041e-01
 3.206393e-01 -1.566611e+00 -2.641391e-01 -3.960537e-01
 2.614660e-01 -1.043867e+00 -6.323963e-01 -3.123422e-01
 3.002767e-01 -1.319398e+00 -7.453054e-01 -2.457402e-01
 1.006016e+00 -7.525772e-01 -4.337434e-01 -1.040093e+00
 1.110277e+00 -8.884122e-01 -2.966569e-01 -1.066253e+00
 9.772884e-01 -7.024873e-01 -1.001609e+00 -7.905277e-01
 1.042581e+00 -7.677866e-01 -1.238858e+00 -3.970973e-01
 9.956095e-01 -7.834146e-01 -2.246806e-01 -3.414891e-01
 1.225443e+00 -1.069475e+00 -2.421275e-01 -3.419459e-01
 9.677172e-01 -7.488774e-01 -5.835853e-01 -2.606461e-01
 1.105263e+00 -9.116233e-01 -6.830714e-01 -2.226401e-01
 1.192513e+00 -3.658729e-01 -3.724015e-01 -9.434071e-01
 1.360282e+00 -3.470310e-01 -2.764518e-01 -9.758854e-01
 1.156697e+00 -3.641907e-01 -9.239090e-01 -7.005010e-01
 1.283784e+00 -3.420373e-01 -1.119533e+00 -4.044611e-01
 1.236305e+00 -3.826564e-01 -2.332904e-01 -3.899327e-01
 1.526486e+00 -3.697249e-01 -2.343573e-01 -3.408991e-01
 1.180506e+00 -3.869956e-01 -6.039276e-01 -2.910965e-01
 1.351156e+00 -3.668491e-01 -6.770003e-01 -2.324552e-01
 2.479865e-01 -4.467478e-01 -5.580959e-01 -1.299960e+00
 2.300885e-01 -3.864216e-01 -3.308855e-01 -1.526135e+00
 2.392932e-01 -3.925981e-01 -1.159318e+00 -1.003734e+00
 2.383372e-01 -3.726079e-01 -1.486089e+00 -3.746949e-01
 2.606021e-01 -5.182703e-01 -2.275461e-01 -3.372560e-01
 2.214210e-01 -3.270247e-01 -2.233022e-01 -3.194520e-01
 2.615988e-01 -5.096208e-01 -6.177006e-01 -2.624187e-01
 2.311999e-01 -3.517269e-01 -7.079261e-01 -2.134711e-01
 2.314745e-01 -4.059522e-01 -3.935409e-01 -1.041896e+00
 2.195722e-01 -3.053084e-01 -2.521868e-01 -1.088514e+00
 2.243859e-01 -3.861040e-01 -1.006482e+00 -7.897041e-01
 2.205968e-01 -3.428545e-01 -1.281679e+00 -3.726948e-01
 2.336699e-01 -4.546960e-01 -2.587216e-01 -5.341718e-01
 2.147686e-01 -2.878824e-01 -2.346201e-01 -5.270153e-01
 2.341762e-01 -4.521687e-01 -6.847230e-01 -3.638686e-01
 2.182841e-01 -3.119725e-01 -7.832363e-01 -2.686071e-01
 6.680155e-01 -3.187592e-01 -5.483849e-01 -1.311707e+00
 6.488022e-01 -2.934131e-01 -3.300172e-01 -1.543978e+00
 6.345158e-01 -2.824171e-01 -1.153018e+00 -1.004859e+00
 6.365570e-01 -2.765591e-01 -1.476240e+00 -3.652131e-01
 6.568757e-01 -3.675931e-01 -2.174214e-01 -3.131719e-01
 5.815632e-01 -2.531304e-01 -2.152187e-01 -2.936958e-01
 6.567238e-01 -3.658775e-01 -5.939457e-01 -2.454816e-01
 6.014810e-01 -2.701215e-01 -6.784130e-01 -2.054692e-01
 7.048807e-01 -2.396478e-01 -3.820443e-01 -1.030159e+00
 6.648188e-01 -2.071419e-01 -2.478274e-01 -1.079153e+00
 6.881430e-01 -2.311896e-01 -9.886112e-01 -7.749113e-01
 6.681396e-01 -2.191557e-01 -1.264477e+00 -3.629173e-01
 7.128097e-01 -2.659776e-01 -2.414397e-01 -4.748448e-01
 6.334152e-01 -2.055445e-01 -2.283290e-01 -4.712598e-01
 7.060847e-01 -2.645173e-01 -6.487983e-01 -3.282413e-01
 6.428847e-01 -2.152505e-01 -7.439780e-01 -2.518613e-01
-4.149371e-01  1.014212e+00  4.449773e-01  1.066570e+00
-4.792471e-01  1.189136e+00  3.087838e-01  1.139820e+00
-3.914153e-01  9.768103e-01  1.023247e+00  8.175678e-01
-4.331070e-01  1.057471e+00  1.293421e+00  4.037714e-01
-4.224043e-01  1.044895e+00  2.230171e-01  3.489487e-01
-6.089607e-01  1.411424e+00  2.525309e-01  3.541600e-01
-4.172003e-01  1.008611e+00  5.922011e-01  2.689849e-01
-5.315751e-01  1.229885e+00  7.159153e-01  2.299054e-01
-2.641858e-01  1.010608e+00  3.741535e-01  9.773841e-01
-2.856449e-01  1.209594e+00  2.784901e-01  1.050210e+00
-2.599635e-01  9.797263e-01  9.647364e-01  7.323511e-01
-2.744408e-01  1.086946e+00  1.228900e+00  3.880099e-01
-2.610418e-01  1.080457e+00  2.396183e-01  4.349041e-01
-3.206393e-01  1.566611e+00  2.641391e-01  3.960537e-01
-2.614660e-01  1.043867e+00  6.323963e-01  3.123422e-01
-3.002767e-01  1.319398e+00  7.453054e-01  2.457402e-01
-1.006016e+00  7.525772e-01  4.337434e-01  1.040093e+00
-1.110277e+00  8.884122e-01  2.966569e-01  1.066253e+00
-9.772884e-01  7.024873e-01  1.001609e+00  7.905277e-01
-1.042581e+00  7.677866e-01  1.238858e+00  3.970973e-01
-9.956095e-01  7.834146e-01  2.246806e-01  3.414891e-01
-1.225443e+00  1.069475e+00  2.421275e-01  3.419459e-01
-9.677172e-01  7.488774e-01  5.835853e-01  2.606461e-01
-1.105263e+00  9.116233e-01  6.830714e-01  2.226401e-01
-1.192513e+00  3.658729e-01  3.724015e-01  9.434071e-01
-1.360282e+00  3.470310e-01  2.764518e-01  9.758854e-01
-1.156697e+00  3.641907e-01  9.239090e-01  7.005010e-01
-1.283784e+00  3.420373e-01  1.119533e+00  4.044611e-01
-1.236305e+00  3.826564e-01  2.332904e-01  3.899327e-01
-1.526486e+00  3.697249e-01  2.343573e-01  3.408991e-01
-1.180506e+00  3.869956e-01  6.039276e-01  2.910965e-01
-1.351156e+00  3.668491e-01  6.770003e-01  2.324552e-01
-2.479865e-01  4.467478e-01  5.580959e-01  1.299960e+00
-2.300885e-01  3.864216e-01  3.308855e-01  1.526135e+00
-2.392932e-01  3.925981e-01  1.159318e+00  1.003734e+00
-2.383372e-01  3.726079e-01  1.486089e+00  3.746949e-01
-2.606021e-01  5.182703e-01  2.275461e-01  3.372560e-01
-2.214210e-01  3.270247e-01  2.233022e-01  3.194520e-01
-2.615988e-01  5.096208e-01  6.177006e-01  2.624187e-01
-2.311999e-01  3.517269e-01  7.079261e-01  2.134711e-01
-2.314745e-01  4.059522e-01  3.935409e-01  1.041896e+00
-2.195722e-01  3.053084e-01  2.521868e-01  1.088514e+00
-2.243859e-01  3.861040e-01  1.006482e+00  7.897041e-01
-2.205968e-01  3.428545e-01  1.281679e+00  3.726948e-01
-2.336699e-01  4.546960e-01  2.587216e-01  5.341718e-01
-2.147686e-01  2.878824e-01  2.346201e-01  5.270153e-01
-2.341762e-01  4.521687e-01  6.847230e-01  3.638686e-01
-2.182841e-01  3.119725e-01  7.832363e-01  2.686071e-01
-6.680155e-01  3.187592e-01  5.483849e-01  1.311707e+00
-6.488022e-01  2.934131e-01  3.300172e-01  1.543978e+00
-6.345158e-01  2.824171e-01  1.153018e+00  1.004859e+00
-6.365570e-01  2.765591e-01  1.476240e+00  3.652131e-01
-6.568757e-01  3.675931e-01  2.174214e-01  3.131719e-01
-5.815632e-01  2.531304e-01  2.152187e-01  2.936958e-01
-6.567238e-01  3.658775e-01  5.939457e-01  2.454816e-01
-6.014810e-01  2.701215e-01  6.784130e-01  2.054692e-01
-7.048807e-01  2.396478e-01  3.820443e-01  1.030159e+00
-6.648188e-01  2.071419e-01  2.478274e-01  1.079153e+00
-6.881430e-01  2.311896e-01  9.886112e-01  7.749113e-01
-6.681396e-01  2.191557e-01  1.264477e+00  3.629173e-01
-7.128097e-01  2.659776e-01  2.414397e-01  4.748448e-01
-6.334152e-01  2.055445e-01  2.283290e-01  4.712598e-01
-7.060847e-01  2.645173e-01  6.487983e-01  3.282413e-01
-6.428847e-01  2.152505e-01  7.439780e-01  2.518613e-01
-4.149371e-01  1.014212e+00  4.449773e-01 -1.066570e+00
-4.792471e-01  1.189136e+00  3.087838e-01 -1.139820e+00
-3.914153e-01  9.768103e-01  1.023247e+00 -8.175678e-01
-4.331070e-01  1.057471e+00  1.293421e+00 -4.037714e-01
-4.224043e-01  1.044895e+00  2.230171e-01 -3.489487e-01
-6.089607e-01  1.411424e+00  2.525309e-01 -3.541600e-01
-4.172003e-01  1.008611e+00  5.922011e-01 -2.689849e-01
-5.315751e-01  1.229885e+00  7.159153e-01 -2.299054e-01
-2.641858e-01  1.010608e+00  3.741535e-01 -9.773841e-01
-2.856449e-01  1.209594e+00  2.784901e-01 -1.050210e+00
-2.599635e-01  9.797263e-01  9.647364e-01 -7.323511e-01
-2.744408e-01  1.086946e+00  1.228900e+00 -3.880099e-01
-2.610418e-01  1.080457e+00  2.396183e-01 -4.349041e-01
-3.206393e-01  1.566611e+00  2.641391e-01 -3.960537e-01
-2.614660e-01  1.043867e+00  6.323963e-01 -3.123422e-01
-3.002767e-01  1.319398e+00  7.453054e-01 -2.457402e-01
-1.006016e+00  7.525772e-01  4.337434e-01 -1.040093e+00
-1.110277e+00  8.884122e-01  2.966569e-01 -1.066253e+00
-9.772884e-01  7.024873e-01  1.001609e+00 -7.905277e-01
-1.042581e+00  7.677866e-01  1.238858e+00 -3.970973e-01
-9.956095e-01  7.834146e-01  2.246806e-01 -3.414891e-01
-1.225443e+00  1.069475e+00  2.421275e-01 -3.419459e-01
-9.677172e-01  7.488774e-01  5.835853e-01 -2.606461e-01
-1.105263e+00  9.116233e-01  6.830714e-01 -2.226401e-01
-1.192513e+00  3.658729e-01  3.724015e-01 -9.434071e-01
-1.360282e+00  3.470310e-01  2.764518e-01 -9.758854e-01
-1.156697e+00  3.641907e-01  9.239090e-01 -7.005010e-01
-1.283784e+00  3.420373e-01  1.119533e+00 -4.044611e-01
-1.236305e+00  3.826564e-01  2.332904e-01 -3.899327e-01
-1.526486e+00  3.697249e-01  2.343573e-01 -3.408991e-01
-1.180506e+00  3.869956e-01  6.039276e-01 -2.910965e-01
-1.351156e+00  3.668491e-01  6.770003e-01 -2.324552e-01
-2.479865e-01  4.467478e-01  5.580959e-01 -1.299960e+00
-2.300885e-01  3.864216e-01  3.308855e-01 -1.526135e+00
-2.392932e-01  3.925981e-01  1.159318e+00 -1.003734e+00
-2.383372e-01  3.726079e-01  1.486089e+00 -3.746949e-01
-2.606021e-01  5.182703e-01  2.275461e-01 -3.372560e-01
-2.214210e-01  3.270247e-01  2.233022e-01 -3.194520e-01
-2.615988e-01  5.096208e-01  6.177006e-01 -2.624187e-01
-2.311999e-01  3.517269e-01  7.079261e-01 -2.134711e-01
-2.314745e-01  4.059522e-01  3.935409e-01 -1.041896e+00
-2.195722e-01  3.053084e-01  2.521868e-01 -1.088514e+00
-2.243859e-01  3.861040e-01  1.006482e+00 -7.897041e-01
-2.205968e-01  3.428545e-01  1.281679e+00 -3.726948e-01
-2.336699e-01  4.546960e-01  2.587216e-01 -5.341718e-01
-2.147686e-01  2.878824e-01  2.346201e-01 -5.270153e-01
-2.341762e-01  4.521687e-01  6.847230e-01 -3.638686e-01
-2.182841e-01  3.119725e-01  7.832363e-01 -2.686071e-01
-6.680155e-01  3.187592e-01  5.483849e-01 -1.311707e+00
-6.488022e-01  2.934131e-01  3.300172e-01 -1.543978e+00
-6.345158e-01  2.824171e-01  1.153018e+00 -1.004859e+00
-6.365570e-01  2.765591e-01  1.476240e+00 -3.652131e-01
-6.568757e-01  3.675931e-01  2.174214e-01 -3.131719e-01
-5.815632e-01  2.531304e-01  2.152187e-01 -2.936958e-01
-6.567238e-01  3.658775e-01  5.939457e-01 -2.454816e-01
-6.014810e-01  2.701215e-01  6.784130e-01 -2.054692e-01
-7.048807e-01  2.396478e-01  3.820443e-01 -1.030159e+00
-6.648188e-01  2.071419e-01  2.478274e-01 -1.079153e+00
-6.881430e-01  2.311896e-01  9.886112e-01 -7.749113e-01
-6.681396e-01  2.191557e-01  1.264477e+00 -3.629173e-01
-7.128097e-01  2.659776e-01  2.414397e-01 -4.748448e-01
-6.334152e-01  2.055445e-01  2.283290e-01 -4.712598e-01
-7.060847e-01  2.645173e-01  6.487983e-01 -3.282413e-01
-6.428847e-01  2.152505e-01  7.439780e-01 -2.518613e-01
-4.149371e-01  1.014212e+00 -4.449773e-01  1.066570e+00
-4.792471e-01  1.189136e+00 -3.087838e-01  1.139820e+00
-3.914153e-01  9.768103e-01 -1.023247e+00  8.175678e-01
-4.331070e-01  1.057471e+00 -1.293421e+00  4.037714e-01
-4.224043e-01  1.044895e+00 -2.230171e-01  3.489487e-01
-6.089607e-01  1.411424e+00 -2.525309e-01  3.541600e-01
-4.172003e-01  1.008611e+00 -5.922011e-01  2.689849e-01
-5.315751e-01  1.229885e+00 -7.159153e-01  2.299054e-01
-2.641858e-01  1.010608e+00 -3.741535e-01  9.773841e-01
-2.856449e-01  1.209594e+00 -2.784901e-01  1.050210e+00
-2.599635e-01  9.797263e-01 -9.647364e-01  7.323511e-01
-2.744408e-01  1.086946e+00 -1.228900e+00  3.880099e-01
-2.610418e-01  1.080457e+00 -2.396183e-01  4.349041e-01
-3.206393e-01  1.566611e+00 -2.641391e-01  3.960537e-01
-2.614660e-01  1.043867e+00 -6.323963e-01  3.123422e-01
-3.002767e-01  1.319398e+00 -7.453054e-01  2.457402e-01
-1.006016e+00  7.525772e-01 -4.337434e-01  1.040093e+00
-1.110277e+00  8.884122e-01 -2.966569e-01  1.066253e+00
-9.772884e-01  7.024873e-01 -1.001609e+00  7.905277e-01
-1.042581e+00  7.677866e-01 -1.238858e+00  3.970973e-01
-9.956095e-01  7.834146e-01 -2.246806e-01  3.414891e-01
-1.225443e+00  1.069475e+00 -2.421275e-01  3.419459e-01
-9.677172e-01  7.488774e-01 -5.835853e-01  2.606461e-01
-1.105263e+00  9.116233e-01 -6.830714e-01  2.226401e-01
-1.192513e+00  3.658729e-01 -3.724015e-01  9.434071e-01
-1.360282e+00  3.470310e-01 -2.764518e-01  9.758854e-01
-1.156697e+00  3.641907e-01 -9.239090e-01  7.005010e-01
-1.283784e+00  3.420373e-01 -1.119533e+00  4.044611e-01
-1.236305e+00  3.826564e-01 -2.332904e-01  3.899327e-01
-1.526486e+00  3.697249e-01 -2.343573e-01  3.408991e-01
-1.180506e+00  3.869956e-01 -6.039276e-01  2.910965e-01
-1.351156e+00  3.668491e-01 -6.770003e-01  2.324552e-01
-2.479865e-01  4.467478e-01 -5.580959e-01  1.299960e+00
-2.300885e-01  3.864216e-01 -3.308855e-01  1.526135e+00
-2.392932e-01  3.925981e-01 -1.159318e+00  1.003734e+00
-2.383372e-01  3.726079e-01 -1.486089e+00  3.746949e-01
-2.606021e-01  5.182703e-01 -2.275461e-01  3.372560e-01
-2.214210e-01  3.270247e-01 -2.233022e-01  3.194520e-01
-2.615988e-01  5.096208e-01 -6.177006e-01  2.624187e-01
-2.311999e-01  3.517269e-01 -7.079261e-01  2.134711e-01
-2.314745e-01  4.059522e-01 -3.935409e-01  1.041896e+00
-2.195722e-01  3.053084e-01 -2.521868e-01  1.088514e+00
-2.243859e-01  3.861040e-01 -1.006482e+00  7.897041e-01
-2.205968e-01  3.428545e-01 -1.281679e+00  3.726948e-01
-2.336699e-01  4.546960e-01 -2.587216e-01  5.341718e-01
-2.147686e-01  2.878824e-01 -2.346201e-01  5.270153e-01
-2.341762e-01  4.521687e-01 -6.847230e-01  3.638686e-01
-2.182841e-01  3.119725e-01 -7.832363e-01  2.686071e-01
-6.680155e-01  3.187592e-01 -5.483849e-01  1.311707e+00
-6.488022e-01  2.934131e-01 -3.300172e-01  1.543978e+00
-6.345158e-01  2.824171e-01 -1.153018e+00  1.004859e+00
-6.365570e-01  2.765591e-01 -1.476240e+00  3.652131e-01
-6.568757e-01  3.675931e-01 -2.174214e-01  3.131719e-01
-5.815632e-01  2.531304e-01 -2.152187e-01  2.936958e-01
-6.567238e-01  3.658775e-01 -5.939457e-01  2.454816e-01
-6.014810e-01  2.701215e-01 -6.784130e-01  2.054692e-01
-7.048807e-01  2.396478e-01 -3.820443e-01  1.030159e+00
-6.648188e-01  2.071419e-01 -2.478274e-01  1.079153e+00
-6.881430e-01  2.311896e-01 -9.886112e-01  7.749113e-01
-6.681396e-01  2.191557e-01 -1.264477e+00  3.629173e-01
-7.128097e-01  2.659776e-01 -2.414397e-01  4.748448e-01
-6.334152e-01  2.055445e-01 -2.283290e-01  4.712598e-01
-7.060847e-01  2.645173e-01 -6.487983e-01  3.282413e-01
-6.428847e-01  2.152505e-01 -7.439780e-01  2.518613e-01
-4.149371e-01  1.014212e+00 -4.449773e-01 -1.066570e+00
-4.792471e-01  1.189136e+00 -3.087838e-01 -1.139820e+00
-3.914153e-01  9.768103e-01 -1.023247e+00 -8.175678e-01
-4.331070e-01  1.057471e+00 -1.293421e+00 -4.037714e-01
-4.224043e-01  1.044895e+00 -2.230171e-01 -3.489487e-01
-6.089607e-01  1.411424e+00 -2.525309e-01 -3.541600e-01
-4.172003e-01  1.008611e+00 -5.922011e-01 -2.689849e-01
-5.315751e-01  1.229885e+00 -7.159153e-01 -2.299054e-01
-2.641858e-01  1.010608e+00 -3.741535e-01 -9.773841e-01
-2.856449e-01  1.209594e+00 -2.784901e-01 -1.050210e+00
-2.599635e-01  9.797263e-01 -9.647364e-01 -7.323511e-01
-2.744408e-01  1.086946e+00 -1.228900e+00 -3.880099e-01
-2.610418e-01  1.080457e+00 -2.396183e-01 -4.349041e-01
-3.206393e-01  1.566611e+00 -2.641391e-01 -3.960537e-01
-2.614660e-01  1.043867e+00 -6.323963e-01 -3.123422e-01
-3.002767e-01  1.319398e+00 -7.453054e-01 -2.457402e-01
-1.006016e+00  7.525772e-01 -4.337434e-01 -1.040093e+00
-1.110277e+00  8.884122e-01 -2.966569e-01 -1.066253e+00
-9.772884e-01  7.024873e-01 -1.001609e+00 -7.905277e-01
-1.042581e+00  7.677866e-01 -1.238858e+00 -3.970973e-01
-9.956095e-01  7.834146e-01 -2.246806e-01 -3.414891e-01
-1.225443e+00  1.069475e+00 -2.421275e-01 -3.419459e-01
-9.677172e-01  7.488774e-01 -5.835853e-01 -2.606461e-01
-1.105263e+00  9.116233e-01 -6.830714e-01 -2.226401e-01
-1.192513e+00  3.658729e-01 -3.724015e-01 -9.434071e-01
-1.360282e+00  3.470310e-01 -2.764518e-01 -9.758854e-01
-1.156697e+00  3.641907e-01 -9.239090e-01 -7.005010e-01
-1.283784e+00  3.420373e-01 -1.119533e+00 -4.044611e-01
-1.236305e+00  3.826564e-01 -2.332904e-01 -3.899327e-01
-1.526486e+00  3.697249e-01 -2.343573e-01 -3.408991e-01
-1.180506e+00  3.869956e-01 -6.039276e-01 -2.910965e-01
-1.351156e+00  3.668491e-01 -6.770003e-01 -2.324552e-01
-2.479865e-01  4.467478e-01 -5.580959e-01 -1.299960e+00
-2.300885e-01  3.864216e-01 -3.308855e-01 -1.526135e+00
-2.392932e-01  3.925981e-01 -1.159318e+00 -1.003734e+00
-2.383372e-01  3.726079e-01 -1.486089e+00 -3.746949e-01
-2.606021e-01  5.182703e-01 -2.275461e-01 -3.372560e-01
-2.214210e-01  3.270247e-01 -2.233022e-01 -3.194520e-01
-2.615988e-01  5.096208e-01 -6.177006e-01 -2.624187e-01
-2.311999e-01  3.517269e-01 -7.079261e-01 -2.134711e-01
-2.314745e-01  4.059522e-01 -3.935409e-01 -1.041896e+00
-2.195722e-01  3.053084e-01 -2.521868e-01 -1.088514e+00
-2.243859e-01  3.861040e-01 -1.006482e+00 -7.897041e-01
-2.205968e-01  3.428545e-01 -1.281679e+00 -3.726948e-01
-2.336699e-01  4.546960e-01 -2.587216e-01 -5.341718e-01
-2.147686e-01  2.878824e-01 -2.346201e-01 -5.270153e-01
-2.341762e-01  4.521687e-01 -6.847230e-01 -3.638686e-01
-2.182841e-01  3.119725e-01 -7.832363e-01 -2.686071e-01
-6.680155e-01  3.187592e-01 -5.483849e-01 -1.311707e+00
-6.488022e-01  2.934131e-01 -3.300172e-01 -1.543978e+00
-6.345158e-01  2.824171e-01 -1.153018e+00 -1.004859e+00
-6.365570e-01  2.765591e-01 -1.476240e+00 -3.652131e-01
-6.568757e-01  3.675931e-01 -2.174214e-01 -3.131719e-01
-5.815632e-01  2.531304e-01 -2.152187e-01 -2.936958e-01
-6.567238e-01  3.658775e-01 -5.939457e-01 -2.454816e-01
-6.014810e-01  2.701215e-01 -6.784130e-01 -2.054692e-01
-7.048807e-01  2.396478e-01 -3.820443e-01 -1.030159e+00
-6.648188e-01  2.071419e-01 -2.478274e-01 -1.079153e+00
-6.881430e-01  2.311896e-01 -9.886112e-01 -7.749113e-01
-6.681396e-01  2.191557e-01 -1.264477e+00 -3.629173e-01
-7.128097e-01  2.659776e-01 -2.414397e-01 -4.748448e-01
-6.334152e-01  2.055445e-01 -2.283290e-01 -4.712598e-01
-7.060847e-01  2.645173e-01 -6.487983e-01 -3.282413e-01
-6.428847e-01  2.152505e-01 -7.439780e-01 -2.518613e-01
-4.149371e-01 -1.014212e+00  4.449773e-01  1.066570e+00
-4.792471e-01 -1.189136e+00  3.087838e-01  1.139820e+00
-3.914153e-01 -9.768103e-01  1.023247e+00  8.175678e-01
-4.331070e-01 -1.057471e+00  1.293421e+00  4.037714e-01
-4.224043e-01 -1.044895e+00  2.230171e-01  3.489487e-01
-6.089607e-01 -1.411424e+00  2.525309e-01  3.541600e-01
-4.172003e-01 -1.008611e+00  5.922011e-01  2.689849e-01
-5.315751e-01 -1.229885e+00  7.159153e-01  2.299054e-01
-2.641858e-01 -1.010608e+00  3.741535e-01  9.773841e-01
-2.856449e-01 -1.209594e+00  2.784901e-01  1.050210e+00
-2.599635e-01 -9.797263e-01  9.647364e-01  7.323511e-01
-2.744408e-01 -1.086946e+00  1.228900e+00  3.880099e-01
-2.610418e-01 -1.080457e+00  2.396183e-01  4.349041e-01
-3.206393e-01 -1.566611e+00  2.641391e-01  3.960537e-01
-2.614660e-01 -1.043867e+00  6.323963e-01  3.123422e-01
-3.002767e-01 -1.319398e+00  7.453054e-01  2.457402e-01
-1.006016e+00 -7.525772e-01  4.337434e-01  1.040093e+00
-1.110277e+00 -8.884122e-01  2.966569e-01  1.066253e+00
-9.772884e-01 -7.024873e-01  1.001609e+00  7.905277e-01
-1.042581e+00 -7.677866e-01  1.238858e+00  3.970973e-01
-9.956095e-01 -7.834146e-01  2.246806e-01  3.414891e-01
-1.225443e+00 -1.069475e+00  2.421275e-01  3.419459e-01
-9.677172e-01 -7.488774e-01  5.835853e-01  2.606461e-01
-1.105263e+00 -9.116233e-01  6.830714e-01  2.226401e-01
-1.192513e+00 -3.658729e-01  3.724015e-01  9.434071e-01
-1.360282e+00 -3.470310e-01  2.764518e-01  9.758854e-01
-1.156697e+00 -3.641907e-01  9.239090e-01  7.005010e-01
-1.283784e+00 -3.420373e-01  1.119533e+00  4.044611e-01
-1.236305e+00 -3.826564e-01  2.332904e-01  3.899327e-01
-1.526486e+00 -3.697249e-01  2.343573e-01  3.408991e-01
-1.180506e+00 -3.869956e-01  6.039276e-01  2.910965e-01
-1.351156e+00 -3.668491e-01  6.770003e-01  2.324552e-01
-2.479865e-01 -4.467478e-01  5.580959e-01  1.299960e+00
-2.300885e-01 -3.864216e-01  3.308855e-01  1.526135e+00
-2.392932e-01 -3.925981e-01  1.159318e+00  1.003734e+00
-2.383372e-01 -3.726079e-01  1.486089e+00  3.746949e-01
-2.606021e-01 -5.182703e-01  2.275461e-01  3.372560e-01
-2.214210e-01 -3.270247e-01  2.233022e-01  3.194520e-01
-2.615988e-01 -5.096208e-01  6.177006e-01  2.624187e-01
-2.311999e-01 -3.517269e-01  7.079261e-01  2.134711e-01
-2.314745e-01 -4.059522e-01  3.935409e-01  1.041896e+00
-2.195722e-01 -3.053084e-01  2.521868e-01  1.088514e+00
-2.243859e-01 -3.861040e-01  1.006482e+00  7.897041e-01
-2.205968e-01 -3.428545e-01  1.281679e+00  3.726948e-01
-2.336699e-01 -4.546960e-01  2.587216e-01  5.341718e-01
-2.147686e-01 -2.878824e-01  2.346201e-01  5.270153e-01
-2.341762e-01 -4.521687e-01  6.847230e-01  3.638686e-01
-2.182841e-01 -3.119725e-01  7.832363e-01  2.686071e-01
-6.680155e-01 -3.187592e-01  5.483849e-01  1.311707e+00
-6.488022e-01 -2.934131e-01  3.300172e-01  1.543978e+00
-6.345158e-01 -2.824171e-01  1.153018e+00  1.004859e+00
-6.365570e-01 -2.765591e-01  1.476240e+00  3.652131e-01
-6.568757e-01 -3.675931e-01  2.174214e-01  3.131719e-01
-5.815632e-01 -2.531304e-01  2.152187e-01  2.936958e-01
-6.567238e-01 -3.658775e-01  5.939457e-01  2.454816e-01
-6.014810e-01 -2.701215e-01  6.784130e-01  2.054692e-01
-7.048807e-01 -2.396478e-01  3.820443e-01  1.030159e+00
-6.648188e-01 -2.071419e-01  2.478274e-01  1.079153e+00
-6.881430e-01 -2.311896e-01  9.886112e-01  7.749113e-01
-6.681396e-01 -2.191557e-01  1.264477e+00  3.629173e-01
-7.128097e-01 -2.659776e-01  2.414397e-01  4.748448e-01
-6.334152e-01 -2.055445e-01  2.283290e-01  4.712598e-01
-7.060847e-01 -2.645173e-01  6.487983e-01  3.282413e-01
-6.428847e-01 -2.152505e-01  7.439780e-01  2.518613e-01
-4.149371e-01 -1.014212e+00  4.449773e-01 -1.066570e+00
-4.792471e-01 -1.189136e+00  3.087838e-01 -1.139820e+00
-3.914153e-01 -9.768103e-01  1.023247e+00 -8.175678e-01
-4.331070e-01 -1.057471e+00  1.293421e+00 -4.037714e-01
-4.224043e-01 -1.044895e+00  2.230171e-01 -3.489487e-01
-6.089607e-01 -1.411424e+00  2.525309e-01 -3.541600e-01
-4.172003e-01 -1.008611e+00  5.922011e-01 -2.689849e-01
-5.315751e-01 -1.229885e+00  7.159153e-01 -2.299054e-01
-2.641858e-01 -1.010608e+00  3.741535e-01 -9.773841e-01
-2.856449e-01 -1.209594e+00  2.784901e-01 -1.050210e+00
-2.599635e-01 -9.797263e-01  9.647364e-01 -7.323511e-01
-2.744408e-01 -1.086946e+00  1.228900e+00 -3.880099e-01
-2.610418e-01 -1.080457e+00  2.396183e-01 -4.349041e-01
-3.206393e-01 -1.566611e+00  2.641391e-01 -3.960537e-01
-2.614660e-01 -1.043867e+00  6.323963e-01 -3.123422e-01
-3.002767e-01 -1.319398e+00  7.453054e-01 -2.457402e-01
-1.006016e+00 -7.525772e-01  4.337434e-01 -1.040093e+00
-1.110277e+00 -8.884122e-01  2.966569e-01 -1.066253e+00
-9.772884e-01 -7.024873e-01  1.001609e+00 -7.905277e-01
-1.042581e+00 -7.677866e-01  1.238858e+00 -3.970973e-01
-9.956095e-01 -7.834146e-01  2.246806e-01 -3.414891e-01
-1.225443e+00 -1.069475e+00  2.421275e-01 -3.419459e-01
-9.677172e-01 -7.488774e-01  5.835853e-01 -2.606461e-01
-1.105263e+00 -9.116233e-01  6.830714e-01 -2.226401e-01
-1.192513e+00 -3.658729e-01  3.724015e-01 -9.434071e-01
-1.360282e+00 -3.470310e-01  2.764518e-01 -9.758854e-01
-1.156697e+00 -3.641907e-01  9.239090e-01 -7.005010e-01
-1.283784e+00 -3.420373e-01  1.119533e+00 -4.044611e-01
-1.236305e+00 -3.826564e-01  2.332904e-01 -3.899327e-01
-1.526486e+00 -3.697249e-01  2.343573e-01 -3.408991e-01
-1.180506e+00 -3.869956e-01  6.039276e-01 -2.910965e-01
-1.351156e+00 -3.668491e-01  6.770003e-01 -2.324552e-01
-2.479865e-01 -4.467478e-01  5.580959e-01 -1.299960e+00
-2.300885e-01 -3.864216e-01  3.308855e-01 -1.526135e+00
-2.392932e-01 -3.925981e-01  1.159318e+00 -1.003734e+00
-2.383372e-01 -3.726079e-01  1.486089e+00 -3.746949e-01
-2.606021e-01 -5.182703e-01  2.275461e-01 -3.372560e-01
-2.214210e-01 -3.270247e-01  2.233022e-01 -3.194520e-01
-2.615988e-01 -5.096208e-01  6.177006e-01 -2.624187e-01
-2.311999e-01 -3.517269e-01  7.079261e-01 -2.134711e-01
-2.314745e-01 -4.059522e-01  3.935409e-01 -1.041896e+00
-2.195722e-01 -3.053084e-01  2.521868e-01 -1.088514e+00
-2.243859e-01 -3.861040e-01  1.006482e+00 -7.897041e-01
-2.205968e-01 -3.428545e-01  1.281679e+00 -3.726948e-01
-2.336699e-01 -4.546960e-01  2.587216e-01 -5.341718e-01
-2.147686e-01 -2.878824e-01  2.346201e-01 -5.270153e-01
-2.341762e-01 -4.521687e-01  6.847230e-01 -3.638686e-01
-2.182841e-01 -3.119725e-01  7.832363e-01 -2.686071e-01
-6.680155e-01 -3.187592e-01  5.483849e-01 -1.311707e+00
-6.488022e-01 -2.934131e-01  3.300172e-01 -1.543978e+00
-6.345158e-01 -2.824171e-01  1.153018e+00 -1.004859e+00
-6.365570e-01 -2.765591e-01  1.476240e+00 -3.652131e-01
-6.568757e-01 -3.675931e-01  2.174214e-01 -3.131719e-01
-5.815632e-01 -2.531304e-01  2.152187e-01 -2.936958e-01
-6.567238e-01 -3.658775e-01  5.939457e-01 -2.454816e-01
-6.014810e-01 -2.701215e-01  6.784130e-01 -2.054692e-01
-7.048807e-01 -2.396478e-01  3.820443e-01 -1.030159e+00
-6.648188e-01 -2.071419e-01  2.478274e-01 -1.079153e+00
-6.881430e-01 -2.311896e-01  9.886112e-01 -7.749113e-01
-6.681396e-01 -2.191557e-01  1.264477e+00 -3.629173e-01
-7.128097e-01 -2.659776e-01  2.414397e-01 -4.748448e-01
-6.334152e-01 -2.055445e-01  2.283290e-01 -4.712598e-01
-7.060847e-01 -2.645173e-01  6.487983e-01 -3.282413e-01
-6.428847e-01 -2.152505e-01  7.439780e-01 -2.518613e-01
-4.149371e-01 -1.014212e+00 -4.449773e-01  1.066570e+00
-4.792471e-01 -1.189136e+00 -3.087838e-01  1.139820e+00
-3.914153e-01 -9.768103e-01 -1.023247e+00  8.175678e-01
-4.331070e-01 -1.057471e+00 -1.293421e+00  4.037714e-01
-4.224043e-01 -1.044895e+00 -2.230171e-01  3.489487e-01
-6.089607e-01 -1.411424e+00 -2.525309e-01  3.541600e-01
-4.172003e-01 -1.008611e+00 -5.922011e-01  2.689849e-01
-5.315751e-01 -1.229885e+00 -7.159153e-01  2.299054e-01
-2.641858e-01 -1.010608e+00 -3.741535e-01  9.773841e-01
-2.856449e-01 -1.209594e+00 -2.784901e-01  1.050210e+00
-2.599635e-01 -9.797263e-01 -9.647364e-01  7.323511e-01
-2.744408e-01 -1.086946e+00 -1.228900e+00  3.880099e-01
-2.610418e-01 -1.080457e+00 -2.396183e-01  4.349041e-01
-3.206393e-01 -1.566611e+00 -2.641391e-01  3.960537e-01
-2.614660e-01 -1.043867e+00 -6.323963e-01  3.123422e-01
-3.002767e-01 -1.319398e+00 -7.453054e-01  2.457402e-01
-1.006016e+00 -7.525772e-01 -4.337434e-01  1.040093e+00
-1.110277e+00 -8.884122e-01 -2.966569e-01  1.066253e+00
-9.772884e-01 -7.024873e-01 -1.001609e+00  7.905277e-01
-1.042581e+00 -7.677866e-01 -1.238858e+00  3.970973e-01
-9.956095e-01 -7.834146e-01 -2.246806e-01  3.414891e-01
-1.225443e+00 -1.069475e+00 -2.421275e-01  3.419459e-01
-9.677172e-01 -7.488774e-01 -5.835853e-01  2.606461e-01
-1.105263e+00 -9.116233e-01 -6.830714e-01  2.226401e-01
-1.192513e+00 -3.658729e-01 -3.724015e-01  9.434071e-01
-1.360282e+00 -3.470310e-01 -2.764518e-01  9.758854e-01
-1.156697e+00 -3.641907e-01 -9.239090e-01  7.005010e-01
-1.283784e+00 -3.420373e-01 -1.119533e+00  4.044611e-01
-1.236305e+00 -3.826564e-01 -2.332904e-01  3.899327e-01
-1.526486e+00 -3.697249e-01 -2.343573e-01  3.408991e-01
-1.180506e+00 -3.869956e-01 -6.039276e-01  2.910965e-01
-1.351156e+00 -3.668491e-01 -6.770003e-01  2.324552e-01
-2.479865e-01 -4.467478e-01 -5.580959e-01  1.299960e+00
-2.300885e-01 -3.864216e-01 -3.308855e-01  1.526135e+00
-2.392932e-01 -3.925981e-01 -1.159318e+00  1.003734e+00
-2.383372e-01 -3.726079e-01 -1.486089e+00  3.746949e-01
-2.606021e-01 -5.182703e-01 -2.275461e-01  3.372560e-01
-2.214210e-01 -3.270247e-01 -2.233022e-01  3.194520e-01
-2.615988e-01 -5.096208e-01 -6.177006e-01  2.624187e-01
-2.311999e-01 -3.517269e-01 -7.079261e-01  2.134711e-01
-2.314745e-01 -4.059522e-01 -3.935409e-01  1.041896e+00
-2.195722e-01 -3.053084e-01 -2.521868e-01  1.088514e+00
-2.243859e-01 -3.861040e-01 -1.006482e+00  7.897041e-01
-2.205968e-01 -3.428545e-01 -1.281679e+00  3.726948e-01
-2.336699e-01 -4.546960e-01 -2.587216e-01  5.341718e-01
-2.147686e-01 -2.878824e-01 -2.346201e-01  5.270153e-01
-2.341762e-01 -4.521687e-01 -6.847230e-01  3.638686e-01
-2.182841e-01 -3.119725e-01 -7.832363e-01  2.686071e-01
-6.680155e-01 -3.187592e-01 -5.483849e-01  1.311707e+00
-6.488022e-01 -2.934131e-01 -3.300172e-01  1.543978e+00
-6.345158e-01 -2.824171e-01 -1.153018e+00  1.004859e+00
-6.365570e-01 -2.765591e-01 -1.476240e+00  3.652131e-01
-6.568757e-01 -3.675931e-01 -2.174214e-01  3.131719e-01
-5.815632e-01 -2.531304e-01 -2.152187e-01  2.936958e-01
-6.567238e-01 -3.658775e-01 -5.939457e-01  2.454816e-01
-6.014810e-01 -2.701215e-01 -6.784130e-01  2.054692e-01
-7.048807e-01 -2.396478e-01 -3.820443e-01  1.030159e+00
-6.648188e-01 -2.071419e-01 -2.478274e-01  1.079153e+00
-6.881430e-01 -2.311896e-01 -9.886112e-01  7.749113e-01
-6.681396e-01 -2.191557e-01 -1.264477e+00  3.629173e-01
-7.128097e-01 -2.659776e-01 -2.414397e-01  4.748448e-01
-6.334152e-01 -2.055445e-01 -2.283290e-01  4.712598e-01
-7.060847e-01 -2.645173e-01 -6.487983e-01  3.282413e-01
-6.428847e-01 -2.152505e-01 -7.439780e-01  2.518613e-01
-4.149371e-01 -1.014212e+00 -4.449773e-01 -1.066570e+00
-4.792471e-01 -1.189136e+00 -3.087838e-01 -1.139820e+00
-3.914153e-01 -9.768103e-01 -1.023247e+00 -8.175678e-01
-4.331070e-01 -1.057471e+00 -1.293421e+00 -4.037714e-01
-4.224043e-01 -1.044895e+00 -2.230171e-01 -3.489487e-01
-6.089607e-01 -1.411424e+00 -2.525309e-01 -3.541600e-01
-4.172003e-01 -1.008611e+00 -5.922011e-01 -2.689849e-01
-5.315751e-01 -1.229885e+00 -7.159153e-01 -2.299054e-01
-2.641858e-01 -1.010608e+00 -3.741535e-01 -9.773841e-01
-2.856449e-01 -1.209594e+00 -2.784901e-01 -1.050210e+00
-2.599635e-01 -9.797263e-01 -9.647364e-01 -7.323511e-01
-2.744408e-01 -1.086946e+00 -1.228900e+00 -3.880099e-01
-2.610418e-01 -1.080457e+00 -2.396183e-01 -4.349041e-01
-3.206393e-01 -1.566611e+00 -2.641391e-01 -3.960537e-01
-2.614660e-01 -1.043867e+00 -6.323963e-01 -3.123422e-01
-3.002767e-01 -1.319398e+00 -7.453054e-01 -2.457402e-01
-1.006016e+00 -7.525772e-01 -4.337434e-01 -1.040093e+00
-1.110277e+00 -8.884122e-01 -2.966569e-01 -1.066253e+00
-9.772884e-01 -7.024873e-01 -1.001609e+00 -7.905277e-01
-1.042581e+00 -7.677866e-01 -1.238858e+00 -3.970973e-01
-9.956095e-01 -7.834146e-01 -2.246806e-01 -3.414891e-01
-1.225443e+00 -1.069475e+00 -2.421275e-01 -3.419459e-01
-9.677172e-01 -7.488774e-01 -5.835853e-01 -2.606461e-01
-1.105263e+00 -9.116233e-01 -6.830714e-01 -2.226401e-01
-1.192513e+00 -3.658729e-01 -3.724015e-01 -9.434071e-01
-1.360282e+00 -3.470310e-01 -2.764518e-01 -9.758854e-01
-1.156697e+00 -3.641907e-01 -9.239090e-01 -7.005010e-01
-1.283784e+00 -3.420373e-01 -1.119533e+00 -4.044611e-01
-1.236305e+00 -3.826564e-01 -2.332904e-01 -3.899327e-01
-1.526486e+00 -3.697249e-01 -2.343573e-01 -3.408991e-01
-1.180506e+00 -3.869956e-01 -6.039276e-01 -2.910965e-01
-1.351156e+00 -3.668491e-01 -6.770003e-01 -2.324552e-01
-2.479865e-01 -4.467478e-01 -5.580959e-01 -1.299960e+00
-2.300885e-01 -3.864216e-01 -3.308855e-01 -1.526135e+00
-2.392932e-01 -3.925981e-01 -1.159318e+00 -1.003734e+00
-2.383372e-01 -3.726079e-01 -1.486089e+00 -3.746949e-01
-2.606021e-01 -5.182703e-01 -2.275461e-01 -3.372560e-01
-2.214210e-01 -3.270247e-01 -2.233022e-01 -3.194520e-01
-2.615988e-01 -5.096208e-01 -6.177006e-01 -2.624187e-01
-2.311999e-01 -3.517269e-01 -7.079261e-01 -2.134711e-01
-2.314745e-01 -4.059522e-01 -3.935409e-01 -1.041896e+00
-2.195722e-01 -3.053084e-01 -2.521868e-01 -1.088514e+00
-2.243859e-01 -3.861040e-01 -1.006482e+00 -7.897041e-01
-2.205968e-01 -3.428545e-01 -1.281679e+00 -3.726948e-01
-2.336699e-01 -4.546960e-01 -2.587216e-01 -5.341718e-01
-2.147686e-01 -2.878824e-01 -2.346201e-01 -5.270153e-01
-2.341762e-01 -4.521687e-01 -6.847230e-01 -3.638686e-01
-2.182841e-01 -3.119725e-01 -7.832363e-01 -2.686071e-01
-6.680155e-01 -3.187592e-01 -5.483849e-01 -1.311707e+00
-6.488022e-01 -2.934131e-01 -3.300172e-01 -1.543978e+00
-6.345158e-01 -2.824171e-01 -1.153018e+00 -1.004859e+00
-6.365570e-01 -2.765591e-01 -1.476240e+00 -3.652131e-01
-6.568757e-01 -3.675931e-01 -2.174214e-01 -3.131719e-01
-5.815632e-01 -2.531304e-01 -2.152187e-01 -2.936958e-01
-6.567238e-01 -3.658775e-01 -5.939457e-01 -2.454816e-01
-6.014810e-01 -2.701215e-01 -6.784130e-01 -2.054692e-01
-7.048807e-01 -2.396478e-01 -3.820443e-01 -1.030159e+00
-6.648188e-01 -2.071419e-01 -2.478274e-01 -1.079153e+00
-6.881430e-01 -2.311896e-01 -9.886112e-01 -7.749113e-01
-6.681396e-01 -2.191557e-01 -1.264477e+00 -3.629173e-01
-7.128097e-01 -2.659776e-01 -2.414397e-01 -4.748448e-01
-6.334152e-01 -2.055445e-01 -2.283290e-01 -4.712598e-01
-7.060847e-01 -2.645173e-01 -6.487983e-01 -3.282413e-01
-6.428847e-01 -2.152505e-01 -7.439780e-01 -2.518613e-01
