 9.225252e-01  1.407510e+00  2.820054e-01  2.953619e-01
 2.828293e-01  1.023416e+00  5.504479e-01  1.385098e+00
 2.765271e-01  9.482904e-01  1.061178e+00  8.308303e-01
 2.666540e-01  9.161358e-01  1.248878e+00  2.834389e-01
 5.957252e-01  1.025684e+00  2.017912e-01  5.457990e-01
 4.971051e-01  9.283193e-01  2.157094e-01  1.747445e-01
 3.906763e-01  9.268836e-01  6.300584e-01  6.007229e-01
 3.634313e-01  8.863268e-01  7.183334e-01  1.951213e-01
 3.517763e-01  1.703184e+00  2.809281e-01  3.279742e-01
 3.323394e-01  1.361347e+00  2.355647e-01  1.134976e+00
 4.105394e-01  1.476101e+00  7.805004e-01  6.845165e-01
 3.701646e-01  1.395491e+00  1.036543e+00  2.359094e-01
 2.421479e-01  1.239154e+00  1.934262e-01  5.519179e-01
 2.049265e-01  1.143982e+00  2.093880e-01  1.671196e-01
 2.166580e-01  1.184462e+00  5.684349e-01  5.707724e-01
 2.224937e-01  1.166868e+00  6.610045e-01  1.800324e-01
 1.394110e+00  9.846621e-01  3.082544e-01  3.334481e-01
 1.108851e+00  9.720035e-01  3.032659e-01  1.075486e+00
 8.020141e-01  8.011841e-01  1.055477e+00  8.754944e-01
 7.730303e-01  7.732258e-01  1.306808e+00  2.926046e-01
 9.982890e-01  7.481228e-01  2.325821e-01  5.305045e-01
 9.203527e-01  6.743241e-01  2.322031e-01  1.664128e-01
 9.084840e-01  7.769451e-01  7.000854e-01  5.657071e-01
 8.891212e-01  7.675993e-01  7.874621e-01  1.839091e-01
 1.689300e+00  3.613431e-01  2.926925e-01  3.233146e-01
 1.316722e+00  3.058017e-01  2.974182e-01  1.165826e+00
 1.056162e+00  2.904263e-01  1.070108e+00  9.076425e-01
 1.022305e+00  2.811173e-01  1.317988e+00  2.944818e-01
 1.244966e+00  2.599586e-01  2.381082e-01  5.615236e-01
 1.137086e+00  2.229485e-01  2.455107e-01  1.784104e-01
 1.233756e+00  2.881169e-01  7.267904e-01  5.831842e-01
 1.182631e+00  2.744471e-01  8.070117e-01  1.881925e-01
 1.977871e-01  5.869999e-01  2.562468e-01  1.037341e+00
 2.684258e-01  7.029167e-01  2.733981e-01  1.348114e+00
 1.829534e-01  5.502268e-01  9.004110e-01  8.319770e-01
 1.844229e-01  5.242497e-01  1.144394e+00  2.720689e-01
 2.507987e-01  6.072952e-01  1.900916e-01  6.613615e-01
 2.334822e-01  5.680487e-01  1.950788e-01  2.163368e-01
 2.468821e-01  5.998866e-01  5.808418e-01  6.015179e-01
 2.279667e-01  5.638584e-01  6.409798e-01  2.080547e-01
 2.172065e-01  1.853385e-01  3.059599e-01  1.115032e+00
 2.588279e-01  2.623986e-01  2.385281e-01  1.584839e+00
 1.852124e-01  1.832091e-01  8.337194e-01  7.860832e-01
 1.940948e-01  1.803544e-01  1.058853e+00  2.566910e-01
 2.295897e-01  1.801854e-01  1.976918e-01  6.803679e-01
 2.080882e-01  1.857623e-01  1.957766e-01  2.193293e-01
 2.189992e-01  1.934066e-01  5.649982e-01  5.938990e-01
 2.075136e-01  1.872952e-01  6.255660e-01  2.092115e-01
 3.118712e-01  3.067740e-01  1.011542e+00  1.423722e+00
 7.479367e-01  6.766019e-01  2.620034e-01  1.271279e+00
 3.080738e-01  3.186728e-01  1.393029e+00  9.120983e-01
 3.119070e-01  3.146729e-01  1.613349e+00  3.199372e-01
 6.894662e-01  4.897090e-01  2.048912e-01  6.847758e-01
 6.426079e-01  4.336148e-01  2.172196e-01  2.167583e-01
 6.638663e-01  4.941860e-01  5.949147e-01  6.071701e-01
 6.355826e-01  4.544712e-01  6.604382e-01  2.011869e-01
 5.916579e-01  1.857917e-01  5.968713e-01  1.181407e+00
 8.073030e-01  2.484596e-01  2.943361e-01  1.400426e+00
 5.925031e-01  1.865904e-01  9.935804e-01  8.169306e-01
 5.852125e-01  1.769053e-01  1.191758e+00  2.787233e-01
 7.364767e-01  1.692269e-01  2.192819e-01  7.344150e-01
 6.768715e-01  1.556649e-01  2.153986e-01  2.249144e-01
 7.157984e-01  1.874057e-01  6.370278e-01  6.234038e-01
 6.823002e-01  1.716533e-01  7.086805e-01  2.120847e-01
 9.225252e-01  1.407510e+00  2.820054e-01 -2.953619e-01
 2.828293e-01  1.023416e+00  5.504479e-01 -1.385098e+00
 2.765271e-01  9.482904e-01  1.061178e+00 -8.308303e-01
 2.666540e-01  9.161358e-01  1.248878e+00 -2.834389e-01
 5.957252e-01  1.025684e+00  2.017912e-01 -5.457990e-01
 4.971051e-01  9.283193e-01  2.157094e-01 -1.747445e-01
 3.906763e-01  9.268836e-01  6.300584e-01 -6.007229e-01
 3.634313e-01  8.863268e-01  7.183334e-01 -1.951213e-01
 3.517763e-01  1.703184e+00  2.809281e-01 -3.279742e-01
 3.323394e-01  1.361347e+00  2.355647e-01 -1.134976e+00
 4.105394e-01  1.476101e+00  7.805004e-01 -6.845165e-01
 3.701646e-01  1.395491e+00  1.036543e+00 -2.359094e-01
 2.421479e-01  1.239154e+00  1.934262e-01 -5.519179e-01
 2.049265e-01  1.143982e+00  2.093880e-01 -1.671196e-01
 2.166580e-01  1.184462e+00  5.684349e-01 -5.707724e-01
 2.224937e-01  1.166868e+00  6.610045e-01 -1.800324e-01
 1.394110e+00  9.846621e-01  3.082544e-01 -3.334481e-01
 1.108851e+00  9.720035e-01  3.032659e-01 -1.075486e+00
 8.020141e-01  8.011841e-01  1.055477e+00 -8.754944e-01
 7.730303e-01  7.732258e-01  1.306808e+00 -2.926046e-01
 9.982890e-01  7.481228e-01  2.325821e-01 -5.305045e-01
 9.203527e-01  6.743241e-01  2.322031e-01 -1.664128e-01
 9.084840e-01  7.769451e-01  7.000854e-01 -5.657071e-01
 8.891212e-01  7.675993e-01  7.874621e-01 -1.839091e-01
 1.689300e+00  3.613431e-01  2.926925e-01 -3.233146e-01
 1.316722e+00  3.058017e-01  2.974182e-01 -1.165826e+00
 1.056162e+00  2.904263e-01  1.070108e+00 -9.076425e-01
 1.022305e+00  2.811173e-01  1.317988e+00 -2.944818e-01
 1.244966e+00  2.599586e-01  2.381082e-01 -5.615236e-01
 1.137086e+00  2.229485e-01  2.455107e-01 -1.784104e-01
 1.233756e+00  2.881169e-01  7.267904e-01 -5.831842e-01
 1.182631e+00  2.744471e-01  8.070117e-01 -1.881925e-01
 1.977871e-01  5.869999e-01  2.562468e-01 -1.037341e+00
 2.684258e-01  7.029167e-01  2.733981e-01 -1.348114e+00
 1.829534e-01  5.502268e-01  9.004110e-01 -8.319770e-01
 1.844229e-01  5.242497e-01  1.144394e+00 -2.720689e-01
 2.507987e-01  6.072952e-01  1.900916e-01 -6.613615e-01
 2.334822e-01  5.680487e-01  1.950788e-01 -2.163368e-01
 2.468821e-01  5.998866e-01  5.808418e-01 -6.015179e-01
 2.279667e-01  5.638584e-01  6.409798e-01 -2.080547e-01
 2.172065e-01  1.853385e-01  3.059599e-01 -1.115032e+00
 2.588279e-01  2.623986e-01  2.385281e-01 -1.584839e+00
 1.852124e-01  1.832091e-01  8.337194e-01 -7.860832e-01
 1.940948e-01  1.803544e-01  1.058853e+00 -2.566910e-01
 2.295897e-01  1.801854e-01  1.976918e-01 -6.803679e-01
 2.080882e-01  1.857623e-01  1.957766e-01 -2.193293e-01
 2.189992e-01  1.934066e-01  5.649982e-01 -5.938990e-01
 2.075136e-01  1.872952e-01  6.255660e-01 -2.092115e-01
 3.118712e-01  3.067740e-01  1.011542e+00 -1.423722e+00
 7.479367e-01  6.766019e-01  2.620034e-01 -1.271279e+00
 3.080738e-01  3.186728e-01  1.393029e+00 -9.120983e-01
 3.119070e-01  3.146729e-01  1.613349e+00 -3.199372e-01
 6.894662e-01  4.897090e-01  2.048912e-01 -6.847758e-01
 6.426079e-01  4.336148e-01  2.172196e-01 -2.167583e-01
 6.638663e-01  4.941860e-01  5.949147e-01 -6.071701e-01
 6.355826e-01  4.544712e-01  6.604382e-01 -2.011869e-01
 5.916579e-01  1.857917e-01  5.968713e-01 -1.181407e+00
 8.073030e-01  2.484596e-01  2.943361e-01 -1.400426e+00
 5.925031e-01  1.865904e-01  9.935804e-01 -8.169306e-01
 5.852125e-01  1.769053e-01  1.191758e+00 -2.787233e-01
 7.364767e-01  1.692269e-01  2.192819e-01 -7.344150e-01
 6.768715e-01  1.556649e-01  2.153986e-01 -2.249144e-01
 7.157984e-01  1.874057e-01  6.370278e-01 -6.234038e-01
 6.823002e-01  1.716533e-01  7.086805e-01 -2.120847e-01
 9.225252e-01  1.407510e+00 -2.820054e-01  2.953619e-01
 2.828293e-01  1.023416e+00 -5.504479e-01  1.385098e+00
 2.765271e-01  9.482904e-01 -1.061178e+00  8.308303e-01
 2.666540e-01  9.161358e-01 -1.248878e+00  2.834389e-01
 5.957252e-01  1.025684e+00 -2.017912e-01  5.457990e-01
 4.971051e-01  9.283193e-01 -2.157094e-01  1.747445e-01
 3.906763e-01  9.268836e-01 -6.300584e-01  6.007229e-01
 3.634313e-01  8.863268e-01 -7.183334e-01  1.951213e-01
 3.517763e-01  1.703184e+00 -2.809281e-01  3.279742e-01
 3.323394e-01  1.361347e+00 -2.355647e-01  1.134976e+00
 4.105394e-01  1.476101e+00 -7.805004e-01  6.845165e-01
 3.701646e-01  1.395491e+00 -1.036543e+00  2.359094e-01
 2.421479e-01  1.239154e+00 -1.934262e-01  5.519179e-01
 2.049265e-01  1.143982e+00 -2.093880e-01  1.671196e-01
 2.166580e-01  1.184462e+00 -5.684349e-01  5.707724e-01
 2.224937e-01  1.166868e+00 -6.610045e-01  1.800324e-01
 1.394110e+00  9.846621e-01 -3.082544e-01  3.334481e-01
 1.108851e+00  9.720035e-01 -3.032659e-01  1.075486e+00
 8.020141e-01  8.011841e-01 -1.055477e+00  8.754944e-01
 7.730303e-01  7.732258e-01 -1.306808e+00  2.926046e-01
 9.982890e-01  7.481228e-01 -2.325821e-01  5.305045e-01
 9.203527e-01  6.743241e-01 -2.322031e-01  1.664128e-01
 9.084840e-01  7.769451e-01 -7.000854e-01  5.657071e-01
 8.891212e-01  7.675993e-01 -7.874621e-01  1.839091e-01
 1.689300e+00  3.613431e-01 -2.926925e-01  3.233146e-01
 1.316722e+00  3.058017e-01 -2.974182e-01  1.165826e+00
 1.056162e+00  2.904263e-01 -1.070108e+00  9.076425e-01
 1.022305e+00  2.811173e-01 -1.317988e+00  2.944818e-01
 1.244966e+00  2.599586e-01 -2.381082e-01  5.615236e-01
 1.137086e+00  2.229485e-01 -2.455107e-01  1.784104e-01
 1.233756e+00  2.881169e-01 -7.267904e-01  5.831842e-01
 1.182631e+00  2.744471e-01 -8.070117e-01  1.881925e-01
 1.977871e-01  5.869999e-01 -2.562468e-01  1.037341e+00
 2.684258e-01  7.029167e-01 -2.733981e-01  1.348114e+00
 1.829534e-01  5.502268e-01 -9.004110e-01  8.319770e-01
 1.844229e-01  5.242497e-01 -1.144394e+00  2.720689e-01
 2.507987e-01  6.072952e-01 -1.900916e-01  6.613615e-01
 2.334822e-01  5.680487e-01 -1.950788e-01  2.163368e-01
 2.468821e-01  5.998866e-01 -5.808418e-01  6.015179e-01
 2.279667e-01  5.638584e-01 -6.409798e-01  2.080547e-01
 2.172065e-01  1.853385e-01 -3.059599e-01  1.115032e+00
 2.588279e-01  2.623986e-01 -2.385281e-01  1.584839e+00
 1.852124e-01  1.832091e-01 -8.337194e-01  7.860832e-01
 1.940948e-01  1.803544e-01 -1.058853e+00  2.566910e-01
 2.295897e-01  1.801854e-01 -1.976918e-01  6.803679e-01
 2.080882e-01  1.857623e-01 -1.957766e-01  2.193293e-01
 2.189992e-01  1.934066e-01 -5.649982e-01  5.938990e-01
 2.075136e-01  1.872952e-01 -6.255660e-01  2.092115e-01
 3.118712e-01  3.067740e-01 -1.011542e+00  1.423722e+00
 7.479367e-01  6.766019e-01 -2.620034e-01  1.271279e+00
 3.080738e-01  3.186728e-01 -1.393029e+00  9.120983e-01
 3.119070e-01  3.146729e-01 -1.613349e+00  3.199372e-01
 6.894662e-01  4.897090e-01 -2.048912e-01  6.847758e-01
 6.426079e-01  4.336148e-01 -2.172196e-01  2.167583e-01
 6.638663e-01  4.941860e-01 -5.949147e-01  6.071701e-01
 6.355826e-01  4.544712e-01 -6.604382e-01  2.011869e-01
 5.916579e-01  1.857917e-01 -5.968713e-01  1.181407e+00
 8.073030e-01  2.484596e-01 -2.943361e-01  1.400426e+00
 5.925031e-01  1.865904e-01 -9.935804e-01  8.169306e-01
 5.852125e-01  1.769053e-01 -1.191758e+00  2.787233e-01
 7.364767e-01  1.692269e-01 -2.192819e-01  7.344150e-01
 6.768715e-01  1.556649e-01 -2.153986e-01  2.249144e-01
 7.157984e-01  1.874057e-01 -6.370278e-01  6.234038e-01
 6.823002e-01  1.716533e-01 -7.086805e-01  2.120847e-01
 9.225252e-01  1.407510e+00 -2.820054e-01 -2.953619e-01
 2.828293e-01  1.023416e+00 -5.504479e-01 -1.385098e+00
 2.765271e-01  9.482904e-01 -1.061178e+00 -8.308303e-01
 2.666540e-01  9.161358e-01 -1.248878e+00 -2.834389e-01
 5.957252e-01  1.025684e+00 -2.017912e-01 -5.457990e-01
 4.971051e-01  9.283193e-01 -2.157094e-01 -1.747445e-01
 3.906763e-01  9.268836e-01 -6.300584e-01 -6.007229e-01
 3.634313e-01  8.863268e-01 -7.183334e-01 -1.951213e-01
 3.517763e-01  1.703184e+00 -2.809281e-01 -3.279742e-01
 3.323394e-01  1.361347e+00 -2.355647e-01 -1.134976e+00
 4.105394e-01  1.476101e+00 -7.805004e-01 -6.845165e-01
 3.701646e-01  1.395491e+00 -1.036543e+00 -2.359094e-01
 2.421479e-01  1.239154e+00 -1.934262e-01 -5.519179e-01
 2.049265e-01  1.143982e+00 -2.093880e-01 -1.671196e-01
 2.166580e-01  1.184462e+00 -5.684349e-01 -5.707724e-01
 2.224937e-01  1.166868e+00 -6.610045e-01 -1.800324e-01
 1.394110e+00  9.846621e-01 -3.082544e-01 -3.334481e-01
 1.108851e+00  9.720035e-01 -3.032659e-01 -1.075486e+00
 8.020141e-01  8.011841e-01 -1.055477e+00 -8.754944e-01
 7.730303e-01  7.732258e-01 -1.306808e+00 -2.926046e-01
 9.982890e-01  7.481228e-01 -2.325821e-01 -5.305045e-01
 9.203527e-01  6.743241e-01 -2.322031e-01 -1.664128e-01
 9.084840e-01  7.769451e-01 -7.000854e-01 -5.657071e-01
 8.891212e-01  7.675993e-01 -7.874621e-01 -1.839091e-01
 1.689300e+00  3.613431e-01 -2.926925e-01 -3.233146e-01
 1.316722e+00  3.058017e-01 -2.974182e-01 -1.165826e+00
 1.056162e+00  2.904263e-01 -1.070108e+00 -9.076425e-01
 1.022305e+00  2.811173e-01 -1.317988e+00 -2.944818e-01
 1.244966e+00  2.599586e-01 -2.381082e-01 -5.615236e-01
 1.137086e+00  2.229485e-01 -2.455107e-01 -1.784104e-01
 1.233756e+00  2.881169e-01 -7.267904e-01 -5.831842e-01
 1.182631e+00  2.744471e-01 -8.070117e-01 -1.881925e-01
 1.977871e-01  5.869999e-01 -2.562468e-01 -1.037341e+00
 2.684258e-01  7.029167e-01 -2.733981e-01 -1.348114e+00
 1.829534e-01  5.502268e-01 -9.004110e-01 -8.319770e-01
 1.844229e-01  5.242497e-01 -1.144394e+00 -2.720689e-01
 2.507987e-01  6.072952e-01 -1.900916e-01 -6.613615e-01
 2.334822e-01  5.680487e-01 -1.950788e-01 -2.163368e-01
 2.468821e-01  5.998866e-01 -5.808418e-01 -6.015179e-01
 2.279667e-01  5.638584e-01 -6.409798e-01 -2.080547e-01
 2.172065e-01  1.853385e-01 -3.059599e-01 -1.115032e+00
 2.588279e-01  2.623986e-01 -2.385281e-01 -1.584839e+00
 1.852124e-01  1.832091e-01 -8.337194e-01 -7.860832e-01
 1.940948e-01  1.803544e-01 -1.058853e+00 -2.566910e-01
 2.295897e-01  1.801854e-01 -1.976918e-01 -6.803679e-01
 2.080882e-01  1.857623e-01 -1.957766e-01 -2.193293e-01
 2.189992e-01  1.934066e-01 -5.649982e-01 -5.938990e-01
 2.075136e-01  1.872952e-01 -6.255660e-01 -2.092115e-01
 3.118712e-01  3.067740e-01 -1.011542e+00 -1.423722e+00
 7.479367e-01  6.766019e-01 -2.620034e-01 -1.271279e+00
 3.080738e-01  3.186728e-01 -1.393029e+00 -9.120983e-01
 3.119070e-01  3.146729e-01 -1.613349e+00 -3.199372e-01
 6.894662e-01  4.897090e-01 -2.048912e-01 -6.847758e-01
 6.426079e-01  4.336148e-01 -2.172196e-01 -2.167583e-01
 6.638663e-01  4.941860e-01 -5.949147e-01 -6.071701e-01
 6.355826e-01  4.544712e-01 -6.604382e-01 -2.011869e-01
 5.916579e-01  1.857917e-01 -5.968713e-01 -1.181407e+00
 8.073030e-01  2.484596e-01 -2.943361e-01 -1.400426e+00
 5.925031e-01  1.865904e-01 -9.935804e-01 -8.169306e-01
 5.852125e-01  1.769053e-01 -1.191758e+00 -2.787233e-01
 7.364767e-01  1.692269e-01 -2.192819e-01 -7.344150e-01
 6.768715e-01  1.556649e-01 -2.153986e-01 -2.249144e-01
 7.157984e-01  1.874057e-01 -6.370278e-01 -6.234038e-01
 6.823002e-01  1.716533e-01 -7.086805e-01 -2.120847e-01
 9.225252e-01 -1.407510e+00  2.820054e-01  2.953619e-01
 2.828293e-01 -1.023416e+00  5.504479e-01  1.385098e+00
 2.765271e-01 -9.482904e-01  1.061178e+00  8.308303e-01
 2.666540e-01 -9.161358e-01  1.248878e+00  2.834389e-01
 5.957252e-01 -1.025684e+00  2.017912e-01  5.457990e-01
 4.971051e-01 -9.283193e-01  2.157094e-01  1.747445e-01
 3.906763e-01 -9.268836e-01  6.300584e-01  6.007229e-01
 3.634313e-01 -8.863268e-01  7.183334e-01  1.951213e-01
 3.517763e-01 -1.703184e+00  2.809281e-01  3.279742e-01
 3.323394e-01 -1.361347e+00  2.355647e-01  1.134976e+00
 4.105394e-01 -1.476101e+00  7.805004e-01  6.845165e-01
 3.701646e-01 -1.395491e+00  1.036543e+00  2.359094e-01
 2.421479e-01 -1.239154e+00  1.934262e-01  5.519179e-01
 2.049265e-01 -1.143982e+00  2.093880e-01  1.671196e-01
 2.166580e-01 -1.184462e+00  5.684349e-01  5.707724e-01
 2.224937e-01 -1.166868e+00  6.610045e-01  1.800324e-01
 1.394110e+00 -9.846621e-01  3.082544e-01  3.334481e-01
 1.108851e+00 -9.720035e-01  3.032659e-01  1.075486e+00
 8.020141e-01 -8.011841e-01  1.055477e+00  8.754944e-01
 7.730303e-01 -7.732258e-01  1.306808e+00  2.926046e-01
 9.982890e-01 -7.481228e-01  2.325821e-01  5.305045e-01
 9.203527e-01 -6.743241e-01  2.322031e-01  1.664128e-01
 9.084840e-01 -7.769451e-01  7.000854e-01  5.657071e-01
 8.891212e-01 -7.675993e-01  7.874621e-01  1.839091e-01
 1.689300e+00 -3.613431e-01  2.926925e-01  3.233146e-01
 1.316722e+00 -3.058017e-01  2.974182e-01  1.165826e+00
 1.056162e+00 -2.904263e-01  1.070108e+00  9.076425e-01
 1.022305e+00 -2.811173e-01  1.317988e+00  2.944818e-01
 1.244966e+00 -2.599586e-01  2.381082e-01  5.615236e-01
 1.137086e+00 -2.229485e-01  2.455107e-01  1.784104e-01
 1.233756e+00 -2.881169e-01  7.267904e-01  5.831842e-01
 1.182631e+00 -2.744471e-01  8.070117e-01  1.881925e-01
 1.977871e-01 -5.869999e-01  2.562468e-01  1.037341e+00
 2.684258e-01 -7.029167e-01  2.733981e-01  1.348114e+00
 1.829534e-01 -5.502268e-01  9.004110e-01  8.319770e-01
 1.844229e-01 -5.242497e-01  1.144394e+00  2.720689e-01
 2.507987e-01 -6.072952e-01  1.900916e-01  6.613615e-01
 2.334822e-01 -5.680487e-01  1.950788e-01  2.163368e-01
 2.468821e-01 -5.998866e-01  5.808418e-01  6.015179e-01
 2.279667e-01 -5.638584e-01  6.409798e-01  2.080547e-01
 2.172065e-01 -1.853385e-01  3.059599e-01  1.115032e+00
 2.588279e-01 -2.623986e-01  2.385281e-01  1.584839e+00
 1.852124e-01 -1.832091e-01  8.337194e-01  7.860832e-01
 1.940948e-01 -1.803544e-01  1.058853e+00  2.566910e-01
 2.295897e-01 -1.801854e-01  1.976918e-01  6.803679e-01
 2.080882e-01 -1.857623e-01  1.957766e-01  2.193293e-01
 2.189992e-01 -1.934066e-01  5.649982e-01  5.938990e-01
 2.075136e-01 -1.872952e-01  6.255660e-01  2.092115e-01
 3.118712e-01 -3.067740e-01  1.011542e+00  1.423722e+00
 7.479367e-01 -6.766019e-01  2.620034e-01  1.271279e+00
 3.080738e-01 -3.186728e-01  1.393029e+00  9.120983e-01
 3.119070e-01 -3.146729e-01  1.613349e+00  3.199372e-01
 6.894662e-01 -4.897090e-01  2.048912e-01  6.847758e-01
 6.426079e-01 -4.336148e-01  2.172196e-01  2.167583e-01
 6.638663e-01 -4.941860e-01  5.949147e-01  6.071701e-01
 6.355826e-01 -4.544712e-01  6.604382e-01  2.011869e-01
 5.916579e-01 -1.857917e-01  5.968713e-01  1.181407e+00
 8.073030e-01 -2.484596e-01  2.943361e-01  1.400426e+00
 5.925031e-01 -1.865904e-01  9.935804e-01  8.169306e-01
 5.852125e-01 -1.769053e-01  1.191758e+00  2.787233e-01
 7.364767e-01 -1.692269e-01  2.192819e-01  7.344150e-01
 6.768715e-01 -1.556649e-01  2.153986e-01  2.249144e-01
 7.157984e-01 -1.874057e-01  6.370278e-01  6.234038e-01
 6.823002e-01 -1.716533e-01  7.086805e-01  2.120847e-01
 9.225252e-01 -1.407510e+00  2.820054e-01 -2.953619e-01
 2.828293e-01 -1.023416e+00  5.504479e-01 -1.385098e+00
 2.765271e-01 -9.482904e-01  1.061178e+00 -8.308303e-01
 2.666540e-01 -9.161358e-01  1.248878e+00 -2.834389e-01
 5.957252e-01 -1.025684e+00  2.017912e-01 -5.457990e-01
 4.971051e-01 -9.283193e-01  2.157094e-01 -1.747445e-01
 3.906763e-01 -9.268836e-01  6.300584e-01 -6.007229e-01
 3.634313e-01 -8.863268e-01  7.183334e-01 -1.951213e-01
 3.517763e-01 -1.703184e+00  2.809281e-01 -3.279742e-01
 3.323394e-01 -1.361347e+00  2.355647e-01 -1.134976e+00
 4.105394e-01 -1.476101e+00  7.805004e-01 -6.845165e-01
 3.701646e-01 -1.395491e+00  1.036543e+00 -2.359094e-01
 2.421479e-01 -1.239154e+00  1.934262e-01 -5.519179e-01
 2.049265e-01 -1.143982e+00  2.093880e-01 -1.671196e-01
 2.166580e-01 -1.184462e+00  5.684349e-01 -5.707724e-01
 2.224937e-01 -1.166868e+00  6.610045e-01 -1.800324e-01
 1.394110e+00 -9.846621e-01  3.082544e-01 -3.334481e-01
 1.108851e+00 -9.720035e-01  3.032659e-01 -1.075486e+00
 8.020141e-01 -8.011841e-01  1.055477e+00 -8.754944e-01
 7.730303e-01 -7.732258e-01  1.306808e+00 -2.926046e-01
 9.982890e-01 -7.481228e-01  2.325821e-01 -5.305045e-01
 9.203527e-01 -6.743241e-01  2.322031e-01 -1.664128e-01
 9.084840e-01 -7.769451e-01  7.000854e-01 -5.657071e-01
 8.891212e-01 -7.675993e-01  7.874621e-01 -1.839091e-01
 1.689300e+00 -3.613431e-01  2.926925e-01 -3.233146e-01
 1.316722e+00 -3.058017e-01  2.974182e-01 -1.165826e+00
 1.056162e+00 -2.904263e-01  1.070108e+00 -9.076425e-01
 1.022305e+00 -2.811173e-01  1.317988e+00 -2.944818e-01
 1.244966e+00 -2.599586e-01  2.381082e-01 -5.615236e-01
 1.137086e+00 -2.229485e-01  2.455107e-01 -1.784104e-01
 1.233756e+00 -2.881169e-01  7.267904e-01 -5.831842e-01
 1.182631e+00 -2.744471e-01  8.070117e-01 -1.881925e-01
 1.977871e-01 -5.869999e-01  2.562468e-01 -1.037341e+00
 2.684258e-01 -7.029167e-01  2.733981e-01 -1.348114e+00
 1.829534e-01 -5.502268e-01  9.004110e-01 -8.319770e-01
 1.844229e-01 -5.242497e-01  1.144394e+00 -2.720689e-01
 2.507987e-01 -6.072952e-01  1.900916e-01 -6.613615e-01
 2.334822e-01 -5.680487e-01  1.950788e-01 -2.163368e-01
 2.468821e-01 -5.998866e-01  5.808418e-01 -6.015179e-01
 2.279667e-01 -5.638584e-01  6.409798e-01 -2.080547e-01
 2.172065e-01 -1.853385e-01  3.059599e-01 -1.115032e+00
 2.588279e-01 -2.623986e-01  2.385281e-01 -1.584839e+00
 1.852124e-01 -1.832091e-01  8.337194e-01 -7.860832e-01
 1.940948e-01 -1.803544e-01  1.058853e+00 -2.566910e-01
 2.295897e-01 -1.801854e-01  1.976918e-01 -6.803679e-01
 2.080882e-01 -1.857623e-01  1.957766e-01 -2.193293e-01
 2.189992e-01 -1.934066e-01  5.649982e-01 -5.938990e-01
 2.075136e-01 -1.872952e-01  6.255660e-01 -2.092115e-01
 3.118712e-01 -3.067740e-01  1.011542e+00 -1.423722e+00
 7.479367e-01 -6.766019e-01  2.620034e-01 -1.271279e+00
 3.080738e-01 -3.186728e-01  1.393029e+00 -9.120983e-01
 3.119070e-01 -3.146729e-01  1.613349e+00 -3.199372e-01
 6.894662e-01 -4.897090e-01  2.048912e-01 -6.847758e-01
 6.426079e-01 -4.336148e-01  2.172196e-01 -2.167583e-01
 6.638663e-01 -4.941860e-01  5.949147e-01 -6.071701e-01
 6.355826e-01 -4.544712e-01  6.604382e-01 -2.011869e-01
 5.916579e-01 -1.857917e-01  5.968713e-01 -1.181407e+00
 8.073030e-01 -2.484596e-01  2.943361e-01 -1.400426e+00
 5.925031e-01 -1.865904e-01  9.935804e-01 -8.169306e-01
 5.852125e-01 -1.769053e-01  1.191758e+00 -2.787233e-01
 7.364767e-01 -1.692269e-01  2.192819e-01 -7.344150e-01
 6.768715e-01 -1.556649e-01  2.153986e-01 -2.249144e-01
 7.157984e-01 -1.874057e-01  6.370278e-01 -6.234038e-01
 6.823002e-01 -1.716533e-01  7.086805e-01 -2.120847e-01
 9.225252e-01 -1.407510e+00 -2.820054e-01  2.953619e-01
 2.828293e-01 -1.023416e+00 -5.504479e-01  1.385098e+00
 2.765271e-01 -9.482904e-01 -1.061178e+00  8.308303e-01
 2.666540e-01 -9.161358e-01 -1.248878e+00  2.834389e-01
 5.957252e-01 -1.025684e+00 -2.017912e-01  5.457990e-01
 4.971051e-01 -9.283193e-01 -2.157094e-01  1.747445e-01
 3.906763e-01 -9.268836e-01 -6.300584e-01  6.007229e-01
 3.634313e-01 -8.863268e-01 -7.183334e-01  1.951213e-01
 3.517763e-01 -1.703184e+00 -2.809281e-01  3.279742e-01
 3.323394e-01 -1.361347e+00 -2.355647e-01  1.134976e+00
 4.105394e-01 -1.476101e+00 -7.805004e-01  6.845165e-01
 3.701646e-01 -1.395491e+00 -1.036543e+00  2.359094e-01
 2.421479e-01 -1.239154e+00 -1.934262e-01  5.519179e-01
 2.049265e-01 -1.143982e+00 -2.093880e-01  1.671196e-01
 2.166580e-01 -1.184462e+00 -5.684349e-01  5.707724e-01
 2.224937e-01 -1.166868e+00 -6.610045e-01  1.800324e-01
 1.394110e+00 -9.846621e-01 -3.082544e-01  3.334481e-01
 1.108851e+00 -9.720035e-01 -3.032659e-01  1.075486e+00
 8.020141e-01 -8.011841e-01 -1.055477e+00  8.754944e-01
 7.730303e-01 -7.732258e-01 -1.306808e+00  2.926046e-01
 9.982890e-01 -7.481228e-01 -2.325821e-01  5.305045e-01
 9.203527e-01 -6.743241e-01 -2.322031e-01  1.664128e-01
 9.084840e-01 -7.769451e-01 -7.000854e-01  5.657071e-01
 8.891212e-01 -7.675993e-01 -7.874621e-01  1.839091e-01
 1.689300e+00 -3.613431e-01 -2.926925e-01  3.233146e-01
 1.316722e+00 -3.058017e-01 -2.974182e-01  1.165826e+00
 1.056162e+00 -2.904263e-01 -1.070108e+00  9.076425e-01
 1.022305e+00 -2.811173e-01 -1.317988e+00  2.944818e-01
 1.244966e+00 -2.599586e-01 -2.381082e-01  5.615236e-01
 1.137086e+00 -2.229485e-01 -2.455107e-01  1.784104e-01
 1.233756e+00 -2.881169e-01 -7.267904e-01  5.831842e-01
 1.182631e+00 -2.744471e-01 -8.070117e-01  1.881925e-01
 1.977871e-01 -5.869999e-01 -2.562468e-01  1.037341e+00
 2.684258e-01 -7.029167e-01 -2.733981e-01  1.348114e+00
 1.829534e-01 -5.502268e-01 -9.004110e-01  8.319770e-01
 1.844229e-01 -5.242497e-01 -1.144394e+00  2.720689e-01
 2.507987e-01 -6.072952e-01 -1.900916e-01  6.613615e-01
 2.334822e-01 -5.680487e-01 -1.950788e-01  2.163368e-01
 2.468821e-01 -5.998866e-01 -5.808418e-01  6.015179e-01
 2.279667e-01 -5.638584e-01 -6.409798e-01  2.080547e-01
 2.172065e-01 -1.853385e-01 -3.059599e-01  1.115032e+00
 2.588279e-01 -2.623986e-01 -2.385281e-01  1.584839e+00
 1.852124e-01 -1.832091e-01 -8.337194e-01  7.860832e-01
 1.940948e-01 -1.803544e-01 -1.058853e+00  2.566910e-01
 2.295897e-01 -1.801854e-01 -1.976918e-01  6.803679e-01
 2.080882e-01 -1.857623e-01 -1.957766e-01  2.193293e-01
 2.189992e-01 -1.934066e-01 -5.649982e-01  5.938990e-01
 2.075136e-01 -1.872952e-01 -6.255660e-01  2.092115e-01
 3.118712e-01 -3.067740e-01 -1.011542e+00  1.423722e+00
 7.479367e-01 -6.766019e-01 -2.620034e-01  1.271279e+00
 3.080738e-01 -3.186728e-01 -1.393029e+00  9.120983e-01
 3.119070e-01 -3.146729e-01 -1.613349e+00  3.199372e-01
 6.894662e-01 -4.897090e-01 -2.048912e-01  6.847758e-01
 6.426079e-01 -4.336148e-01 -2.172196e-01  2.167583e-01
 6.638663e-01 -4.941860e-01 -5.949147e-01  6.071701e-01
 6.355826e-01 -4.544712e-01 -6.604382e-01  2.011869e-01
 5.916579e-01 -1.857917e-01 -5.968713e-01  1.181407e+00
 8.073030e-01 -2.484596e-01 -2.943361e-01  1.400426e+00
 5.925031e-01 -1.865904e-01 -9.935804e-01  8.169306e-01
 5.852125e-01 -1.769053e-01 -1.191758e+00  2.787233e-01
 7.364767e-01 -1.692269e-01 -2.192819e-01  7.344150e-01
 6.768715e-01 -1.556649e-01 -2.153986e-01  2.249144e-01
 7.157984e-01 -1.874057e-01 -6.370278e-01  6.234038e-01
 6.823002e-01 -1.716533e-01 -7.086805e-01  2.120847e-01
 9.225252e-01 -1.407510e+00 -2.820054e-01 -2.953619e-01
 2.828293e-01 -1.023416e+00 -5.504479e-01 -1.385098e+00
 2.765271e-01 -9.482904e-01 -1.061178e+00 -8.308303e-01
 2.666540e-01 -9.161358e-01 -1.248878e+00 -2.834389e-01
 5.957252e-01 -1.025684e+00 -2.017912e-01 -5.457990e-01
 4.971051e-01 -9.283193e-01 -2.157094e-01 -1.747445e-01
 3.906763e-01 -9.268836e-01 -6.300584e-01 -6.007229e-01
 3.634313e-01 -8.863268e-01 -7.183334e-01 -1.951213e-01
 3.517763e-01 -1.703184e+00 -2.809281e-01 -3.279742e-01
 3.323394e-01 -1.361347e+00 -2.355647e-01 -1.134976e+00
 4.105394e-01 -1.476101e+00 -7.805004e-01 -6.845165e-01
 3.701646e-01 -1.395491e+00 -1.036543e+00 -2.359094e-01
 2.421479e-01 -1.239154e+00 -1.934262e-01 -5.519179e-01
 2.049265e-01 -1.143982e+00 -2.093880e-01 -1.671196e-01
 2.166580e-01 -1.184462e+00 -5.684349e-01 -5.707724e-01
 2.224937e-01 -1.166868e+00 -6.610045e-01 -1.800324e-01
 1.394110e+00 -9.846621e-01 -3.082544e-01 -3.334481e-01
 1.108851e+00 -9.720035e-01 -3.032659e-01 -1.075486e+00
 8.020141e-01 -8.011841e-01 -1.055477e+00 -8.754944e-01
 7.730303e-01 -7.732258e-01 -1.306808e+00 -2.926046e-01
 9.982890e-01 -7.481228e-01 -2.325821e-01 -5.305045e-01
 9.203527e-01 -6.743241e-01 -2.322031e-01 -1.664128e-01
 9.084840e-01 -7.769451e-01 -7.000854e-01 -5.657071e-01
 8.891212e-01 -7.675993e-01 -7.874621e-01 -1.839091e-01
 1.689300e+00 -3.613431e-01 -2.926925e-01 -3.233146e-01
 1.316722e+00 -3.058017e-01 -2.974182e-01 -1.165826e+00
 1.056162e+00 -2.904263e-01 -1.070108e+00 -9.076425e-01
 1.022305e+00 -2.811173e-01 -1.317988e+00 -2.944818e-01
 1.244966e+00 -2.599586e-01 -2.381082e-01 -5.615236e-01
 1.137086e+00 -2.229485e-01 -2.455107e-01 -1.784104e-01
 1.233756e+00 -2.881169e-01 -7.267904e-01 -5.831842e-01
 1.182631e+00 -2.744471e-01 -8.070117e-01 -1.881925e-01
 1.977871e-01 -5.869999e-01 -2.562468e-01 -1.037341e+00
 2.684258e-01 -7.029167e-01 -2.733981e-01 -1.348114e+00
 1.829534e-01 -5.502268e-01 -9.004110e-01 -8.319770e-01
 1.844229e-01 -5.242497e-01 -1.144394e+00 -2.720689e-01
 2.507987e-01 -6.072952e-01 -1.900916e-01 -6.613615e-01
 2.334822e-01 -5.680487e-01 -1.950788e-01 -2.163368e-01
 2.468821e-01 -5.998866e-01 -5.808418e-01 -6.015179e-01
 2.279667e-01 -5.638584e-01 -6.409798e-01 -2.080547e-01
 2.172065e-01 -1.853385e-01 -3.059599e-01 -1.115032e+00
 2.588279e-01 -2.623986e-01 -2.385281e-01 -1.584839e+00
 1.852124e-01 -1.832091e-01 -8.337194e-01 -7.860832e-01
 1.940948e-01 -1.803544e-01 -1.058853e+00 -2.566910e-01
 2.295897e-01 -1.801854e-01 -1.976918e-01 -6.803679e-01
 2.080882e-01 -1.857623e-01 -1.957766e-01 -2.193293e-01
 2.189992e-01 -1.934066e-01 -5.649982e-01 -5.938990e-01
 2.075136e-01 -1.872952e-01 -6.255660e-01 -2.092115e-01
 3.118712e-01 -3.067740e-01 -1.011542e+00 -1.423722e+00
 7.479367e-01 -6.766019e-01 -2.620034e-01 -1.271279e+00
 3.080738e-01 -3.186728e-01 -1.393029e+00 -9.120983e-01
 3.119070e-01 -3.146729e-01 -1.613349e+00 -3.199372e-01
 6.894662e-01 -4.897090e-01 -2.048912e-01 -6.847758e-01
 6.426079e-01 -4.336148e-01 -2.172196e-01 -2.167583e-01
 6.638663e-01 -4.941860e-01 -5.949147e-01 -6.071701e-01
 6.355826e-01 -4.544712e-01 -6.604382e-01 -2.011869e-01
 5.916579e-01 -1.857917e-01 -5.968713e-01 -1.181407e+00
 8.073030e-01 -2.484596e-01 -2.943361e-01 -1.400426e+00
 5.925031e-01 -1.865904e-01 -9.935804e-01 -8.169306e-01
 5.852125e-01 -1.769053e-01 -1.191758e+00 -2.787233e-01
 7.364767e-01 -1.692269e-01 -2.192819e-01 -7.344150e-01
 6.768715e-01 -1.556649e-01 -2.153986e-01 -2.249144e-01
 7.157984e-01 -1.874057e-01 -6.370278e-01 -6.234038e-01
 6.823002e-01 -1.716533e-01 -7.086805e-01 -2.120847e-01
-9.225252e-01  1.407510e+00  2.820054e-01  2.953619e-01
-2.828293e-01  1.023416e+00  5.504479e-01  1.385098e+00
-2.765271e-01  9.482904e-01  1.061178e+00  8.308303e-01
-2.666540e-01  9.161358e-01  1.248878e+00  2.834389e-01
-5.957252e-01  1.025684e+00  2.017912e-01  5.457990e-01
-4.971051e-01  9.283193e-01  2.157094e-01  1.747445e-01
-3.906763e-01  9.268836e-01  6.300584e-01  6.007229e-01
-3.634313e-01  8.863268e-01  7.183334e-01  1.951213e-01
-3.517763e-01  1.703184e+00  2.809281e-01  3.279742e-01
-3.323394e-01  1.361347e+00  2.355647e-01  1.134976e+00
-4.105394e-01  1.476101e+00  7.805004e-01  6.845165e-01
-3.701646e-01  1.395491e+00  1.036543e+00  2.359094e-01
-2.421479e-01  1.239154e+00  1.934262e-01  5.519179e-01
-2.049265e-01  1.143982e+00  2.093880e-01  1.671196e-01
-2.166580e-01  1.184462e+00  5.684349e-01  5.707724e-01
-2.224937e-01  1.166868e+00  6.610045e-01  1.800324e-01
-1.394110e+00  9.846621e-01  3.082544e-01  3.334481e-01
-1.108851e+00  9.720035e-01  3.032659e-01  1.075486e+00
-8.020141e-01  8.011841e-01  1.055477e+00  8.754944e-01
-7.730303e-01  7.732258e-01  1.306808e+00  2.926046e-01
-9.982890e-01  7.481228e-01  2.325821e-01  5.305045e-01
-9.203527e-01  6.743241e-01  2.322031e-01  1.664128e-01
-9.084840e-01  7.769451e-01  7.000854e-01  5.657071e-01
-8.891212e-01  7.675993e-01  7.874621e-01  1.839091e-01
-1.689300e+00  3.613431e-01  2.926925e-01  3.233146e-01
-1.316722e+00  3.058017e-01  2.974182e-01  1.165826e+00
-1.056162e+00  2.904263e-01  1.070108e+00  9.076425e-01
-1.022305e+00  2.811173e-01  1.317988e+00  2.944818e-01
-1.244966e+00  2.599586e-01  2.381082e-01  5.615236e-01
-1.137086e+00  2.229485e-01  2.455107e-01  1.784104e-01
-1.233756e+00  2.881169e-01  7.267904e-01  5.831842e-01
-1.182631e+00  2.744471e-01  8.070117e-01  1.881925e-01
-1.977871e-01  5.869999e-01  2.562468e-01  1.037341e+00
-2.684258e-01  7.029167e-01  2.733981e-01  1.348114e+00
-1.829534e-01  5.502268e-01  9.004110e-01  8.319770e-01
-1.844229e-01  5.242497e-01  1.144394e+00  2.720689e-01
-2.507987e-01  6.072952e-01  1.900916e-01  6.613615e-01
-2.334822e-01  5.680487e-01  1.950788e-01  2.163368e-01
-2.468821e-01  5.998866e-01  5.808418e-01  6.015179e-01
-2.279667e-01  5.638584e-01  6.409798e-01  2.080547e-01
-2.172065e-01  1.853385e-01  3.059599e-01  1.115032e+00
-2.588279e-01  2.623986e-01  2.385281e-01  1.584839e+00
-1.852124e-01  1.832091e-01  8.337194e-01  7.860832e-01
-1.940948e-01  1.803544e-01  1.058853e+00  2.566910e-01
-2.295897e-01  1.801854e-01  1.976918e-01  6.803679e-01
-2.080882e-01  1.857623e-01  1.957766e-01  2.193293e-01
-2.189992e-01  1.934066e-01  5.649982e-01  5.938990e-01
-2.075136e-01  1.872952e-01  6.255660e-01  2.092115e-01
-3.118712e-01  3.067740e-01  1.011542e+00  1.423722e+00
-7.479367e-01  6.766019e-01  2.620034e-01  1.271279e+00
-3.080738e-01  3.186728e-01  1.393029e+00  9.120983e-01
-3.119070e-01  3.146729e-01  1.613349e+00  3.199372e-01
-6.894662e-01  4.897090e-01  2.048912e-01  6.847758e-01
-6.426079e-01  4.336148e-01  2.172196e-01  2.167583e-01
-6.638663e-01  4.941860e-01  5.949147e-01  6.071701e-01
-6.355826e-01  4.544712e-01  6.604382e-01  2.011869e-01
-5.916579e-01  1.857917e-01  5.968713e-01  1.181407e+00
-8.073030e-01  2.484596e-01  2.943361e-01  1.400426e+00
-5.925031e-01  1.865904e-01  9.935804e-01  8.169306e-01
-5.852125e-01  1.769053e-01  1.191758e+00  2.787233e-01
-7.364767e-01  1.692269e-01  2.192819e-01  7.344150e-01
-6.768715e-01  1.556649e-01  2.153986e-01  2.249144e-01
-7.157984e-01  1.874057e-01  6.370278e-01  6.234038e-01
-6.823002e-01  1.716533e-01  7.086805e-01  2.120847e-01
-9.225252e-01  1.407510e+00  2.820054e-01 -2.953619e-01
-2.828293e-01  1.023416e+00  5.504479e-01 -1.385098e+00
-2.765271e-01  9.482904e-01  1.061178e+00 -8.308303e-01
-2.666540e-01  9.161358e-01  1.248878e+00 -2.834389e-01
-5.957252e-01  1.025684e+00  2.017912e-01 -5.457990e-01
-4.971051e-01  9.283193e-01  2.157094e-01 -1.747445e-01
-3.906763e-01  9.268836e-01  6.300584e-01 -6.007229e-01
-3.634313e-01  8.863268e-01  7.183334e-01 -1.951213e-01
-3.517763e-01  1.703184e+00  2.809281e-01 -3.279742e-01
-3.323394e-01  1.361347e+00  2.355647e-01 -1.134976e+00
-4.105394e-01  1.476101e+00  7.805004e-01 -6.845165e-01
-3.701646e-01  1.395491e+00  1.036543e+00 -2.359094e-01
-2.421479e-01  1.239154e+00  1.934262e-01 -5.519179e-01
-2.049265e-01  1.143982e+00  2.093880e-01 -1.671196e-01
-2.166580e-01  1.184462e+00  5.684349e-01 -5.707724e-01
-2.224937e-01  1.166868e+00  6.610045e-01 -1.800324e-01
-1.394110e+00  9.846621e-01  3.082544e-01 -3.334481e-01
-1.108851e+00  9.720035e-01  3.032659e-01 -1.075486e+00
-8.020141e-01  8.011841e-01  1.055477e+00 -8.754944e-01
-7.730303e-01  7.732258e-01  1.306808e+00 -2.926046e-01
-9.982890e-01  7.481228e-01  2.325821e-01 -5.305045e-01
-9.203527e-01  6.743241e-01  2.322031e-01 -1.664128e-01
-9.084840e-01  7.769451e-01  7.000854e-01 -5.657071e-01
-8.891212e-01  7.675993e-01  7.874621e-01 -1.839091e-01
-1.689300e+00  3.613431e-01  2.926925e-01 -3.233146e-01
-1.316722e+00  3.058017e-01  2.974182e-01 -1.165826e+00
-1.056162e+00  2.904263e-01  1.070108e+00 -9.076425e-01
-1.022305e+00  2.811173e-01  1.317988e+00 -2.944818e-01
-1.244966e+00  2.599586e-01  2.381082e-01 -5.615236e-01
-1.137086e+00  2.229485e-01  2.455107e-01 -1.784104e-01
-1.233756e+00  2.881169e-01  7.267904e-01 -5.831842e-01
-1.182631e+00  2.744471e-01  8.070117e-01 -1.881925e-01
-1.977871e-01  5.869999e-01  2.562468e-01 -1.037341e+00
-2.684258e-01  7.029167e-01  2.733981e-01 -1.348114e+00
-1.829534e-01  5.502268e-01  9.004110e-01 -8.319770e-01
-1.844229e-01  5.242497e-01  1.144394e+00 -2.720689e-01
-2.507987e-01  6.072952e-01  1.900916e-01 -6.613615e-01
-2.334822e-01  5.680487e-01  1.950788e-01 -2.163368e-01
-2.468821e-01  5.998866e-01  5.808418e-01 -6.015179e-01
-2.279667e-01  5.638584e-01  6.409798e-01 -2.080547e-01
-2.172065e-01  1.853385e-01  3.059599e-01 -1.115032e+00
-2.588279e-01  2.623986e-01  2.385281e-01 -1.584839e+00
-1.852124e-01  1.832091e-01  8.337194e-01 -7.860832e-01
-1.940948e-01  1.803544e-01  1.058853e+00 -2.566910e-01
-2.295897e-01  1.801854e-01  1.976918e-01 -6.803679e-01
-2.080882e-01  1.857623e-01  1.957766e-01 -2.193293e-01
-2.189992e-01  1.934066e-01  5.649982e-01 -5.938990e-01
-2.075136e-01  1.872952e-01  6.255660e-01 -2.092115e-01
-3.118712e-01  3.067740e-01  1.011542e+00 -1.423722e+00
-7.479367e-01  6.766019e-01  2.620034e-01 -1.271279e+00
-3.080738e-01  3.186728e-01  1.393029e+00 -9.120983e-01
-3.119070e-01  3.146729e-01  1.613349e+00 -3.199372e-01
-6.894662e-01  4.897090e-01  2.048912e-01 -6.847758e-01
-6.426079e-01  4.336148e-01  2.172196e-01 -2.167583e-01
-6.638663e-01  4.941860e-01  5.949147e-01 -6.071701e-01
-6.355826e-01  4.544712e-01  6.604382e-01 -2.011869e-01
-5.916579e-01  1.857917e-01  5.968713e-01 -1.181407e+00
-8.073030e-01  2.484596e-01  2.943361e-01 -1.400426e+00
-5.925031e-01  1.865904e-01  9.935804e-01 -8.169306e-01
-5.852125e-01  1.769053e-01  1.191758e+00 -2.787233e-01
-7.364767e-01  1.692269e-01  2.192819e-01 -7.344150e-01
-6.768715e-01  1.556649e-01  2.153986e-01 -2.249144e-01
-7.157984e-01  1.874057e-01  6.370278e-01 -6.234038e-01
-6.823002e-01  1.716533e-01  7.086805e-01 -2.120847e-01
-9.225252e-01  1.407510e+00 -2.820054e-01  2.953619e-01
-2.828293e-01  1.023416e+00 -5.504479e-01  1.385098e+00
-2.765271e-01  9.482904e-01 -1.061178e+00  8.308303e-01
-2.666540e-01  9.161358e-01 -1.248878e+00  2.834389e-01
-5.957252e-01  1.025684e+00 -2.017912e-01  5.457990e-01
-4.971051e-01  9.283193e-01 -2.157094e-01  1.747445e-01
-3.906763e-01  9.268836e-01 -6.300584e-01  6.007229e-01
-3.634313e-01  8.863268e-01 -7.183334e-01  1.951213e-01
-3.517763e-01  1.703184e+00 -2.809281e-01  3.279742e-01
-3.323394e-01  1.361347e+00 -2.355647e-01  1.134976e+00
-4.105394e-01  1.476101e+00 -7.805004e-01  6.845165e-01
-3.701646e-01  1.395491e+00 -1.036543e+00  2.359094e-01
-2.421479e-01  1.239154e+00 -1.934262e-01  5.519179e-01
-2.049265e-01  1.143982e+00 -2.093880e-01  1.671196e-01
-2.166580e-01  1.184462e+00 -5.684349e-01  5.707724e-01
-2.224937e-01  1.166868e+00 -6.610045e-01  1.800324e-01
-1.394110e+00  9.846621e-01 -3.082544e-01  3.334481e-01
-1.108851e+00  9.720035e-01 -3.032659e-01  1.075486e+00
-8.020141e-01  8.011841e-01 -1.055477e+00  8.754944e-01
-7.730303e-01  7.732258e-01 -1.306808e+00  2.926046e-01
-9.982890e-01  7.481228e-01 -2.325821e-01  5.305045e-01
-9.203527e-01  6.743241e-01 -2.322031e-01  1.664128e-01
-9.084840e-01  7.769451e-01 -7.000854e-01  5.657071e-01
-8.891212e-01  7.675993e-01 -7.874621e-01  1.839091e-01
-1.689300e+00  3.613431e-01 -2.926925e-01  3.233146e-01
-1.316722e+00  3.058017e-01 -2.974182e-01  1.165826e+00
-1.056162e+00  2.904263e-01 -1.070108e+00  9.076425e-01
-1.022305e+00  2.811173e-01 -1.317988e+00  2.944818e-01
-1.244966e+00  2.599586e-01 -2.381082e-01  5.615236e-01
-1.137086e+00  2.229485e-01 -2.455107e-01  1.784104e-01
-1.233756e+00  2.881169e-01 -7.267904e-01  5.831842e-01
-1.182631e+00  2.744471e-01 -8.070117e-01  1.881925e-01
-1.977871e-01  5.869999e-01 -2.562468e-01  1.037341e+00
-2.684258e-01  7.029167e-01 -2.733981e-01  1.348114e+00
-1.829534e-01  5.502268e-01 -9.004110e-01  8.319770e-01
-1.844229e-01  5.242497e-01 -1.144394e+00  2.720689e-01
-2.507987e-01  6.072952e-01 -1.900916e-01  6.613615e-01
-2.334822e-01  5.680487e-01 -1.950788e-01  2.163368e-01
-2.468821e-01  5.998866e-01 -5.808418e-01  6.015179e-01
-2.279667e-01  5.638584e-01 -6.409798e-01  2.080547e-01
-2.172065e-01  1.853385e-01 -3.059599e-01  1.115032e+00
-2.588279e-01  2.623986e-01 -2.385281e-01  1.584839e+00
-1.852124e-01  1.832091e-01 -8.337194e-01  7.860832e-01
-1.940948e-01  1.803544e-01 -1.058853e+00  2.566910e-01
-2.295897e-01  1.801854e-01 -1.976918e-01  6.803679e-01
-2.080882e-01  1.857623e-01 -1.957766e-01  2.193293e-01
-2.189992e-01  1.934066e-01 -5.649982e-01  5.938990e-01
-2.075136e-01  1.872952e-01 -6.255660e-01  2.092115e-01
-3.118712e-01  3.067740e-01 -1.011542e+00  1.423722e+00
-7.479367e-01  6.766019e-01 -2.620034e-01  1.271279e+00
-3.080738e-01  3.186728e-01 -1.393029e+00  9.120983e-01
-3.119070e-01  3.146729e-01 -1.613349e+00  3.199372e-01
-6.894662e-01  4.897090e-01 -2.048912e-01  6.847758e-01
-6.426079e-01  4.336148e-01 -2.172196e-01  2.167583e-01
-6.638663e-01  4.941860e-01 -5.949147e-01  6.071701e-01
-6.355826e-01  4.544712e-01 -6.604382e-01  2.011869e-01
-5.916579e-01  1.857917e-01 -5.968713e-01  1.181407e+00
-8.073030e-01  2.484596e-01 -2.943361e-01  1.400426e+00
-5.925031e-01  1.865904e-01 -9.935804e-01  8.169306e-01
-5.852125e-01  1.769053e-01 -1.191758e+00  2.787233e-01
-7.364767e-01  1.692269e-01 -2.192819e-01  7.344150e-01
-6.768715e-01  1.556649e-01 -2.153986e-01  2.249144e-01
-7.157984e-01  1.874057e-01 -6.370278e-01  6.234038e-01
-6.823002e-01  1.716533e-01 -7.086805e-01  2.120847e-01
-9.225252e-01  1.407510e+00 -2.820054e-01 -2.953619e-01
-2.828293e-01  1.023416e+00 -5.504479e-01 -1.385098e+00
-2.765271e-01  9.482904e-01 -1.061178e+00 -8.308303e-01
-2.666540e-01  9.161358e-01 -1.248878e+00 -2.834389e-01
-5.957252e-01  1.025684e+00 -2.017912e-01 -5.457990e-01
-4.971051e-01  9.283193e-01 -2.157094e-01 -1.747445e-01
-3.906763e-01  9.268836e-01 -6.300584e-01 -6.007229e-01
-3.634313e-01  8.863268e-01 -7.183334e-01 -1.951213e-01
-3.517763e-01  1.703184e+00 -2.809281e-01 -3.279742e-01
-3.323394e-01  1.361347e+00 -2.355647e-01 -1.134976e+00
-4.105394e-01  1.476101e+00 -7.805004e-01 -6.845165e-01
-3.701646e-01  1.395491e+00 -1.036543e+00 -2.359094e-01
-2.421479e-01  1.239154e+00 -1.934262e-01 -5.519179e-01
-2.049265e-01  1.143982e+00 -2.093880e-01 -1.671196e-01
-2.166580e-01  1.184462e+00 -5.684349e-01 -5.707724e-01
-2.224937e-01  1.166868e+00 -6.610045e-01 -1.800324e-01
-1.394110e+00  9.846621e-01 -3.082544e-01 -3.334481e-01
-1.108851e+00  9.720035e-01 -3.032659e-01 -1.075486e+00
-8.020141e-01  8.011841e-01 -1.055477e+00 -8.754944e-01
-7.730303e-01  7.732258e-01 -1.306808e+00 -2.926046e-01
-9.982890e-01  7.481228e-01 -2.325821e-01 -5.305045e-01
-9.203527e-01  6.743241e-01 -2.322031e-01 -1.664128e-01
-9.084840e-01  7.769451e-01 -7.000854e-01 -5.657071e-01
-8.891212e-01  7.675993e-01 -7.874621e-01 -1.839091e-01
-1.689300e+00  3.613431e-01 -2.926925e-01 -3.233146e-01
-1.316722e+00  3.058017e-01 -2.974182e-01 -1.165826e+00
-1.056162e+00  2.904263e-01 -1.070108e+00 -9.076425e-01
-1.022305e+00  2.811173e-01 -1.317988e+00 -2.944818e-01
-1.244966e+00  2.599586e-01 -2.381082e-01 -5.615236e-01
-1.137086e+00  2.229485e-01 -2.455107e-01 -1.784104e-01
-1.233756e+00  2.881169e-01 -7.267904e-01 -5.831842e-01
-1.182631e+00  2.744471e-01 -8.070117e-01 -1.881925e-01
-1.977871e-01  5.869999e-01 -2.562468e-01 -1.037341e+00
-2.684258e-01  7.029167e-01 -2.733981e-01 -1.348114e+00
-1.829534e-01  5.502268e-01 -9.004110e-01 -8.319770e-01
-1.844229e-01  5.242497e-01 -1.144394e+00 -2.720689e-01
-2.507987e-01  6.072952e-01 -1.900916e-01 -6.613615e-01
-2.334822e-01  5.680487e-01 -1.950788e-01 -2.163368e-01
-2.468821e-01  5.998866e-01 -5.808418e-01 -6.015179e-01
-2.279667e-01  5.638584e-01 -6.409798e-01 -2.080547e-01
-2.172065e-01  1.853385e-01 -3.059599e-01 -1.115032e+00
-2.588279e-01  2.623986e-01 -2.385281e-01 -1.584839e+00
-1.852124e-01  1.832091e-01 -8.337194e-01 -7.860832e-01
-1.940948e-01  1.803544e-01 -1.058853e+00 -2.566910e-01
-2.295897e-01  1.801854e-01 -1.976918e-01 -6.803679e-01
-2.080882e-01  1.857623e-01 -1.957766e-01 -2.193293e-01
-2.189992e-01  1.934066e-01 -5.649982e-01 -5.938990e-01
-2.075136e-01  1.872952e-01 -6.255660e-01 -2.092115e-01
-3.118712e-01  3.067740e-01 -1.011542e+00 -1.423722e+00
-7.479367e-01  6.766019e-01 -2.620034e-01 -1.271279e+00
-3.080738e-01  3.186728e-01 -1.393029e+00 -9.120983e-01
-3.119070e-01  3.146729e-01 -1.613349e+00 -3.199372e-01
-6.894662e-01  4.897090e-01 -2.048912e-01 -6.847758e-01
-6.426079e-01  4.336148e-01 -2.172196e-01 -2.167583e-01
-6.638663e-01  4.941860e-01 -5.949147e-01 -6.071701e-01
-6.355826e-01  4.544712e-01 -6.604382e-01 -2.011869e-01
-5.916579e-01  1.857917e-01 -5.968713e-01 -1.181407e+00
-8.073030e-01  2.484596e-01 -2.943361e-01 -1.400426e+00
-5.925031e-01  1.865904e-01 -9.935804e-01 -8.169306e-01
-5.852125e-01  1.769053e-01 -1.191758e+00 -2.787233e-01
-7.364767e-01  1.692269e-01 -2.192819e-01 -7.344150e-01
-6.768715e-01  1.556649e-01 -2.153986e-01 -2.249144e-01
-7.157984e-01  1.874057e-01 -6.370278e-01 -6.234038e-01
-6.823002e-01  1.716533e-01 -7.086805e-01 -2.120847e-01
-9.225252e-01 -1.407510e+00  2.820054e-01  2.953619e-01
-2.828293e-01 -1.023416e+00  5.504479e-01  1.385098e+00
-2.765271e-01 -9.482904e-01  1.061178e+00  8.308303e-01
-2.666540e-01 -9.161358e-01  1.248878e+00  2.834389e-01
-5.957252e-01 -1.025684e+00  2.017912e-01  5.457990e-01
-4.971051e-01 -9.283193e-01  2.157094e-01  1.747445e-01
-3.906763e-01 -9.268836e-01  6.300584e-01  6.007229e-01
-3.634313e-01 -8.863268e-01  7.183334e-01  1.951213e-01
-3.517763e-01 -1.703184e+00  2.809281e-01  3.279742e-01
-3.323394e-01 -1.361347e+00  2.355647e-01  1.134976e+00
-4.105394e-01 -1.476101e+00  7.805004e-01  6.845165e-01
-3.701646e-01 -1.395491e+00  1.036543e+00  2.359094e-01
-2.421479e-01 -1.239154e+00  1.934262e-01  5.519179e-01
-2.049265e-01 -1.143982e+00  2.093880e-01  1.671196e-01
-2.166580e-01 -1.184462e+00  5.684349e-01  5.707724e-01
-2.224937e-01 -1.166868e+00  6.610045e-01  1.800324e-01
-1.394110e+00 -9.846621e-01  3.082544e-01  3.334481e-01
-1.108851e+00 -9.720035e-01  3.032659e-01  1.075486e+00
-8.020141e-01 -8.011841e-01  1.055477e+00  8.754944e-01
-7.730303e-01 -7.732258e-01  1.306808e+00  2.926046e-01
-9.982890e-01 -7.481228e-01  2.325821e-01  5.305045e-01
-9.203527e-01 -6.743241e-01  2.322031e-01  1.664128e-01
-9.084840e-01 -7.769451e-01  7.000854e-01  5.657071e-01
-8.891212e-01 -7.675993e-01  7.874621e-01  1.839091e-01
-1.689300e+00 -3.613431e-01  2.926925e-01  3.233146e-01
-1.316722e+00 -3.058017e-01  2.974182e-01  1.165826e+00
-1.056162e+00 -2.904263e-01  1.070108e+00  9.076425e-01
-1.022305e+00 -2.811173e-01  1.317988e+00  2.944818e-01
-1.244966e+00 -2.599586e-01  2.381082e-01  5.615236e-01
-1.137086e+00 -2.229485e-01  2.455107e-01  1.784104e-01
-1.233756e+00 -2.881169e-01  7.267904e-01  5.831842e-01
-1.182631e+00 -2.744471e-01  8.070117e-01  1.881925e-01
-1.977871e-01 -5.869999e-01  2.562468e-01  1.037341e+00
-2.684258e-01 -7.029167e-01  2.733981e-01  1.348114e+00
-1.829534e-01 -5.502268e-01  9.004110e-01  8.319770e-01
-1.844229e-01 -5.242497e-01  1.144394e+00  2.720689e-01
-2.507987e-01 -6.072952e-01  1.900916e-01  6.613615e-01
-2.334822e-01 -5.680487e-01  1.950788e-01  2.163368e-01
-2.468821e-01 -5.998866e-01  5.808418e-01  6.015179e-01
-2.279667e-01 -5.638584e-01  6.409798e-01  2.080547e-01
-2.172065e-01 -1.853385e-01  3.059599e-01  1.115032e+00
-2.588279e-01 -2.623986e-01  2.385281e-01  1.584839e+00
-1.852124e-01 -1.832091e-01  8.337194e-01  7.860832e-01
-1.940948e-01 -1.803544e-01  1.058853e+00  2.566910e-01
-2.295897e-01 -1.801854e-01  1.976918e-01  6.803679e-01
-2.080882e-01 -1.857623e-01  1.957766e-01  2.193293e-01
-2.189992e-01 -1.934066e-01  5.649982e-01  5.938990e-01
-2.075136e-01 -1.872952e-01  6.255660e-01  2.092115e-01
-3.118712e-01 -3.067740e-01  1.011542e+00  1.423722e+00
-7.479367e-01 -6.766019e-01  2.620034e-01  1.271279e+00
-3.080738e-01 -3.186728e-01  1.393029e+00  9.120983e-01
-3.119070e-01 -3.146729e-01  1.613349e+00  3.199372e-01
-6.894662e-01 -4.897090e-01  2.048912e-01  6.847758e-01
-6.426079e-01 -4.336148e-01  2.172196e-01  2.167583e-01
-6.638663e-01 -4.941860e-01  5.949147e-01  6.071701e-01
-6.355826e-01 -4.544712e-01  6.604382e-01  2.011869e-01
-5.916579e-01 -1.857917e-01  5.968713e-01  1.181407e+00
-8.073030e-01 -2.484596e-01  2.943361e-01  1.400426e+00
-5.925031e-01 -1.865904e-01  9.935804e-01  8.169306e-01
-5.852125e-01 -1.769053e-01  1.191758e+00  2.787233e-01
-7.364767e-01 -1.692269e-01  2.192819e-01  7.344150e-01
-6.768715e-01 -1.556649e-01  2.153986e-01  2.249144e-01
-7.157984e-01 -1.874057e-01  6.370278e-01  6.234038e-01
-6.823002e-01 -1.716533e-01  7.086805e-01  2.120847e-01
-9.225252e-01 -1.407510e+00  2.820054e-01 -2.953619e-01
-2.828293e-01 -1.023416e+00  5.504479e-01 -1.385098e+00
-2.765271e-01 -9.482904e-01  1.061178e+00 -8.308303e-01
-2.666540e-01 -9.161358e-01  1.248878e+00 -2.834389e-01
-5.957252e-01 -1.025684e+00  2.017912e-01 -5.457990e-01
-4.971051e-01 -9.283193e-01  2.157094e-01 -1.747445e-01
-3.906763e-01 -9.268836e-01  6.300584e-01 -6.007229e-01
-3.634313e-01 -8.863268e-01  7.183334e-01 -1.951213e-01
-3.517763e-01 -1.703184e+00  2.809281e-01 -3.279742e-01
-3.323394e-01 -1.361347e+00  2.355647e-01 -1.134976e+00
-4.105394e-01 -1.476101e+00  7.805004e-01 -6.845165e-01
-3.701646e-01 -1.395491e+00  1.036543e+00 -2.359094e-01
-2.421479e-01 -1.239154e+00  1.934262e-01 -5.519179e-01
-2.049265e-01 -1.143982e+00  2.093880e-01 -1.671196e-01
-2.166580e-01 -1.184462e+00  5.684349e-01 -5.707724e-01
-2.224937e-01 -1.166868e+00  6.610045e-01 -1.800324e-01
-1.394110e+00 -9.846621e-01  3.082544e-01 -3.334481e-01
-1.108851e+00 -9.720035e-01  3.032659e-01 -1.075486e+00
-8.020141e-01 -8.011841e-01  1.055477e+00 -8.754944e-01
-7.730303e-01 -7.732258e-01  1.306808e+00 -2.926046e-01
-9.982890e-01 -7.481228e-01  2.325821e-01 -5.305045e-01
-9.203527e-01 -6.743241e-01  2.322031e-01 -1.664128e-01
-9.084840e-01 -7.769451e-01  7.000854e-01 -5.657071e-01
-8.891212e-01 -7.675993e-01  7.874621e-01 -1.839091e-01
-1.689300e+00 -3.613431e-01  2.926925e-01 -3.233146e-01
-1.316722e+00 -3.058017e-01  2.974182e-01 -1.165826e+00
-1.056162e+00 -2.904263e-01  1.070108e+00 -9.076425e-01
-1.022305e+00 -2.811173e-01  1.317988e+00 -2.944818e-01
-1.244966e+00 -2.599586e-01  2.381082e-01 -5.615236e-01
-1.137086e+00 -2.229485e-01  2.455107e-01 -1.784104e-01
-1.233756e+00 -2.881169e-01  7.267904e-01 -5.831842e-01
-1.182631e+00 -2.744471e-01  8.070117e-01 -1.881925e-01
-1.977871e-01 -5.869999e-01  2.562468e-01 -1.037341e+00
-2.684258e-01 -7.029167e-01  2.733981e-01 -1.348114e+00
-1.829534e-01 -5.502268e-01  9.004110e-01 -8.319770e-01
-1.844229e-01 -5.242497e-01  1.144394e+00 -2.720689e-01
-2.507987e-01 -6.072952e-01  1.900916e-01 -6.613615e-01
-2.334822e-01 -5.680487e-01  1.950788e-01 -2.163368e-01
-2.468821e-01 -5.998866e-01  5.808418e-01 -6.015179e-01
-2.279667e-01 -5.638584e-01  6.409798e-01 -2.080547e-01
-2.172065e-01 -1.853385e-01  3.059599e-01 -1.115032e+00
-2.588279e-01 -2.623986e-01  2.385281e-01 -1.584839e+00
-1.852124e-01 -1.832091e-01  8.337194e-01 -7.860832e-01
-1.940948e-01 -1.803544e-01  1.058853e+00 -2.566910e-01
-2.295897e-01 -1.801854e-01  1.976918e-01 -6.803679e-01
-2.080882e-01 -1.857623e-01  1.957766e-01 -2.193293e-01
-2.189992e-01 -1.934066e-01  5.649982e-01 -5.938990e-01
-2.075136e-01 -1.872952e-01  6.255660e-01 -2.092115e-01
-3.118712e-01 -3.067740e-01  1.011542e+00 -1.423722e+00
-7.479367e-01 -6.766019e-01  2.620034e-01 -1.271279e+00
-3.080738e-01 -3.186728e-01  1.393029e+00 -9.120983e-01
-3.119070e-01 -3.146729e-01  1.613349e+00 -3.199372e-01
-6.894662e-01 -4.897090e-01  2.048912e-01 -6.847758e-01
-6.426079e-01 -4.336148e-01  2.172196e-01 -2.167583e-01
-6.638663e-01 -4.941860e-01  5.949147e-01 -6.071701e-01
-6.355826e-01 -4.544712e-01  6.604382e-01 -2.011869e-01
-5.916579e-01 -1.857917e-01  5.968713e-01 -1.181407e+00
-8.073030e-01 -2.484596e-01  2.943361e-01 -1.400426e+00
-5.925031e-01 -1.865904e-01  9.935804e-01 -8.169306e-01
-5.852125e-01 -1.769053e-01  1.191758e+00 -2.787233e-01
-7.364767e-01 -1.692269e-01  2.192819e-01 -7.344150e-01
-6.768715e-01 -1.556649e-01  2.153986e-01 -2.249144e-01
-7.157984e-01 -1.874057e-01  6.370278e-01 -6.234038e-01
-6.823002e-01 -1.716533e-01  7.086805e-01 -2.120847e-01
-9.225252e-01 -1.407510e+00 -2.820054e-01  2.953619e-01
-2.828293e-01 -1.023416e+00 -5.504479e-01  1.385098e+00
-2.765271e-01 -9.482904e-01 -1.061178e+00  8.308303e-01
-2.666540e-01 -9.161358e-01 -1.248878e+00  2.834389e-01
-5.957252e-01 -1.025684e+00 -2.017912e-01  5.457990e-01
-4.971051e-01 -9.283193e-01 -2.157094e-01  1.747445e-01
-3.906763e-01 -9.268836e-01 -6.300584e-01  6.007229e-01
-3.634313e-01 -8.863268e-01 -7.183334e-01  1.951213e-01
-3.517763e-01 -1.703184e+00 -2.809281e-01  3.279742e-01
-3.323394e-01 -1.361347e+00 -2.355647e-01  1.134976e+00
-4.105394e-01 -1.476101e+00 -7.805004e-01  6.845165e-01
-3.701646e-01 -1.395491e+00 -1.036543e+00  2.359094e-01
-2.421479e-01 -1.239154e+00 -1.934262e-01  5.519179e-01
-2.049265e-01 -1.143982e+00 -2.093880e-01  1.671196e-01
-2.166580e-01 -1.184462e+00 -5.684349e-01  5.707724e-01
-2.224937e-01 -1.166868e+00 -6.610045e-01  1.800324e-01
-1.394110e+00 -9.846621e-01 -3.082544e-01  3.334481e-01
-1.108851e+00 -9.720035e-01 -3.032659e-01  1.075486e+00
-8.020141e-01 -8.011841e-01 -1.055477e+00  8.754944e-01
-7.730303e-01 -7.732258e-01 -1.306808e+00  2.926046e-01
-9.982890e-01 -7.481228e-01 -2.325821e-01  5.305045e-01
-9.203527e-01 -6.743241e-01 -2.322031e-01  1.664128e-01
-9.084840e-01 -7.769451e-01 -7.000854e-01  5.657071e-01
-8.891212e-01 -7.675993e-01 -7.874621e-01  1.839091e-01
-1.689300e+00 -3.613431e-01 -2.926925e-01  3.233146e-01
-1.316722e+00 -3.058017e-01 -2.974182e-01  1.165826e+00
-1.056162e+00 -2.904263e-01 -1.070108e+00  9.076425e-01
-1.022305e+00 -2.811173e-01 -1.317988e+00  2.944818e-01
-1.244966e+00 -2.599586e-01 -2.381082e-01  5.615236e-01
-1.137086e+00 -2.229485e-01 -2.455107e-01  1.784104e-01
-1.233756e+00 -2.881169e-01 -7.267904e-01  5.831842e-01
-1.182631e+00 -2.744471e-01 -8.070117e-01  1.881925e-01
-1.977871e-01 -5.869999e-01 -2.562468e-01  1.037341e+00
-2.684258e-01 -7.029167e-01 -2.733981e-01  1.348114e+00
-1.829534e-01 -5.502268e-01 -9.004110e-01  8.319770e-01
-1.844229e-01 -5.242497e-01 -1.144394e+00  2.720689e-01
-2.507987e-01 -6.072952e-01 -1.900916e-01  6.613615e-01
-2.334822e-01 -5.680487e-01 -1.950788e-01  2.163368e-01
-2.468821e-01 -5.998866e-01 -5.808418e-01  6.015179e-01
-2.279667e-01 -5.638584e-01 -6.409798e-01  2.080547e-01
-2.172065e-01 -1.853385e-01 -3.059599e-01  1.115032e+00
-2.588279e-01 -2.623986e-01 -2.385281e-01  1.584839e+00
-1.852124e-01 -1.832091e-01 -8.337194e-01  7.860832e-01
-1.940948e-01 -1.803544e-01 -1.058853e+00  2.566910e-01
-2.295897e-01 -1.801854e-01 -1.976918e-01  6.803679e-01
-2.080882e-01 -1.857623e-01 -1.957766e-01  2.193293e-01
-2.189992e-01 -1.934066e-01 -5.649982e-01  5.938990e-01
-2.075136e-01 -1.872952e-01 -6.255660e-01  2.092115e-01
-3.118712e-01 -3.067740e-01 -1.011542e+00  1.423722e+00
-7.479367e-01 -6.766019e-01 -2.620034e-01  1.271279e+00
-3.080738e-01 -3.186728e-01 -1.393029e+00  9.120983e-01
-3.119070e-01 -3.146729e-01 -1.613349e+00  3.199372e-01
-6.894662e-01 -4.897090e-01 -2.048912e-01  6.847758e-01
-6.426079e-01 -4.336148e-01 -2.172196e-01  2.167583e-01
-6.638663e-01 -4.941860e-01 -5.949147e-01  6.071701e-01
-6.355826e-01 -4.544712e-01 -6.604382e-01  2.011869e-01
-5.916579e-01 -1.857917e-01 -5.968713e-01  1.181407e+00
-8.073030e-01 -2.484596e-01 -2.943361e-01  1.400426e+00
-5.925031e-01 -1.865904e-01 -9.935804e-01  8.169306e-01
-5.852125e-01 -1.769053e-01 -1.191758e+00  2.787233e-01
-7.364767e-01 -1.692269e-01 -2.192819e-01  7.344150e-01
-6.768715e-01 -1.556649e-01 -2.153986e-01  2.249144e-01
-7.157984e-01 -1.874057e-01 -6.370278e-01  6.234038e-01
-6.823002e-01 -1.716533e-01 -7.086805e-01  2.120847e-01
-9.225252e-01 -1.407510e+00 -2.820054e-01 -2.953619e-01
-2.828293e-01 -1.023416e+00 -5.504479e-01 -1.385098e+00
-2.765271e-01 -9.482904e-01 -1.061178e+00 -8.308303e-01
-2.666540e-01 -9.161358e-01 -1.248878e+00 -2.834389e-01
-5.957252e-01 -1.025684e+00 -2.017912e-01 -5.457990e-01
-4.971051e-01 -9.283193e-01 -2.157094e-01 -1.747445e-01
-3.906763e-01 -9.268836e-01 -6.300584e-01 -6.007229e-01
-3.634313e-01 -8.863268e-01 -7.183334e-01 -1.951213e-01
-3.517763e-01 -1.703184e+00 -2.809281e-01 -3.279742e-01
-3.323394e-01 -1.361347e+00 -2.355647e-01 -1.134976e+00
-4.105394e-01 -1.476101e+00 -7.805004e-01 -6.845165e-01
-3.701646e-01 -1.395491e+00 -1.036543e+00 -2.359094e-01
-2.421479e-01 -1.239154e+00 -1.934262e-01 -5.519179e-01
-2.049265e-01 -1.143982e+00 -2.093880e-01 -1.671196e-01
-2.166580e-01 -1.184462e+00 -5.684349e-01 -5.707724e-01
-2.224937e-01 -1.166868e+00 -6.610045e-01 -1.800324e-01
-1.394110e+00 -9.846621e-01 -3.082544e-01 -3.334481e-01
-1.108851e+00 -9.720035e-01 -3.032659e-01 -1.075486e+00
-8.020141e-01 -8.011841e-01 -1.055477e+00 -8.754944e-01
-7.730303e-01 -7.732258e-01 -1.306808e+00 -2.926046e-01
-9.982890e-01 -7.481228e-01 -2.325821e-01 -5.305045e-01
-9.203527e-01 -6.743241e-01 -2.322031e-01 -1.664128e-01
-9.084840e-01 -7.769451e-01 -7.000854e-01 -5.657071e-01
-8.891212e-01 -7.675993e-01 -7.874621e-01 -1.839091e-01
-1.689300e+00 -3.613431e-01 -2.926925e-01 -3.233146e-01
-1.316722e+00 -3.058017e-01 -2.974182e-01 -1.165826e+00
-1.056162e+00 -2.904263e-01 -1.070108e+00 -9.076425e-01
-1.022305e+00 -2.811173e-01 -1.317988e+00 -2.944818e-01
-1.244966e+00 -2.599586e-01 -2.381082e-01 -5.615236e-01
-1.137086e+00 -2.229485e-01 -2.455107e-01 -1.784104e-01
-1.233756e+00 -2.881169e-01 -7.267904e-01 -5.831842e-01
-1.182631e+00 -2.744471e-01 -8.070117e-01 -1.881925e-01
-1.977871e-01 -5.869999e-01 -2.562468e-01 -1.037341e+00
-2.684258e-01 -7.029167e-01 -2.733981e-01 -1.348114e+00
-1.829534e-01 -5.502268e-01 -9.004110e-01 -8.319770e-01
-1.844229e-01 -5.242497e-01 -1.144394e+00 -2.720689e-01
-2.507987e-01 -6.072952e-01 -1.900916e-01 -6.613615e-01
-2.334822e-01 -5.680487e-01 -1.950788e-01 -2.163368e-01
-2.468821e-01 -5.998866e-01 -5.808418e-01 -6.015179e-01
-2.279667e-01 -5.638584e-01 -6.409798e-01 -2.080547e-01
-2.172065e-01 -1.853385e-01 -3.059599e-01 -1.115032e+00
-2.588279e-01 -2.623986e-01 -2.385281e-01 -1.584839e+00
-1.852124e-01 -1.832091e-01 -8.337194e-01 -7.860832e-01
-1.940948e-01 -1.803544e-01 -1.058853e+00 -2.566910e-01
-2.295897e-01 -1.801854e-01 -1.976918e-01 -6.803679e-01
-2.080882e-01 -1.857623e-01 -1.957766e-01 -2.193293e-01
-2.189992e-01 -1.934066e-01 -5.649982e-01 -5.938990e-01
-2.075136e-01 -1.872952e-01 -6.255660e-01 -2.092115e-01
-3.118712e-01 -3.067740e-01 -1.011542e+00 -1.423722e+00
-7.479367e-01 -6.766019e-01 -2.620034e-01 -1.271279e+00
-3.080738e-01 -3.186728e-01 -1.393029e+00 -9.120983e-01
-3.119070e-01 -3.146729e-01 -1.613349e+00 -3.199372e-01
-6.894662e-01 -4.897090e-01 -2.048912e-01 -6.847758e-01
-6.426079e-01 -4.336148e-01 -2.172196e-01 -2.167583e-01
-6.638663e-01 -4.941860e-01 -5.949147e-01 -6.071701e-01
-6.355826e-01 -4.544712e-01 -6.604382e-01 -2.011869e-01
-5.916579e-01 -1.857917e-01 -5.968713e-01 -1.181407e+00
-8.073030e-01 -2.484596e-01 -2.943361e-01 -1.400426e+00
-5.925031e-01 -1.865904e-01 -9.935804e-01 -8.169306e-01
-5.852125e-01 -1.769053e-01 -1.191758e+00 -2.787233e-01
-7.364767e-01 -1.692269e-01 -2.192819e-01 -7.344150e-01
-6.768715e-01 -1.556649e-01 -2.153986e-01 -2.249144e-01
-7.157984e-01 -1.874057e-01 -6.370278e-01 -6.234038e-01
-6.823002e-01 -1.716533e-01 -7.086805e-01 -2.120847e-01
