 1.172875e+00  4.295386e-01  4.689524e-01  4.688815e-01
 4.688224e-01  4.686917e-01  4.296432e-01  1.173256e+00
 4.683187e-01  4.688724e-01  1.172444e+00  4.296208e-01
 4.297689e-01  1.173326e+00  4.689777e-01  4.688377e-01
 1.172875e+00  4.295386e-01  4.689524e-01 -4.688815e-01
 4.688224e-01  4.686917e-01  4.296432e-01 -1.173256e+00
 4.683187e-01  4.688724e-01  1.172444e+00 -4.296208e-01
 4.297689e-01  1.173326e+00  4.689777e-01 -4.688377e-01
 1.172875e+00  4.295386e-01 -4.689524e-01  4.688815e-01
 4.688224e-01  4.686917e-01 -4.296432e-01  1.173256e+00
 4.683187e-01  4.688724e-01 -1.172444e+00  4.296208e-01
 4.297689e-01  1.173326e+00 -4.689777e-01  4.688377e-01
 1.172875e+00  4.295386e-01 -4.689524e-01 -4.688815e-01
 4.688224e-01  4.686917e-01 -4.296432e-01 -1.173256e+00
 4.683187e-01  4.688724e-01 -1.172444e+00 -4.296208e-01
 4.297689e-01  1.173326e+00 -4.689777e-01 -4.688377e-01
 1.172875e+00 -4.295386e-01  4.689524e-01  4.688815e-01
 4.688224e-01 -4.686917e-01  4.296432e-01  1.173256e+00
 4.683187e-01 -4.688724e-01  1.172444e+00  4.296208e-01
 4.297689e-01 -1.173326e+00  4.689777e-01  4.688377e-01
 1.172875e+00 -4.295386e-01  4.689524e-01 -4.688815e-01
 4.688224e-01 -4.686917e-01  4.296432e-01 -1.173256e+00
 4.683187e-01 -4.688724e-01  1.172444e+00 -4.296208e-01
 4.297689e-01 -1.173326e+00  4.689777e-01 -4.688377e-01
 1.172875e+00 -4.295386e-01 -4.689524e-01  4.688815e-01
 4.688224e-01 -4.686917e-01 -4.296432e-01  1.173256e+00
 4.683187e-01 -4.688724e-01 -1.172444e+00  4.296208e-01
 4.297689e-01 -1.173326e+00 -4.689777e-01  4.688377e-01
 1.172875e+00 -4.295386e-01 -4.689524e-01 -4.688815e-01
 4.688224e-01 -4.686917e-01 -4.296432e-01 -1.173256e+00
 4.683187e-01 -4.688724e-01 -1.172444e+00 -4.296208e-01
 4.297689e-01 -1.173326e+00 -4.689777e-01 -4.688377e-01
-1.172875e+00  4.295386e-01  4.689524e-01  4.688815e-01
-4.688224e-01  4.686917e-01  4.296432e-01  1.173256e+00
-4.683187e-01  4.688724e-01  1.172444e+00  4.296208e-01
-4.297689e-01  1.173326e+00  4.689777e-01  4.688377e-01
-1.172875e+00  4.295386e-01  4.689524e-01 -4.688815e-01
-4.688224e-01  4.686917e-01  4.296432e-01 -1.173256e+00
-4.683187e-01  4.688724e-01  1.172444e+00 -4.296208e-01
-4.297689e-01  1.173326e+00  4.689777e-01 -4.688377e-01
-1.172875e+00  4.295386e-01 -4.689524e-01  4.688815e-01
-4.688224e-01  4.686917e-01 -4.296432e-01  1.173256e+00
-4.683187e-01  4.688724e-01 -1.172444e+00  4.296208e-01
-4.297689e-01  1.173326e+00 -4.689777e-01  4.688377e-01
-1.172875e+00  4.295386e-01 -4.689524e-01 -4.688815e-01
-4.688224e-01  4.686917e-01 -4.296432e-01 -1.173256e+00
-4.683187e-01  4.688724e-01 -1.172444e+00 -4.296208e-01
-4.297689e-01  1.173326e+00 -4.689777e-01 -4.688377e-01
-1.172875e+00 -4.295386e-01  4.689524e-01  4.688815e-01
-4.688224e-01 -4.686917e-01  4.296432e-01  1.173256e+00
-4.683187e-01 -4.688724e-01  1.172444e+00  4.296208e-01
-4.297689e-01 -1.173326e+00  4.689777e-01  4.688377e-01
-1.172875e+00 -4.295386e-01  4.689524e-01 -4.688815e-01
-4.688224e-01 -4.686917e-01  4.296432e-01 -1.173256e+00
-4.683187e-01 -4.688724e-01  1.172444e+00 -4.296208e-01
-4.297689e-01 -1.173326e+00  4.689777e-01 -4.688377e-01
-1.172875e+00 -4.295386e-01 -4.689524e-01  4.688815e-01
-4.688224e-01 -4.686917e-01 -4.296432e-01  1.173256e+00
-4.683187e-01 -4.688724e-01 -1.172444e+00  4.296208e-01
-4.297689e-01 -1.173326e+00 -4.689777e-01  4.688377e-01
-1.172875e+00 -4.295386e-01 -4.689524e-01 -4.688815e-01
-4.688224e-01 -4.686917e-01 -4.296432e-01 -1.173256e+00
-4.683187e-01 -4.688724e-01 -1.172444e+00 -4.296208e-01
-4.297689e-01 -1.173326e+00 -4.689777e-01 -4.688377e-01
