 4.672283e-01  4.668454e-01  1.169432e+00  4.427949e-01
 1.169713e+00  4.417970e-01  4.668513e-01  4.670683e-01
 4.426253e-01  1.170001e+00  4.667018e-01  4.670738e-01
 4.662470e-01  4.670910e-01  4.429361e-01  1.169640e+00
 4.672283e-01  4.668454e-01  1.169432e+00 -4.427949e-01
 1.169713e+00  4.417970e-01  4.668513e-01 -4.670683e-01
 4.426253e-01  1.170001e+00  4.667018e-01 -4.670738e-01
 4.662470e-01  4.670910e-01  4.429361e-01 -1.169640e+00
 4.672283e-01  4.668454e-01 -1.169432e+00  4.427949e-01
 1.169713e+00  4.417970e-01 -4.668513e-01  4.670683e-01
 4.426253e-01  1.170001e+00 -4.667018e-01  4.670738e-01
 4.662470e-01  4.670910e-01 -4.429361e-01  1.169640e+00
 4.672283e-01  4.668454e-01 -1.169432e+00 -4.427949e-01
 1.169713e+00  4.417970e-01 -4.668513e-01 -4.670683e-01
 4.426253e-01  1.170001e+00 -4.667018e-01 -4.670738e-01
 4.662470e-01  4.670910e-01 -4.429361e-01 -1.169640e+00
 4.672283e-01 -4.668454e-01  1.169432e+00  4.427949e-01
 1.169713e+00 -4.417970e-01  4.668513e-01  4.670683e-01
 4.426253e-01 -1.170001e+00  4.667018e-01  4.670738e-01
 4.662470e-01 -4.670910e-01  4.429361e-01  1.169640e+00
 4.672283e-01 -4.668454e-01  1.169432e+00 -4.427949e-01
 1.169713e+00 -4.417970e-01  4.668513e-01 -4.670683e-01
 4.426253e-01 -1.170001e+00  4.667018e-01 -4.670738e-01
 4.662470e-01 -4.670910e-01  4.429361e-01 -1.169640e+00
 4.672283e-01 -4.668454e-01 -1.169432e+00  4.427949e-01
 1.169713e+00 -4.417970e-01 -4.668513e-01  4.670683e-01
 4.426253e-01 -1.170001e+00 -4.667018e-01  4.670738e-01
 4.662470e-01 -4.670910e-01 -4.429361e-01  1.169640e+00
 4.672283e-01 -4.668454e-01 -1.169432e+00 -4.427949e-01
 1.169713e+00 -4.417970e-01 -4.668513e-01 -4.670683e-01
 4.426253e-01 -1.170001e+00 -4.667018e-01 -4.670738e-01
 4.662470e-01 -4.670910e-01 -4.429361e-01 -1.169640e+00
-4.672283e-01  4.668454e-01  1.169432e+00  4.427949e-01
-1.169713e+00  4.417970e-01  4.668513e-01  4.670683e-01
-4.426253e-01  1.170001e+00  4.667018e-01  4.670738e-01
-4.662470e-01  4.670910e-01  4.429361e-01  1.169640e+00
-4.672283e-01  4.668454e-01  1.169432e+00 -4.427949e-01
-1.169713e+00  4.417970e-01  4.668513e-01 -4.670683e-01
-4.426253e-01  1.170001e+00  4.667018e-01 -4.670738e-01
-4.662470e-01  4.670910e-01  4.429361e-01 -1.169640e+00
-4.672283e-01  4.668454e-01 -1.169432e+00  4.427949e-01
-1.169713e+00  4.417970e-01 -4.668513e-01  4.670683e-01
-4.426253e-01  1.170001e+00 -4.667018e-01  4.670738e-01
-4.662470e-01  4.670910e-01 -4.429361e-01  1.169640e+00
-4.672283e-01  4.668454e-01 -1.169432e+00 -4.427949e-01
-1.169713e+00  4.417970e-01 -4.668513e-01 -4.670683e-01
-4.426253e-01  1.170001e+00 -4.667018e-01 -4.670738e-01
-4.662470e-01  4.670910e-01 -4.429361e-01 -1.169640e+00
-4.672283e-01 -4.668454e-01  1.169432e+00  4.427949e-01
-1.169713e+00 -4.417970e-01  4.668513e-01  4.670683e-01
-4.426253e-01 -1.170001e+00  4.667018e-01  4.670738e-01
-4.662470e-01 -4.670910e-01  4.429361e-01  1.169640e+00
-4.672283e-01 -4.668454e-01  1.169432e+00 -4.427949e-01
-1.169713e+00 -4.417970e-01  4.668513e-01 -4.670683e-01
-4.426253e-01 -1.170001e+00  4.667018e-01 -4.670738e-01
-4.662470e-01 -4.670910e-01  4.429361e-01 -1.169640e+00
-4.672283e-01 -4.668454e-01 -1.169432e+00  4.427949e-01
-1.169713e+00 -4.417970e-01 -4.668513e-01  4.670683e-01
-4.426253e-01 -1.170001e+00 -4.667018e-01  4.670738e-01
-4.662470e-01 -4.670910e-01 -4.429361e-01  1.169640e+00
-4.672283e-01 -4.668454e-01 -1.169432e+00 -4.427949e-01
-1.169713e+00 -4.417970e-01 -4.668513e-01 -4.670683e-01
-4.426253e-01 -1.170001e+00 -4.667018e-01 -4.670738e-01
-4.662470e-01 -4.670910e-01 -4.429361e-01 -1.169640e+00
