 4.803726e-01  4.000622e-01  1.175808e+00  4.825538e-01
 1.173746e+00  4.819010e-01  4.768220e-01  3.976809e-01
 4.006183e-01  4.802434e-01  4.821572e-01  1.175185e+00
 4.810541e-01  1.172179e+00  4.004703e-01  4.774272e-01
 4.803726e-01  4.000622e-01  1.175808e+00 -4.825538e-01
 1.173746e+00  4.819010e-01  4.768220e-01 -3.976809e-01
 4.006183e-01  4.802434e-01  4.821572e-01 -1.175185e+00
 4.810541e-01  1.172179e+00  4.004703e-01 -4.774272e-01
 4.803726e-01  4.000622e-01 -1.175808e+00  4.825538e-01
 1.173746e+00  4.819010e-01 -4.768220e-01  3.976809e-01
 4.006183e-01  4.802434e-01 -4.821572e-01  1.175185e+00
 4.810541e-01  1.172179e+00 -4.004703e-01  4.774272e-01
 4.803726e-01  4.000622e-01 -1.175808e+00 -4.825538e-01
 1.173746e+00  4.819010e-01 -4.768220e-01 -3.976809e-01
 4.006183e-01  4.802434e-01 -4.821572e-01 -1.175185e+00
 4.810541e-01  1.172179e+00 -4.004703e-01 -4.774272e-01
 4.803726e-01 -4.000622e-01  1.175808e+00  4.825538e-01
 1.173746e+00 -4.819010e-01  4.768220e-01  3.976809e-01
 4.006183e-01 -4.802434e-01  4.821572e-01  1.175185e+00
 4.810541e-01 -1.172179e+00  4.004703e-01  4.774272e-01
 4.803726e-01 -4.000622e-01  1.175808e+00 -4.825538e-01
 1.173746e+00 -4.819010e-01  4.768220e-01 -3.976809e-01
 4.006183e-01 -4.802434e-01  4.821572e-01 -1.175185e+00
 4.810541e-01 -1.172179e+00  4.004703e-01 -4.774272e-01
 4.803726e-01 -4.000622e-01 -1.175808e+00  4.825538e-01
 1.173746e+00 -4.819010e-01 -4.768220e-01  3.976809e-01
 4.006183e-01 -4.802434e-01 -4.821572e-01  1.175185e+00
 4.810541e-01 -1.172179e+00 -4.004703e-01  4.774272e-01
 4.803726e-01 -4.000622e-01 -1.175808e+00 -4.825538e-01
 1.173746e+00 -4.819010e-01 -4.768220e-01 -3.976809e-01
 4.006183e-01 -4.802434e-01 -4.821572e-01 -1.175185e+00
 4.810541e-01 -1.172179e+00 -4.004703e-01 -4.774272e-01
-4.803726e-01  4.000622e-01  1.175808e+00  4.825538e-01
-1.173746e+00  4.819010e-01  4.768220e-01  3.976809e-01
-4.006183e-01  4.802434e-01  4.821572e-01  1.175185e+00
-4.810541e-01  1.172179e+00  4.004703e-01  4.774272e-01
-4.803726e-01  4.000622e-01  1.175808e+00 -4.825538e-01
-1.173746e+00  4.819010e-01  4.768220e-01 -3.976809e-01
-4.006183e-01  4.802434e-01  4.821572e-01 -1.175185e+00
-4.810541e-01  1.172179e+00  4.004703e-01 -4.774272e-01
-4.803726e-01  4.000622e-01 -1.175808e+00  4.825538e-01
-1.173746e+00  4.819010e-01 -4.768220e-01  3.976809e-01
-4.006183e-01  4.802434e-01 -4.821572e-01  1.175185e+00
-4.810541e-01  1.172179e+00 -4.004703e-01  4.774272e-01
-4.803726e-01  4.000622e-01 -1.175808e+00 -4.825538e-01
-1.173746e+00  4.819010e-01 -4.768220e-01 -3.976809e-01
-4.006183e-01  4.802434e-01 -4.821572e-01 -1.175185e+00
-4.810541e-01  1.172179e+00 -4.004703e-01 -4.774272e-01
-4.803726e-01 -4.000622e-01  1.175808e+00  4.825538e-01
-1.173746e+00 -4.819010e-01  4.768220e-01  3.976809e-01
-4.006183e-01 -4.802434e-01  4.821572e-01  1.175185e+00
-4.810541e-01 -1.172179e+00  4.004703e-01  4.774272e-01
-4.803726e-01 -4.000622e-01  1.175808e+00 -4.825538e-01
-1.173746e+00 -4.819010e-01  4.768220e-01 -3.976809e-01
-4.006183e-01 -4.802434e-01  4.821572e-01 -1.175185e+00
-4.810541e-01 -1.172179e+00  4.004703e-01 -4.774272e-01
-4.803726e-01 -4.000622e-01 -1.175808e+00  4.825538e-01
-1.173746e+00 -4.819010e-01 -4.768220e-01  3.976809e-01
-4.006183e-01 -4.802434e-01 -4.821572e-01  1.175185e+00
-4.810541e-01 -1.172179e+00 -4.004703e-01  4.774272e-01
-4.803726e-01 -4.000622e-01 -1.175808e+00 -4.825538e-01
-1.173746e+00 -4.819010e-01 -4.768220e-01 -3.976809e-01
-4.006183e-01 -4.802434e-01 -4.821572e-01 -1.175185e+00
-4.810541e-01 -1.172179e+00 -4.004703e-01 -4.774272e-01
