 2.545825e-01  9.575651e-01  2.651561e-01  9.626021e-01
 2.485707e-01  8.444249e-01  3.337034e-01  1.455185e+00
 2.690554e-01  9.894807e-01  8.617226e-01  8.632524e-01
 2.884148e-01  1.068815e+00  1.250503e+00  3.356391e-01
 2.781020e-01  9.261479e-01  2.031512e-01  5.031300e-01
 1.164072e+00  1.338322e+00  2.689620e-01  2.928216e-01
 2.635322e-01  9.492666e-01  5.697769e-01  3.972086e-01
 2.807201e-01  9.494398e-01  7.844826e-01  1.753703e-01
 3.270181e-01  1.419039e+00  2.316520e-01  9.329843e-01
 3.057991e-01  3.386644e-01  3.989683e-01  1.792064e+00
 3.315760e-01  1.417283e+00  7.430215e-01  8.656239e-01
 3.845156e-01  1.528594e+00  1.012867e+00  3.403107e-01
 2.710337e-01  1.234708e+00  1.565190e-01  3.505735e-01
 5.015687e-01  1.660159e+00  2.393388e-01  2.670667e-01
 2.315868e-01  1.225845e+00  4.013323e-01  2.625843e-01
 3.452932e-01  1.394446e+00  6.088355e-01  1.856083e-01
 8.872926e-01  8.401940e-01  2.566814e-01  9.502541e-01
 7.714105e-01  7.921238e-01  3.031681e-01  1.395940e+00
 9.153238e-01  8.682269e-01  8.142991e-01  8.398929e-01
 1.030458e+00  9.337584e-01  1.116934e+00  3.163005e-01
 8.444732e-01  7.980525e-01  2.155420e-01  5.249559e-01
 9.657369e-01  8.029093e-01  2.044928e-01  1.859980e-01
 7.945185e-01  8.190289e-01  5.838870e-01  4.630935e-01
 9.155056e-01  8.153292e-01  6.614622e-01  1.881628e-01
 1.253036e+00  3.229343e-01  2.748874e-01  9.845936e-01
 9.470419e-01  2.914141e-01  3.833989e-01  1.513109e+00
 1.302615e+00  3.316607e-01  8.163117e-01  8.621372e-01
 1.353343e+00  3.170812e-01  1.085089e+00  3.152353e-01
 1.249259e+00  3.091100e-01  1.923674e-01  5.289738e-01
 1.168858e+00  2.752350e-01  2.182133e-01  1.885265e-01
 1.702803e+00  4.030789e-01  3.625045e-01  3.728561e-01
 1.268849e+00  3.037524e-01  6.325166e-01  1.804118e-01
 1.919012e-01  5.423135e-01  2.860616e-01  8.969418e-01
 1.629978e-01  3.455271e-01  2.685299e-01  1.161889e+00
 2.368613e-01  5.999897e-01  9.291980e-01  7.995309e-01
 2.571091e-01  6.310028e-01  1.384651e+00  3.277029e-01
 2.028884e-01  5.171182e-01  2.440782e-01  5.049750e-01
 2.136046e-01  4.707553e-01  2.164198e-01  1.595058e-01
 2.168522e-01  5.498397e-01  6.849323e-01  4.613036e-01
 2.284098e-01  5.493370e-01  7.987182e-01  1.698737e-01
 3.052201e-01  2.999735e-01  1.236950e+00  1.303990e+00
 2.153134e-01  1.907410e-01  5.563441e-01  1.356207e+00
 2.276351e-01  2.104185e-01  1.073025e+00  8.123500e-01
 2.410631e-01  2.037981e-01  1.456579e+00  3.370556e-01
 1.816646e-01  1.502231e-01  2.791053e-01  4.717725e-01
 1.989915e-01  1.645079e-01  2.465162e-01  1.770045e-01
 1.976409e-01  1.640431e-01  7.522523e-01  4.775878e-01
 2.079072e-01  1.774137e-01  8.608624e-01  1.732306e-01
 5.764914e-01  4.318762e-01  2.570947e-01  8.961949e-01
 4.583221e-01  2.966853e-01  2.203466e-01  1.134164e+00
 6.645498e-01  5.266708e-01  8.987586e-01  7.897714e-01
 7.321117e-01  5.773810e-01  1.368693e+00  3.424200e-01
 5.932024e-01  4.584068e-01  2.384164e-01  5.298899e-01
 6.164600e-01  4.533843e-01  2.121166e-01  1.670019e-01
 6.120593e-01  4.959548e-01  6.654338e-01  4.717413e-01
 6.515078e-01  4.880501e-01  7.409005e-01  1.769380e-01
 7.723010e-01  1.787422e-01  3.127405e-01  8.951880e-01
 6.091313e-01  1.630215e-01  3.401238e-01  1.223126e+00
 7.552267e-01  1.954744e-01  9.509702e-01  8.129487e-01
 7.953243e-01  1.951089e-01  1.325881e+00  3.261786e-01
 6.863636e-01  1.686194e-01  2.591867e-01  5.208584e-01
 7.070231e-01  1.738009e-01  2.338220e-01  1.834559e-01
 6.541389e-01  1.740340e-01  7.044769e-01  4.758759e-01
 7.225972e-01  1.765590e-01  7.743804e-01  1.797833e-01
 2.545825e-01  9.575651e-01  2.651561e-01 -9.626021e-01
 2.485707e-01  8.444249e-01  3.337034e-01 -1.455185e+00
 2.690554e-01  9.894807e-01  8.617226e-01 -8.632524e-01
 2.884148e-01  1.068815e+00  1.250503e+00 -3.356391e-01
 2.781020e-01  9.261479e-01  2.031512e-01 -5.031300e-01
 1.164072e+00  1.338322e+00  2.689620e-01 -2.928216e-01
 2.635322e-01  9.492666e-01  5.697769e-01 -3.972086e-01
 2.807201e-01  9.494398e-01  7.844826e-01 -1.753703e-01
 3.270181e-01  1.419039e+00  2.316520e-01 -9.329843e-01
 3.057991e-01  3.386644e-01  3.989683e-01 -1.792064e+00
 3.315760e-01  1.417283e+00  7.430215e-01 -8.656239e-01
 3.845156e-01  1.528594e+00  1.012867e+00 -3.403107e-01
 2.710337e-01  1.234708e+00  1.565190e-01 -3.505735e-01
 5.015687e-01  1.660159e+00  2.393388e-01 -2.670667e-01
 2.315868e-01  1.225845e+00  4.013323e-01 -2.625843e-01
 3.452932e-01  1.394446e+00  6.088355e-01 -1.856083e-01
 8.872926e-01  8.401940e-01  2.566814e-01 -9.502541e-01
 7.714105e-01  7.921238e-01  3.031681e-01 -1.395940e+00
 9.153238e-01  8.682269e-01  8.142991e-01 -8.398929e-01
 1.030458e+00  9.337584e-01  1.116934e+00 -3.163005e-01
 8.444732e-01  7.980525e-01  2.155420e-01 -5.249559e-01
 9.657369e-01  8.029093e-01  2.044928e-01 -1.859980e-01
 7.945185e-01  8.190289e-01  5.838870e-01 -4.630935e-01
 9.155056e-01  8.153292e-01  6.614622e-01 -1.881628e-01
 1.253036e+00  3.229343e-01  2.748874e-01 -9.845936e-01
 9.470419e-01  2.914141e-01  3.833989e-01 -1.513109e+00
 1.302615e+00  3.316607e-01  8.163117e-01 -8.621372e-01
 1.353343e+00  3.170812e-01  1.085089e+00 -3.152353e-01
 1.249259e+00  3.091100e-01  1.923674e-01 -5.289738e-01
 1.168858e+00  2.752350e-01  2.182133e-01 -1.885265e-01
 1.702803e+00  4.030789e-01  3.625045e-01 -3.728561e-01
 1.268849e+00  3.037524e-01  6.325166e-01 -1.804118e-01
 1.919012e-01  5.423135e-01  2.860616e-01 -8.969418e-01
 1.629978e-01  3.455271e-01  2.685299e-01 -1.161889e+00
 2.368613e-01  5.999897e-01  9.291980e-01 -7.995309e-01
 2.571091e-01  6.310028e-01  1.384651e+00 -3.277029e-01
 2.028884e-01  5.171182e-01  2.440782e-01 -5.049750e-01
 2.136046e-01  4.707553e-01  2.164198e-01 -1.595058e-01
 2.168522e-01  5.498397e-01  6.849323e-01 -4.613036e-01
 2.284098e-01  5.493370e-01  7.987182e-01 -1.698737e-01
 3.052201e-01  2.999735e-01  1.236950e+00 -1.303990e+00
 2.153134e-01  1.907410e-01  5.563441e-01 -1.356207e+00
 2.276351e-01  2.104185e-01  1.073025e+00 -8.123500e-01
 2.410631e-01  2.037981e-01  1.456579e+00 -3.370556e-01
 1.816646e-01  1.502231e-01  2.791053e-01 -4.717725e-01
 1.989915e-01  1.645079e-01  2.465162e-01 -1.770045e-01
 1.976409e-01  1.640431e-01  7.522523e-01 -4.775878e-01
 2.079072e-01  1.774137e-01  8.608624e-01 -1.732306e-01
 5.764914e-01  4.318762e-01  2.570947e-01 -8.961949e-01
 4.583221e-01  2.966853e-01  2.203466e-01 -1.134164e+00
 6.645498e-01  5.266708e-01  8.987586e-01 -7.897714e-01
 7.321117e-01  5.773810e-01  1.368693e+00 -3.424200e-01
 5.932024e-01  4.584068e-01  2.384164e-01 -5.298899e-01
 6.164600e-01  4.533843e-01  2.121166e-01 -1.670019e-01
 6.120593e-01  4.959548e-01  6.654338e-01 -4.717413e-01
 6.515078e-01  4.880501e-01  7.409005e-01 -1.769380e-01
 7.723010e-01  1.787422e-01  3.127405e-01 -8.951880e-01
 6.091313e-01  1.630215e-01  3.401238e-01 -1.223126e+00
 7.552267e-01  1.954744e-01  9.509702e-01 -8.129487e-01
 7.953243e-01  1.951089e-01  1.325881e+00 -3.261786e-01
 6.863636e-01  1.686194e-01  2.591867e-01 -5.208584e-01
 7.070231e-01  1.738009e-01  2.338220e-01 -1.834559e-01
 6.541389e-01  1.740340e-01  7.044769e-01 -4.758759e-01
 7.225972e-01  1.765590e-01  7.743804e-01 -1.797833e-01
 2.545825e-01  9.575651e-01 -2.651561e-01  9.626021e-01
 2.485707e-01  8.444249e-01 -3.337034e-01  1.455185e+00
 2.690554e-01  9.894807e-01 -8.617226e-01  8.632524e-01
 2.884148e-01  1.068815e+00 -1.250503e+00  3.356391e-01
 2.781020e-01  9.261479e-01 -2.031512e-01  5.031300e-01
 1.164072e+00  1.338322e+00 -2.689620e-01  2.928216e-01
 2.635322e-01  9.492666e-01 -5.697769e-01  3.972086e-01
 2.807201e-01  9.494398e-01 -7.844826e-01  1.753703e-01
 3.270181e-01  1.419039e+00 -2.316520e-01  9.329843e-01
 3.057991e-01  3.386644e-01 -3.989683e-01  1.792064e+00
 3.315760e-01  1.417283e+00 -7.430215e-01  8.656239e-01
 3.845156e-01  1.528594e+00 -1.012867e+00  3.403107e-01
 2.710337e-01  1.234708e+00 -1.565190e-01  3.505735e-01
 5.015687e-01  1.660159e+00 -2.393388e-01  2.670667e-01
 2.315868e-01  1.225845e+00 -4.013323e-01  2.625843e-01
 3.452932e-01  1.394446e+00 -6.088355e-01  1.856083e-01
 8.872926e-01  8.401940e-01 -2.566814e-01  9.502541e-01
 7.714105e-01  7.921238e-01 -3.031681e-01  1.395940e+00
 9.153238e-01  8.682269e-01 -8.142991e-01  8.398929e-01
 1.030458e+00  9.337584e-01 -1.116934e+00  3.163005e-01
 8.444732e-01  7.980525e-01 -2.155420e-01  5.249559e-01
 9.657369e-01  8.029093e-01 -2.044928e-01  1.859980e-01
 7.945185e-01  8.190289e-01 -5.838870e-01  4.630935e-01
 9.155056e-01  8.153292e-01 -6.614622e-01  1.881628e-01
 1.253036e+00  3.229343e-01 -2.748874e-01  9.845936e-01
 9.470419e-01  2.914141e-01 -3.833989e-01  1.513109e+00
 1.302615e+00  3.316607e-01 -8.163117e-01  8.621372e-01
 1.353343e+00  3.170812e-01 -1.085089e+00  3.152353e-01
 1.249259e+00  3.091100e-01 -1.923674e-01  5.289738e-01
 1.168858e+00  2.752350e-01 -2.182133e-01  1.885265e-01
 1.702803e+00  4.030789e-01 -3.625045e-01  3.728561e-01
 1.268849e+00  3.037524e-01 -6.325166e-01  1.804118e-01
 1.919012e-01  5.423135e-01 -2.860616e-01  8.969418e-01
 1.629978e-01  3.455271e-01 -2.685299e-01  1.161889e+00
 2.368613e-01  5.999897e-01 -9.291980e-01  7.995309e-01
 2.571091e-01  6.310028e-01 -1.384651e+00  3.277029e-01
 2.028884e-01  5.171182e-01 -2.440782e-01  5.049750e-01
 2.136046e-01  4.707553e-01 -2.164198e-01  1.595058e-01
 2.168522e-01  5.498397e-01 -6.849323e-01  4.613036e-01
 2.284098e-01  5.493370e-01 -7.987182e-01  1.698737e-01
 3.052201e-01  2.999735e-01 -1.236950e+00  1.303990e+00
 2.153134e-01  1.907410e-01 -5.563441e-01  1.356207e+00
 2.276351e-01  2.104185e-01 -1.073025e+00  8.123500e-01
 2.410631e-01  2.037981e-01 -1.456579e+00  3.370556e-01
 1.816646e-01  1.502231e-01 -2.791053e-01  4.717725e-01
 1.989915e-01  1.645079e-01 -2.465162e-01  1.770045e-01
 1.976409e-01  1.640431e-01 -7.522523e-01  4.775878e-01
 2.079072e-01  1.774137e-01 -8.608624e-01  1.732306e-01
 5.764914e-01  4.318762e-01 -2.570947e-01  8.961949e-01
 4.583221e-01  2.966853e-01 -2.203466e-01  1.134164e+00
 6.645498e-01  5.266708e-01 -8.987586e-01  7.897714e-01
 7.321117e-01  5.773810e-01 -1.368693e+00  3.424200e-01
 5.932024e-01  4.584068e-01 -2.384164e-01  5.298899e-01
 6.164600e-01  4.533843e-01 -2.121166e-01  1.670019e-01
 6.120593e-01  4.959548e-01 -6.654338e-01  4.717413e-01
 6.515078e-01  4.880501e-01 -7.409005e-01  1.769380e-01
 7.723010e-01  1.787422e-01 -3.127405e-01  8.951880e-01
 6.091313e-01  1.630215e-01 -3.401238e-01  1.223126e+00
 7.552267e-01  1.954744e-01 -9.509702e-01  8.129487e-01
 7.953243e-01  1.951089e-01 -1.325881e+00  3.261786e-01
 6.863636e-01  1.686194e-01 -2.591867e-01  5.208584e-01
 7.070231e-01  1.738009e-01 -2.338220e-01  1.834559e-01
 6.541389e-01  1.740340e-01 -7.044769e-01  4.758759e-01
 7.225972e-01  1.765590e-01 -7.743804e-01  1.797833e-01
 2.545825e-01  9.575651e-01 -2.651561e-01 -9.626021e-01
 2.485707e-01  8.444249e-01 -3.337034e-01 -1.455185e+00
 2.690554e-01  9.894807e-01 -8.617226e-01 -8.632524e-01
 2.884148e-01  1.068815e+00 -1.250503e+00 -3.356391e-01
 2.781020e-01  9.261479e-01 -2.031512e-01 -5.031300e-01
 1.164072e+00  1.338322e+00 -2.689620e-01 -2.928216e-01
 2.635322e-01  9.492666e-01 -5.697769e-01 -3.972086e-01
 2.807201e-01  9.494398e-01 -7.844826e-01 -1.753703e-01
 3.270181e-01  1.419039e+00 -2.316520e-01 -9.329843e-01
 3.057991e-01  3.386644e-01 -3.989683e-01 -1.792064e+00
 3.315760e-01  1.417283e+00 -7.430215e-01 -8.656239e-01
 3.845156e-01  1.528594e+00 -1.012867e+00 -3.403107e-01
 2.710337e-01  1.234708e+00 -1.565190e-01 -3.505735e-01
 5.015687e-01  1.660159e+00 -2.393388e-01 -2.670667e-01
 2.315868e-01  1.225845e+00 -4.013323e-01 -2.625843e-01
 3.452932e-01  1.394446e+00 -6.088355e-01 -1.856083e-01
 8.872926e-01  8.401940e-01 -2.566814e-01 -9.502541e-01
 7.714105e-01  7.921238e-01 -3.031681e-01 -1.395940e+00
 9.153238e-01  8.682269e-01 -8.142991e-01 -8.398929e-01
 1.030458e+00  9.337584e-01 -1.116934e+00 -3.163005e-01
 8.444732e-01  7.980525e-01 -2.155420e-01 -5.249559e-01
 9.657369e-01  8.029093e-01 -2.044928e-01 -1.859980e-01
 7.945185e-01  8.190289e-01 -5.838870e-01 -4.630935e-01
 9.155056e-01  8.153292e-01 -6.614622e-01 -1.881628e-01
 1.253036e+00  3.229343e-01 -2.748874e-01 -9.845936e-01
 9.470419e-01  2.914141e-01 -3.833989e-01 -1.513109e+00
 1.302615e+00  3.316607e-01 -8.163117e-01 -8.621372e-01
 1.353343e+00  3.170812e-01 -1.085089e+00 -3.152353e-01
 1.249259e+00  3.091100e-01 -1.923674e-01 -5.289738e-01
 1.168858e+00  2.752350e-01 -2.182133e-01 -1.885265e-01
 1.702803e+00  4.030789e-01 -3.625045e-01 -3.728561e-01
 1.268849e+00  3.037524e-01 -6.325166e-01 -1.804118e-01
 1.919012e-01  5.423135e-01 -2.860616e-01 -8.969418e-01
 1.629978e-01  3.455271e-01 -2.685299e-01 -1.161889e+00
 2.368613e-01  5.999897e-01 -9.291980e-01 -7.995309e-01
 2.571091e-01  6.310028e-01 -1.384651e+00 -3.277029e-01
 2.028884e-01  5.171182e-01 -2.440782e-01 -5.049750e-01
 2.136046e-01  4.707553e-01 -2.164198e-01 -1.595058e-01
 2.168522e-01  5.498397e-01 -6.849323e-01 -4.613036e-01
 2.284098e-01  5.493370e-01 -7.987182e-01 -1.698737e-01
 3.052201e-01  2.999735e-01 -1.236950e+00 -1.303990e+00
 2.153134e-01  1.907410e-01 -5.563441e-01 -1.356207e+00
 2.276351e-01  2.104185e-01 -1.073025e+00 -8.123500e-01
 2.410631e-01  2.037981e-01 -1.456579e+00 -3.370556e-01
 1.816646e-01  1.502231e-01 -2.791053e-01 -4.717725e-01
 1.989915e-01  1.645079e-01 -2.465162e-01 -1.770045e-01
 1.976409e-01  1.640431e-01 -7.522523e-01 -4.775878e-01
 2.079072e-01  1.774137e-01 -8.608624e-01 -1.732306e-01
 5.764914e-01  4.318762e-01 -2.570947e-01 -8.961949e-01
 4.583221e-01  2.966853e-01 -2.203466e-01 -1.134164e+00
 6.645498e-01  5.266708e-01 -8.987586e-01 -7.897714e-01
 7.321117e-01  5.773810e-01 -1.368693e+00 -3.424200e-01
 5.932024e-01  4.584068e-01 -2.384164e-01 -5.298899e-01
 6.164600e-01  4.533843e-01 -2.121166e-01 -1.670019e-01
 6.120593e-01  4.959548e-01 -6.654338e-01 -4.717413e-01
 6.515078e-01  4.880501e-01 -7.409005e-01 -1.769380e-01
 7.723010e-01  1.787422e-01 -3.127405e-01 -8.951880e-01
 6.091313e-01  1.630215e-01 -3.401238e-01 -1.223126e+00
 7.552267e-01  1.954744e-01 -9.509702e-01 -8.129487e-01
 7.953243e-01  1.951089e-01 -1.325881e+00 -3.261786e-01
 6.863636e-01  1.686194e-01 -2.591867e-01 -5.208584e-01
 7.070231e-01  1.738009e-01 -2.338220e-01 -1.834559e-01
 6.541389e-01  1.740340e-01 -7.044769e-01 -4.758759e-01
 7.225972e-01  1.765590e-01 -7.743804e-01 -1.797833e-01
 2.545825e-01 -9.575651e-01  2.651561e-01  9.626021e-01
 2.485707e-01 -8.444249e-01  3.337034e-01  1.455185e+00
 2.690554e-01 -9.894807e-01  8.617226e-01  8.632524e-01
 2.884148e-01 -1.068815e+00  1.250503e+00  3.356391e-01
 2.781020e-01 -9.261479e-01  2.031512e-01  5.031300e-01
 1.164072e+00 -1.338322e+00  2.689620e-01  2.928216e-01
 2.635322e-01 -9.492666e-01  5.697769e-01  3.972086e-01
 2.807201e-01 -9.494398e-01  7.844826e-01  1.753703e-01
 3.270181e-01 -1.419039e+00  2.316520e-01  9.329843e-01
 3.057991e-01 -3.386644e-01  3.989683e-01  1.792064e+00
 3.315760e-01 -1.417283e+00  7.430215e-01  8.656239e-01
 3.845156e-01 -1.528594e+00  1.012867e+00  3.403107e-01
 2.710337e-01 -1.234708e+00  1.565190e-01  3.505735e-01
 5.015687e-01 -1.660159e+00  2.393388e-01  2.670667e-01
 2.315868e-01 -1.225845e+00  4.013323e-01  2.625843e-01
 3.452932e-01 -1.394446e+00  6.088355e-01  1.856083e-01
 8.872926e-01 -8.401940e-01  2.566814e-01  9.502541e-01
 7.714105e-01 -7.921238e-01  3.031681e-01  1.395940e+00
 9.153238e-01 -8.682269e-01  8.142991e-01  8.398929e-01
 1.030458e+00 -9.337584e-01  1.116934e+00  3.163005e-01
 8.444732e-01 -7.980525e-01  2.155420e-01  5.249559e-01
 9.657369e-01 -8.029093e-01  2.044928e-01  1.859980e-01
 7.945185e-01 -8.190289e-01  5.838870e-01  4.630935e-01
 9.155056e-01 -8.153292e-01  6.614622e-01  1.881628e-01
 1.253036e+00 -3.229343e-01  2.748874e-01  9.845936e-01
 9.470419e-01 -2.914141e-01  3.833989e-01  1.513109e+00
 1.302615e+00 -3.316607e-01  8.163117e-01  8.621372e-01
 1.353343e+00 -3.170812e-01  1.085089e+00  3.152353e-01
 1.249259e+00 -3.091100e-01  1.923674e-01  5.289738e-01
 1.168858e+00 -2.752350e-01  2.182133e-01  1.885265e-01
 1.702803e+00 -4.030789e-01  3.625045e-01  3.728561e-01
 1.268849e+00 -3.037524e-01  6.325166e-01  1.804118e-01
 1.919012e-01 -5.423135e-01  2.860616e-01  8.969418e-01
 1.629978e-01 -3.455271e-01  2.685299e-01  1.161889e+00
 2.368613e-01 -5.999897e-01  9.291980e-01  7.995309e-01
 2.571091e-01 -6.310028e-01  1.384651e+00  3.277029e-01
 2.028884e-01 -5.171182e-01  2.440782e-01  5.049750e-01
 2.136046e-01 -4.707553e-01  2.164198e-01  1.595058e-01
 2.168522e-01 -5.498397e-01  6.849323e-01  4.613036e-01
 2.284098e-01 -5.493370e-01  7.987182e-01  1.698737e-01
 3.052201e-01 -2.999735e-01  1.236950e+00  1.303990e+00
 2.153134e-01 -1.907410e-01  5.563441e-01  1.356207e+00
 2.276351e-01 -2.104185e-01  1.073025e+00  8.123500e-01
 2.410631e-01 -2.037981e-01  1.456579e+00  3.370556e-01
 1.816646e-01 -1.502231e-01  2.791053e-01  4.717725e-01
 1.989915e-01 -1.645079e-01  2.465162e-01  1.770045e-01
 1.976409e-01 -1.640431e-01  7.522523e-01  4.775878e-01
 2.079072e-01 -1.774137e-01  8.608624e-01  1.732306e-01
 5.764914e-01 -4.318762e-01  2.570947e-01  8.961949e-01
 4.583221e-01 -2.966853e-01  2.203466e-01  1.134164e+00
 6.645498e-01 -5.266708e-01  8.987586e-01  7.897714e-01
 7.321117e-01 -5.773810e-01  1.368693e+00  3.424200e-01
 5.932024e-01 -4.584068e-01  2.384164e-01  5.298899e-01
 6.164600e-01 -4.533843e-01  2.121166e-01  1.670019e-01
 6.120593e-01 -4.959548e-01  6.654338e-01  4.717413e-01
 6.515078e-01 -4.880501e-01  7.409005e-01  1.769380e-01
 7.723010e-01 -1.787422e-01  3.127405e-01  8.951880e-01
 6.091313e-01 -1.630215e-01  3.401238e-01  1.223126e+00
 7.552267e-01 -1.954744e-01  9.509702e-01  8.129487e-01
 7.953243e-01 -1.951089e-01  1.325881e+00  3.261786e-01
 6.863636e-01 -1.686194e-01  2.591867e-01  5.208584e-01
 7.070231e-01 -1.738009e-01  2.338220e-01  1.834559e-01
 6.541389e-01 -1.740340e-01  7.044769e-01  4.758759e-01
 7.225972e-01 -1.765590e-01  7.743804e-01  1.797833e-01
 2.545825e-01 -9.575651e-01  2.651561e-01 -9.626021e-01
 2.485707e-01 -8.444249e-01  3.337034e-01 -1.455185e+00
 2.690554e-01 -9.894807e-01  8.617226e-01 -8.632524e-01
 2.884148e-01 -1.068815e+00  1.250503e+00 -3.356391e-01
 2.781020e-01 -9.261479e-01  2.031512e-01 -5.031300e-01
 1.164072e+00 -1.338322e+00  2.689620e-01 -2.928216e-01
 2.635322e-01 -9.492666e-01  5.697769e-01 -3.972086e-01
 2.807201e-01 -9.494398e-01  7.844826e-01 -1.753703e-01
 3.270181e-01 -1.419039e+00  2.316520e-01 -9.329843e-01
 3.057991e-01 -3.386644e-01  3.989683e-01 -1.792064e+00
 3.315760e-01 -1.417283e+00  7.430215e-01 -8.656239e-01
 3.845156e-01 -1.528594e+00  1.012867e+00 -3.403107e-01
 2.710337e-01 -1.234708e+00  1.565190e-01 -3.505735e-01
 5.015687e-01 -1.660159e+00  2.393388e-01 -2.670667e-01
 2.315868e-01 -1.225845e+00  4.013323e-01 -2.625843e-01
 3.452932e-01 -1.394446e+00  6.088355e-01 -1.856083e-01
 8.872926e-01 -8.401940e-01  2.566814e-01 -9.502541e-01
 7.714105e-01 -7.921238e-01  3.031681e-01 -1.395940e+00
 9.153238e-01 -8.682269e-01  8.142991e-01 -8.398929e-01
 1.030458e+00 -9.337584e-01  1.116934e+00 -3.163005e-01
 8.444732e-01 -7.980525e-01  2.155420e-01 -5.249559e-01
 9.657369e-01 -8.029093e-01  2.044928e-01 -1.859980e-01
 7.945185e-01 -8.190289e-01  5.838870e-01 -4.630935e-01
 9.155056e-01 -8.153292e-01  6.614622e-01 -1.881628e-01
 1.253036e+00 -3.229343e-01  2.748874e-01 -9.845936e-01
 9.470419e-01 -2.914141e-01  3.833989e-01 -1.513109e+00
 1.302615e+00 -3.316607e-01  8.163117e-01 -8.621372e-01
 1.353343e+00 -3.170812e-01  1.085089e+00 -3.152353e-01
 1.249259e+00 -3.091100e-01  1.923674e-01 -5.289738e-01
 1.168858e+00 -2.752350e-01  2.182133e-01 -1.885265e-01
 1.702803e+00 -4.030789e-01  3.625045e-01 -3.728561e-01
 1.268849e+00 -3.037524e-01  6.325166e-01 -1.804118e-01
 1.919012e-01 -5.423135e-01  2.860616e-01 -8.969418e-01
 1.629978e-01 -3.455271e-01  2.685299e-01 -1.161889e+00
 2.368613e-01 -5.999897e-01  9.291980e-01 -7.995309e-01
 2.571091e-01 -6.310028e-01  1.384651e+00 -3.277029e-01
 2.028884e-01 -5.171182e-01  2.440782e-01 -5.049750e-01
 2.136046e-01 -4.707553e-01  2.164198e-01 -1.595058e-01
 2.168522e-01 -5.498397e-01  6.849323e-01 -4.613036e-01
 2.284098e-01 -5.493370e-01  7.987182e-01 -1.698737e-01
 3.052201e-01 -2.999735e-01  1.236950e+00 -1.303990e+00
 2.153134e-01 -1.907410e-01  5.563441e-01 -1.356207e+00
 2.276351e-01 -2.104185e-01  1.073025e+00 -8.123500e-01
 2.410631e-01 -2.037981e-01  1.456579e+00 -3.370556e-01
 1.816646e-01 -1.502231e-01  2.791053e-01 -4.717725e-01
 1.989915e-01 -1.645079e-01  2.465162e-01 -1.770045e-01
 1.976409e-01 -1.640431e-01  7.522523e-01 -4.775878e-01
 2.079072e-01 -1.774137e-01  8.608624e-01 -1.732306e-01
 5.764914e-01 -4.318762e-01  2.570947e-01 -8.961949e-01
 4.583221e-01 -2.966853e-01  2.203466e-01 -1.134164e+00
 6.645498e-01 -5.266708e-01  8.987586e-01 -7.897714e-01
 7.321117e-01 -5.773810e-01  1.368693e+00 -3.424200e-01
 5.932024e-01 -4.584068e-01  2.384164e-01 -5.298899e-01
 6.164600e-01 -4.533843e-01  2.121166e-01 -1.670019e-01
 6.120593e-01 -4.959548e-01  6.654338e-01 -4.717413e-01
 6.515078e-01 -4.880501e-01  7.409005e-01 -1.769380e-01
 7.723010e-01 -1.787422e-01  3.127405e-01 -8.951880e-01
 6.091313e-01 -1.630215e-01  3.401238e-01 -1.223126e+00
 7.552267e-01 -1.954744e-01  9.509702e-01 -8.129487e-01
 7.953243e-01 -1.951089e-01  1.325881e+00 -3.261786e-01
 6.863636e-01 -1.686194e-01  2.591867e-01 -5.208584e-01
 7.070231e-01 -1.738009e-01  2.338220e-01 -1.834559e-01
 6.541389e-01 -1.740340e-01  7.044769e-01 -4.758759e-01
 7.225972e-01 -1.765590e-01  7.743804e-01 -1.797833e-01
 2.545825e-01 -9.575651e-01 -2.651561e-01  9.626021e-01
 2.485707e-01 -8.444249e-01 -3.337034e-01  1.455185e+00
 2.690554e-01 -9.894807e-01 -8.617226e-01  8.632524e-01
 2.884148e-01 -1.068815e+00 -1.250503e+00  3.356391e-01
 2.781020e-01 -9.261479e-01 -2.031512e-01  5.031300e-01
 1.164072e+00 -1.338322e+00 -2.689620e-01  2.928216e-01
 2.635322e-01 -9.492666e-01 -5.697769e-01  3.972086e-01
 2.807201e-01 -9.494398e-01 -7.844826e-01  1.753703e-01
 3.270181e-01 -1.419039e+00 -2.316520e-01  9.329843e-01
 3.057991e-01 -3.386644e-01 -3.989683e-01  1.792064e+00
 3.315760e-01 -1.417283e+00 -7.430215e-01  8.656239e-01
 3.845156e-01 -1.528594e+00 -1.012867e+00  3.403107e-01
 2.710337e-01 -1.234708e+00 -1.565190e-01  3.505735e-01
 5.015687e-01 -1.660159e+00 -2.393388e-01  2.670667e-01
 2.315868e-01 -1.225845e+00 -4.013323e-01  2.625843e-01
 3.452932e-01 -1.394446e+00 -6.088355e-01  1.856083e-01
 8.872926e-01 -8.401940e-01 -2.566814e-01  9.502541e-01
 7.714105e-01 -7.921238e-01 -3.031681e-01  1.395940e+00
 9.153238e-01 -8.682269e-01 -8.142991e-01  8.398929e-01
 1.030458e+00 -9.337584e-01 -1.116934e+00  3.163005e-01
 8.444732e-01 -7.980525e-01 -2.155420e-01  5.249559e-01
 9.657369e-01 -8.029093e-01 -2.044928e-01  1.859980e-01
 7.945185e-01 -8.190289e-01 -5.838870e-01  4.630935e-01
 9.155056e-01 -8.153292e-01 -6.614622e-01  1.881628e-01
 1.253036e+00 -3.229343e-01 -2.748874e-01  9.845936e-01
 9.470419e-01 -2.914141e-01 -3.833989e-01  1.513109e+00
 1.302615e+00 -3.316607e-01 -8.163117e-01  8.621372e-01
 1.353343e+00 -3.170812e-01 -1.085089e+00  3.152353e-01
 1.249259e+00 -3.091100e-01 -1.923674e-01  5.289738e-01
 1.168858e+00 -2.752350e-01 -2.182133e-01  1.885265e-01
 1.702803e+00 -4.030789e-01 -3.625045e-01  3.728561e-01
 1.268849e+00 -3.037524e-01 -6.325166e-01  1.804118e-01
 1.919012e-01 -5.423135e-01 -2.860616e-01  8.969418e-01
 1.629978e-01 -3.455271e-01 -2.685299e-01  1.161889e+00
 2.368613e-01 -5.999897e-01 -9.291980e-01  7.995309e-01
 2.571091e-01 -6.310028e-01 -1.384651e+00  3.277029e-01
 2.028884e-01 -5.171182e-01 -2.440782e-01  5.049750e-01
 2.136046e-01 -4.707553e-01 -2.164198e-01  1.595058e-01
 2.168522e-01 -5.498397e-01 -6.849323e-01  4.613036e-01
 2.284098e-01 -5.493370e-01 -7.987182e-01  1.698737e-01
 3.052201e-01 -2.999735e-01 -1.236950e+00  1.303990e+00
 2.153134e-01 -1.907410e-01 -5.563441e-01  1.356207e+00
 2.276351e-01 -2.104185e-01 -1.073025e+00  8.123500e-01
 2.410631e-01 -2.037981e-01 -1.456579e+00  3.370556e-01
 1.816646e-01 -1.502231e-01 -2.791053e-01  4.717725e-01
 1.989915e-01 -1.645079e-01 -2.465162e-01  1.770045e-01
 1.976409e-01 -1.640431e-01 -7.522523e-01  4.775878e-01
 2.079072e-01 -1.774137e-01 -8.608624e-01  1.732306e-01
 5.764914e-01 -4.318762e-01 -2.570947e-01  8.961949e-01
 4.583221e-01 -2.966853e-01 -2.203466e-01  1.134164e+00
 6.645498e-01 -5.266708e-01 -8.987586e-01  7.897714e-01
 7.321117e-01 -5.773810e-01 -1.368693e+00  3.424200e-01
 5.932024e-01 -4.584068e-01 -2.384164e-01  5.298899e-01
 6.164600e-01 -4.533843e-01 -2.121166e-01  1.670019e-01
 6.120593e-01 -4.959548e-01 -6.654338e-01  4.717413e-01
 6.515078e-01 -4.880501e-01 -7.409005e-01  1.769380e-01
 7.723010e-01 -1.787422e-01 -3.127405e-01  8.951880e-01
 6.091313e-01 -1.630215e-01 -3.401238e-01  1.223126e+00
 7.552267e-01 -1.954744e-01 -9.509702e-01  8.129487e-01
 7.953243e-01 -1.951089e-01 -1.325881e+00  3.261786e-01
 6.863636e-01 -1.686194e-01 -2.591867e-01  5.208584e-01
 7.070231e-01 -1.738009e-01 -2.338220e-01  1.834559e-01
 6.541389e-01 -1.740340e-01 -7.044769e-01  4.758759e-01
 7.225972e-01 -1.765590e-01 -7.743804e-01  1.797833e-01
 2.545825e-01 -9.575651e-01 -2.651561e-01 -9.626021e-01
 2.485707e-01 -8.444249e-01 -3.337034e-01 -1.455185e+00
 2.690554e-01 -9.894807e-01 -8.617226e-01 -8.632524e-01
 2.884148e-01 -1.068815e+00 -1.250503e+00 -3.356391e-01
 2.781020e-01 -9.261479e-01 -2.031512e-01 -5.031300e-01
 1.164072e+00 -1.338322e+00 -2.689620e-01 -2.928216e-01
 2.635322e-01 -9.492666e-01 -5.697769e-01 -3.972086e-01
 2.807201e-01 -9.494398e-01 -7.844826e-01 -1.753703e-01
 3.270181e-01 -1.419039e+00 -2.316520e-01 -9.329843e-01
 3.057991e-01 -3.386644e-01 -3.989683e-01 -1.792064e+00
 3.315760e-01 -1.417283e+00 -7.430215e-01 -8.656239e-01
 3.845156e-01 -1.528594e+00 -1.012867e+00 -3.403107e-01
 2.710337e-01 -1.234708e+00 -1.565190e-01 -3.505735e-01
 5.015687e-01 -1.660159e+00 -2.393388e-01 -2.670667e-01
 2.315868e-01 -1.225845e+00 -4.013323e-01 -2.625843e-01
 3.452932e-01 -1.394446e+00 -6.088355e-01 -1.856083e-01
 8.872926e-01 -8.401940e-01 -2.566814e-01 -9.502541e-01
 7.714105e-01 -7.921238e-01 -3.031681e-01 -1.395940e+00
 9.153238e-01 -8.682269e-01 -8.142991e-01 -8.398929e-01
 1.030458e+00 -9.337584e-01 -1.116934e+00 -3.163005e-01
 8.444732e-01 -7.980525e-01 -2.155420e-01 -5.249559e-01
 9.657369e-01 -8.029093e-01 -2.044928e-01 -1.859980e-01
 7.945185e-01 -8.190289e-01 -5.838870e-01 -4.630935e-01
 9.155056e-01 -8.153292e-01 -6.614622e-01 -1.881628e-01
 1.253036e+00 -3.229343e-01 -2.748874e-01 -9.845936e-01
 9.470419e-01 -2.914141e-01 -3.833989e-01 -1.513109e+00
 1.302615e+00 -3.316607e-01 -8.163117e-01 -8.621372e-01
 1.353343e+00 -3.170812e-01 -1.085089e+00 -3.152353e-01
 1.249259e+00 -3.091100e-01 -1.923674e-01 -5.289738e-01
 1.168858e+00 -2.752350e-01 -2.182133e-01 -1.885265e-01
 1.702803e+00 -4.030789e-01 -3.625045e-01 -3.728561e-01
 1.268849e+00 -3.037524e-01 -6.325166e-01 -1.804118e-01
 1.919012e-01 -5.423135e-01 -2.860616e-01 -8.969418e-01
 1.629978e-01 -3.455271e-01 -2.685299e-01 -1.161889e+00
 2.368613e-01 -5.999897e-01 -9.291980e-01 -7.995309e-01
 2.571091e-01 -6.310028e-01 -1.384651e+00 -3.277029e-01
 2.028884e-01 -5.171182e-01 -2.440782e-01 -5.049750e-01
 2.136046e-01 -4.707553e-01 -2.164198e-01 -1.595058e-01
 2.168522e-01 -5.498397e-01 -6.849323e-01 -4.613036e-01
 2.284098e-01 -5.493370e-01 -7.987182e-01 -1.698737e-01
 3.052201e-01 -2.999735e-01 -1.236950e+00 -1.303990e+00
 2.153134e-01 -1.907410e-01 -5.563441e-01 -1.356207e+00
 2.276351e-01 -2.104185e-01 -1.073025e+00 -8.123500e-01
 2.410631e-01 -2.037981e-01 -1.456579e+00 -3.370556e-01
 1.816646e-01 -1.502231e-01 -2.791053e-01 -4.717725e-01
 1.989915e-01 -1.645079e-01 -2.465162e-01 -1.770045e-01
 1.976409e-01 -1.640431e-01 -7.522523e-01 -4.775878e-01
 2.079072e-01 -1.774137e-01 -8.608624e-01 -1.732306e-01
 5.764914e-01 -4.318762e-01 -2.570947e-01 -8.961949e-01
 4.583221e-01 -2.966853e-01 -2.203466e-01 -1.134164e+00
 6.645498e-01 -5.266708e-01 -8.987586e-01 -7.897714e-01
 7.321117e-01 -5.773810e-01 -1.368693e+00 -3.424200e-01
 5.932024e-01 -4.584068e-01 -2.384164e-01 -5.298899e-01
 6.164600e-01 -4.533843e-01 -2.121166e-01 -1.670019e-01
 6.120593e-01 -4.959548e-01 -6.654338e-01 -4.717413e-01
 6.515078e-01 -4.880501e-01 -7.409005e-01 -1.769380e-01
 7.723010e-01 -1.787422e-01 -3.127405e-01 -8.951880e-01
 6.091313e-01 -1.630215e-01 -3.401238e-01 -1.223126e+00
 7.552267e-01 -1.954744e-01 -9.509702e-01 -8.129487e-01
 7.953243e-01 -1.951089e-01 -1.325881e+00 -3.261786e-01
 6.863636e-01 -1.686194e-01 -2.591867e-01 -5.208584e-01
 7.070231e-01 -1.738009e-01 -2.338220e-01 -1.834559e-01
 6.541389e-01 -1.740340e-01 -7.044769e-01 -4.758759e-01
 7.225972e-01 -1.765590e-01 -7.743804e-01 -1.797833e-01
-2.545825e-01  9.575651e-01  2.651561e-01  9.626021e-01
-2.485707e-01  8.444249e-01  3.337034e-01  1.455185e+00
-2.690554e-01  9.894807e-01  8.617226e-01  8.632524e-01
-2.884148e-01  1.068815e+00  1.250503e+00  3.356391e-01
-2.781020e-01  9.261479e-01  2.031512e-01  5.031300e-01
-1.164072e+00  1.338322e+00  2.689620e-01  2.928216e-01
-2.635322e-01  9.492666e-01  5.697769e-01  3.972086e-01
-2.807201e-01  9.494398e-01  7.844826e-01  1.753703e-01
-3.270181e-01  1.419039e+00  2.316520e-01  9.329843e-01
-3.057991e-01  3.386644e-01  3.989683e-01  1.792064e+00
-3.315760e-01  1.417283e+00  7.430215e-01  8.656239e-01
-3.845156e-01  1.528594e+00  1.012867e+00  3.403107e-01
-2.710337e-01  1.234708e+00  1.565190e-01  3.505735e-01
-5.015687e-01  1.660159e+00  2.393388e-01  2.670667e-01
-2.315868e-01  1.225845e+00  4.013323e-01  2.625843e-01
-3.452932e-01  1.394446e+00  6.088355e-01  1.856083e-01
-8.872926e-01  8.401940e-01  2.566814e-01  9.502541e-01
-7.714105e-01  7.921238e-01  3.031681e-01  1.395940e+00
-9.153238e-01  8.682269e-01  8.142991e-01  8.398929e-01
-1.030458e+00  9.337584e-01  1.116934e+00  3.163005e-01
-8.444732e-01  7.980525e-01  2.155420e-01  5.249559e-01
-9.657369e-01  8.029093e-01  2.044928e-01  1.859980e-01
-7.945185e-01  8.190289e-01  5.838870e-01  4.630935e-01
-9.155056e-01  8.153292e-01  6.614622e-01  1.881628e-01
-1.253036e+00  3.229343e-01  2.748874e-01  9.845936e-01
-9.470419e-01  2.914141e-01  3.833989e-01  1.513109e+00
-1.302615e+00  3.316607e-01  8.163117e-01  8.621372e-01
-1.353343e+00  3.170812e-01  1.085089e+00  3.152353e-01
-1.249259e+00  3.091100e-01  1.923674e-01  5.289738e-01
-1.168858e+00  2.752350e-01  2.182133e-01  1.885265e-01
-1.702803e+00  4.030789e-01  3.625045e-01  3.728561e-01
-1.268849e+00  3.037524e-01  6.325166e-01  1.804118e-01
-1.919012e-01  5.423135e-01  2.860616e-01  8.969418e-01
-1.629978e-01  3.455271e-01  2.685299e-01  1.161889e+00
-2.368613e-01  5.999897e-01  9.291980e-01  7.995309e-01
-2.571091e-01  6.310028e-01  1.384651e+00  3.277029e-01
-2.028884e-01  5.171182e-01  2.440782e-01  5.049750e-01
-2.136046e-01  4.707553e-01  2.164198e-01  1.595058e-01
-2.168522e-01  5.498397e-01  6.849323e-01  4.613036e-01
-2.284098e-01  5.493370e-01  7.987182e-01  1.698737e-01
-3.052201e-01  2.999735e-01  1.236950e+00  1.303990e+00
-2.153134e-01  1.907410e-01  5.563441e-01  1.356207e+00
-2.276351e-01  2.104185e-01  1.073025e+00  8.123500e-01
-2.410631e-01  2.037981e-01  1.456579e+00  3.370556e-01
-1.816646e-01  1.502231e-01  2.791053e-01  4.717725e-01
-1.989915e-01  1.645079e-01  2.465162e-01  1.770045e-01
-1.976409e-01  1.640431e-01  7.522523e-01  4.775878e-01
-2.079072e-01  1.774137e-01  8.608624e-01  1.732306e-01
-5.764914e-01  4.318762e-01  2.570947e-01  8.961949e-01
-4.583221e-01  2.966853e-01  2.203466e-01  1.134164e+00
-6.645498e-01  5.266708e-01  8.987586e-01  7.897714e-01
-7.321117e-01  5.773810e-01  1.368693e+00  3.424200e-01
-5.932024e-01  4.584068e-01  2.384164e-01  5.298899e-01
-6.164600e-01  4.533843e-01  2.121166e-01  1.670019e-01
-6.120593e-01  4.959548e-01  6.654338e-01  4.717413e-01
-6.515078e-01  4.880501e-01  7.409005e-01  1.769380e-01
-7.723010e-01  1.787422e-01  3.127405e-01  8.951880e-01
-6.091313e-01  1.630215e-01  3.401238e-01  1.223126e+00
-7.552267e-01  1.954744e-01  9.509702e-01  8.129487e-01
-7.953243e-01  1.951089e-01  1.325881e+00  3.261786e-01
-6.863636e-01  1.686194e-01  2.591867e-01  5.208584e-01
-7.070231e-01  1.738009e-01  2.338220e-01  1.834559e-01
-6.541389e-01  1.740340e-01  7.044769e-01  4.758759e-01
-7.225972e-01  1.765590e-01  7.743804e-01  1.797833e-01
-2.545825e-01  9.575651e-01  2.651561e-01 -9.626021e-01
-2.485707e-01  8.444249e-01  3.337034e-01 -1.455185e+00
-2.690554e-01  9.894807e-01  8.617226e-01 -8.632524e-01
-2.884148e-01  1.068815e+00  1.250503e+00 -3.356391e-01
-2.781020e-01  9.261479e-01  2.031512e-01 -5.031300e-01
-1.164072e+00  1.338322e+00  2.689620e-01 -2.928216e-01
-2.635322e-01  9.492666e-01  5.697769e-01 -3.972086e-01
-2.807201e-01  9.494398e-01  7.844826e-01 -1.753703e-01
-3.270181e-01  1.419039e+00  2.316520e-01 -9.329843e-01
-3.057991e-01  3.386644e-01  3.989683e-01 -1.792064e+00
-3.315760e-01  1.417283e+00  7.430215e-01 -8.656239e-01
-3.845156e-01  1.528594e+00  1.012867e+00 -3.403107e-01
-2.710337e-01  1.234708e+00  1.565190e-01 -3.505735e-01
-5.015687e-01  1.660159e+00  2.393388e-01 -2.670667e-01
-2.315868e-01  1.225845e+00  4.013323e-01 -2.625843e-01
-3.452932e-01  1.394446e+00  6.088355e-01 -1.856083e-01
-8.872926e-01  8.401940e-01  2.566814e-01 -9.502541e-01
-7.714105e-01  7.921238e-01  3.031681e-01 -1.395940e+00
-9.153238e-01  8.682269e-01  8.142991e-01 -8.398929e-01
-1.030458e+00  9.337584e-01  1.116934e+00 -3.163005e-01
-8.444732e-01  7.980525e-01  2.155420e-01 -5.249559e-01
-9.657369e-01  8.029093e-01  2.044928e-01 -1.859980e-01
-7.945185e-01  8.190289e-01  5.838870e-01 -4.630935e-01
-9.155056e-01  8.153292e-01  6.614622e-01 -1.881628e-01
-1.253036e+00  3.229343e-01  2.748874e-01 -9.845936e-01
-9.470419e-01  2.914141e-01  3.833989e-01 -1.513109e+00
-1.302615e+00  3.316607e-01  8.163117e-01 -8.621372e-01
-1.353343e+00  3.170812e-01  1.085089e+00 -3.152353e-01
-1.249259e+00  3.091100e-01  1.923674e-01 -5.289738e-01
-1.168858e+00  2.752350e-01  2.182133e-01 -1.885265e-01
-1.702803e+00  4.030789e-01  3.625045e-01 -3.728561e-01
-1.268849e+00  3.037524e-01  6.325166e-01 -1.804118e-01
-1.919012e-01  5.423135e-01  2.860616e-01 -8.969418e-01
-1.629978e-01  3.455271e-01  2.685299e-01 -1.161889e+00
-2.368613e-01  5.999897e-01  9.291980e-01 -7.995309e-01
-2.571091e-01  6.310028e-01  1.384651e+00 -3.277029e-01
-2.028884e-01  5.171182e-01  2.440782e-01 -5.049750e-01
-2.136046e-01  4.707553e-01  2.164198e-01 -1.595058e-01
-2.168522e-01  5.498397e-01  6.849323e-01 -4.613036e-01
-2.284098e-01  5.493370e-01  7.987182e-01 -1.698737e-01
-3.052201e-01  2.999735e-01  1.236950e+00 -1.303990e+00
-2.153134e-01  1.907410e-01  5.563441e-01 -1.356207e+00
-2.276351e-01  2.104185e-01  1.073025e+00 -8.123500e-01
-2.410631e-01  2.037981e-01  1.456579e+00 -3.370556e-01
-1.816646e-01  1.502231e-01  2.791053e-01 -4.717725e-01
-1.989915e-01  1.645079e-01  2.465162e-01 -1.770045e-01
-1.976409e-01  1.640431e-01  7.522523e-01 -4.775878e-01
-2.079072e-01  1.774137e-01  8.608624e-01 -1.732306e-01
-5.764914e-01  4.318762e-01  2.570947e-01 -8.961949e-01
-4.583221e-01  2.966853e-01  2.203466e-01 -1.134164e+00
-6.645498e-01  5.266708e-01  8.987586e-01 -7.897714e-01
-7.321117e-01  5.773810e-01  1.368693e+00 -3.424200e-01
-5.932024e-01  4.584068e-01  2.384164e-01 -5.298899e-01
-6.164600e-01  4.533843e-01  2.121166e-01 -1.670019e-01
-6.120593e-01  4.959548e-01  6.654338e-01 -4.717413e-01
-6.515078e-01  4.880501e-01  7.409005e-01 -1.769380e-01
-7.723010e-01  1.787422e-01  3.127405e-01 -8.951880e-01
-6.091313e-01  1.630215e-01  3.401238e-01 -1.223126e+00
-7.552267e-01  1.954744e-01  9.509702e-01 -8.129487e-01
-7.953243e-01  1.951089e-01  1.325881e+00 -3.261786e-01
-6.863636e-01  1.686194e-01  2.591867e-01 -5.208584e-01
-7.070231e-01  1.738009e-01  2.338220e-01 -1.834559e-01
-6.541389e-01  1.740340e-01  7.044769e-01 -4.758759e-01
-7.225972e-01  1.765590e-01  7.743804e-01 -1.797833e-01
-2.545825e-01  9.575651e-01 -2.651561e-01  9.626021e-01
-2.485707e-01  8.444249e-01 -3.337034e-01  1.455185e+00
-2.690554e-01  9.894807e-01 -8.617226e-01  8.632524e-01
-2.884148e-01  1.068815e+00 -1.250503e+00  3.356391e-01
-2.781020e-01  9.261479e-01 -2.031512e-01  5.031300e-01
-1.164072e+00  1.338322e+00 -2.689620e-01  2.928216e-01
-2.635322e-01  9.492666e-01 -5.697769e-01  3.972086e-01
-2.807201e-01  9.494398e-01 -7.844826e-01  1.753703e-01
-3.270181e-01  1.419039e+00 -2.316520e-01  9.329843e-01
-3.057991e-01  3.386644e-01 -3.989683e-01  1.792064e+00
-3.315760e-01  1.417283e+00 -7.430215e-01  8.656239e-01
-3.845156e-01  1.528594e+00 -1.012867e+00  3.403107e-01
-2.710337e-01  1.234708e+00 -1.565190e-01  3.505735e-01
-5.015687e-01  1.660159e+00 -2.393388e-01  2.670667e-01
-2.315868e-01  1.225845e+00 -4.013323e-01  2.625843e-01
-3.452932e-01  1.394446e+00 -6.088355e-01  1.856083e-01
-8.872926e-01  8.401940e-01 -2.566814e-01  9.502541e-01
-7.714105e-01  7.921238e-01 -3.031681e-01  1.395940e+00
-9.153238e-01  8.682269e-01 -8.142991e-01  8.398929e-01
-1.030458e+00  9.337584e-01 -1.116934e+00  3.163005e-01
-8.444732e-01  7.980525e-01 -2.155420e-01  5.249559e-01
-9.657369e-01  8.029093e-01 -2.044928e-01  1.859980e-01
-7.945185e-01  8.190289e-01 -5.838870e-01  4.630935e-01
-9.155056e-01  8.153292e-01 -6.614622e-01  1.881628e-01
-1.253036e+00  3.229343e-01 -2.748874e-01  9.845936e-01
-9.470419e-01  2.914141e-01 -3.833989e-01  1.513109e+00
-1.302615e+00  3.316607e-01 -8.163117e-01  8.621372e-01
-1.353343e+00  3.170812e-01 -1.085089e+00  3.152353e-01
-1.249259e+00  3.091100e-01 -1.923674e-01  5.289738e-01
-1.168858e+00  2.752350e-01 -2.182133e-01  1.885265e-01
-1.702803e+00  4.030789e-01 -3.625045e-01  3.728561e-01
-1.268849e+00  3.037524e-01 -6.325166e-01  1.804118e-01
-1.919012e-01  5.423135e-01 -2.860616e-01  8.969418e-01
-1.629978e-01  3.455271e-01 -2.685299e-01  1.161889e+00
-2.368613e-01  5.999897e-01 -9.291980e-01  7.995309e-01
-2.571091e-01  6.310028e-01 -1.384651e+00  3.277029e-01
-2.028884e-01  5.171182e-01 -2.440782e-01  5.049750e-01
-2.136046e-01  4.707553e-01 -2.164198e-01  1.595058e-01
-2.168522e-01  5.498397e-01 -6.849323e-01  4.613036e-01
-2.284098e-01  5.493370e-01 -7.987182e-01  1.698737e-01
-3.052201e-01  2.999735e-01 -1.236950e+00  1.303990e+00
-2.153134e-01  1.907410e-01 -5.563441e-01  1.356207e+00
-2.276351e-01  2.104185e-01 -1.073025e+00  8.123500e-01
-2.410631e-01  2.037981e-01 -1.456579e+00  3.370556e-01
-1.816646e-01  1.502231e-01 -2.791053e-01  4.717725e-01
-1.989915e-01  1.645079e-01 -2.465162e-01  1.770045e-01
-1.976409e-01  1.640431e-01 -7.522523e-01  4.775878e-01
-2.079072e-01  1.774137e-01 -8.608624e-01  1.732306e-01
-5.764914e-01  4.318762e-01 -2.570947e-01  8.961949e-01
-4.583221e-01  2.966853e-01 -2.203466e-01  1.134164e+00
-6.645498e-01  5.266708e-01 -8.987586e-01  7.897714e-01
-7.321117e-01  5.773810e-01 -1.368693e+00  3.424200e-01
-5.932024e-01  4.584068e-01 -2.384164e-01  5.298899e-01
-6.164600e-01  4.533843e-01 -2.121166e-01  1.670019e-01
-6.120593e-01  4.959548e-01 -6.654338e-01  4.717413e-01
-6.515078e-01  4.880501e-01 -7.409005e-01  1.769380e-01
-7.723010e-01  1.787422e-01 -3.127405e-01  8.951880e-01
-6.091313e-01  1.630215e-01 -3.401238e-01  1.223126e+00
-7.552267e-01  1.954744e-01 -9.509702e-01  8.129487e-01
-7.953243e-01  1.951089e-01 -1.325881e+00  3.261786e-01
-6.863636e-01  1.686194e-01 -2.591867e-01  5.208584e-01
-7.070231e-01  1.738009e-01 -2.338220e-01  1.834559e-01
-6.541389e-01  1.740340e-01 -7.044769e-01  4.758759e-01
-7.225972e-01  1.765590e-01 -7.743804e-01  1.797833e-01
-2.545825e-01  9.575651e-01 -2.651561e-01 -9.626021e-01
-2.485707e-01  8.444249e-01 -3.337034e-01 -1.455185e+00
-2.690554e-01  9.894807e-01 -8.617226e-01 -8.632524e-01
-2.884148e-01  1.068815e+00 -1.250503e+00 -3.356391e-01
-2.781020e-01  9.261479e-01 -2.031512e-01 -5.031300e-01
-1.164072e+00  1.338322e+00 -2.689620e-01 -2.928216e-01
-2.635322e-01  9.492666e-01 -5.697769e-01 -3.972086e-01
-2.807201e-01  9.494398e-01 -7.844826e-01 -1.753703e-01
-3.270181e-01  1.419039e+00 -2.316520e-01 -9.329843e-01
-3.057991e-01  3.386644e-01 -3.989683e-01 -1.792064e+00
-3.315760e-01  1.417283e+00 -7.430215e-01 -8.656239e-01
-3.845156e-01  1.528594e+00 -1.012867e+00 -3.403107e-01
-2.710337e-01  1.234708e+00 -1.565190e-01 -3.505735e-01
-5.015687e-01  1.660159e+00 -2.393388e-01 -2.670667e-01
-2.315868e-01  1.225845e+00 -4.013323e-01 -2.625843e-01
-3.452932e-01  1.394446e+00 -6.088355e-01 -1.856083e-01
-8.872926e-01  8.401940e-01 -2.566814e-01 -9.502541e-01
-7.714105e-01  7.921238e-01 -3.031681e-01 -1.395940e+00
-9.153238e-01  8.682269e-01 -8.142991e-01 -8.398929e-01
-1.030458e+00  9.337584e-01 -1.116934e+00 -3.163005e-01
-8.444732e-01  7.980525e-01 -2.155420e-01 -5.249559e-01
-9.657369e-01  8.029093e-01 -2.044928e-01 -1.859980e-01
-7.945185e-01  8.190289e-01 -5.838870e-01 -4.630935e-01
-9.155056e-01  8.153292e-01 -6.614622e-01 -1.881628e-01
-1.253036e+00  3.229343e-01 -2.748874e-01 -9.845936e-01
-9.470419e-01  2.914141e-01 -3.833989e-01 -1.513109e+00
-1.302615e+00  3.316607e-01 -8.163117e-01 -8.621372e-01
-1.353343e+00  3.170812e-01 -1.085089e+00 -3.152353e-01
-1.249259e+00  3.091100e-01 -1.923674e-01 -5.289738e-01
-1.168858e+00  2.752350e-01 -2.182133e-01 -1.885265e-01
-1.702803e+00  4.030789e-01 -3.625045e-01 -3.728561e-01
-1.268849e+00  3.037524e-01 -6.325166e-01 -1.804118e-01
-1.919012e-01  5.423135e-01 -2.860616e-01 -8.969418e-01
-1.629978e-01  3.455271e-01 -2.685299e-01 -1.161889e+00
-2.368613e-01  5.999897e-01 -9.291980e-01 -7.995309e-01
-2.571091e-01  6.310028e-01 -1.384651e+00 -3.277029e-01
-2.028884e-01  5.171182e-01 -2.440782e-01 -5.049750e-01
-2.136046e-01  4.707553e-01 -2.164198e-01 -1.595058e-01
-2.168522e-01  5.498397e-01 -6.849323e-01 -4.613036e-01
-2.284098e-01  5.493370e-01 -7.987182e-01 -1.698737e-01
-3.052201e-01  2.999735e-01 -1.236950e+00 -1.303990e+00
-2.153134e-01  1.907410e-01 -5.563441e-01 -1.356207e+00
-2.276351e-01  2.104185e-01 -1.073025e+00 -8.123500e-01
-2.410631e-01  2.037981e-01 -1.456579e+00 -3.370556e-01
-1.816646e-01  1.502231e-01 -2.791053e-01 -4.717725e-01
-1.989915e-01  1.645079e-01 -2.465162e-01 -1.770045e-01
-1.976409e-01  1.640431e-01 -7.522523e-01 -4.775878e-01
-2.079072e-01  1.774137e-01 -8.608624e-01 -1.732306e-01
-5.764914e-01  4.318762e-01 -2.570947e-01 -8.961949e-01
-4.583221e-01  2.966853e-01 -2.203466e-01 -1.134164e+00
-6.645498e-01  5.266708e-01 -8.987586e-01 -7.897714e-01
-7.321117e-01  5.773810e-01 -1.368693e+00 -3.424200e-01
-5.932024e-01  4.584068e-01 -2.384164e-01 -5.298899e-01
-6.164600e-01  4.533843e-01 -2.121166e-01 -1.670019e-01
-6.120593e-01  4.959548e-01 -6.654338e-01 -4.717413e-01
-6.515078e-01  4.880501e-01 -7.409005e-01 -1.769380e-01
-7.723010e-01  1.787422e-01 -3.127405e-01 -8.951880e-01
-6.091313e-01  1.630215e-01 -3.401238e-01 -1.223126e+00
-7.552267e-01  1.954744e-01 -9.509702e-01 -8.129487e-01
-7.953243e-01  1.951089e-01 -1.325881e+00 -3.261786e-01
-6.863636e-01  1.686194e-01 -2.591867e-01 -5.208584e-01
-7.070231e-01  1.738009e-01 -2.338220e-01 -1.834559e-01
-6.541389e-01  1.740340e-01 -7.044769e-01 -4.758759e-01
-7.225972e-01  1.765590e-01 -7.743804e-01 -1.797833e-01
-2.545825e-01 -9.575651e-01  2.651561e-01  9.626021e-01
-2.485707e-01 -8.444249e-01  3.337034e-01  1.455185e+00
-2.690554e-01 -9.894807e-01  8.617226e-01  8.632524e-01
-2.884148e-01 -1.068815e+00  1.250503e+00  3.356391e-01
-2.781020e-01 -9.261479e-01  2.031512e-01  5.031300e-01
-1.164072e+00 -1.338322e+00  2.689620e-01  2.928216e-01
-2.635322e-01 -9.492666e-01  5.697769e-01  3.972086e-01
-2.807201e-01 -9.494398e-01  7.844826e-01  1.753703e-01
-3.270181e-01 -1.419039e+00  2.316520e-01  9.329843e-01
-3.057991e-01 -3.386644e-01  3.989683e-01  1.792064e+00
-3.315760e-01 -1.417283e+00  7.430215e-01  8.656239e-01
-3.845156e-01 -1.528594e+00  1.012867e+00  3.403107e-01
-2.710337e-01 -1.234708e+00  1.565190e-01  3.505735e-01
-5.015687e-01 -1.660159e+00  2.393388e-01  2.670667e-01
-2.315868e-01 -1.225845e+00  4.013323e-01  2.625843e-01
-3.452932e-01 -1.394446e+00  6.088355e-01  1.856083e-01
-8.872926e-01 -8.401940e-01  2.566814e-01  9.502541e-01
-7.714105e-01 -7.921238e-01  3.031681e-01  1.395940e+00
-9.153238e-01 -8.682269e-01  8.142991e-01  8.398929e-01
-1.030458e+00 -9.337584e-01  1.116934e+00  3.163005e-01
-8.444732e-01 -7.980525e-01  2.155420e-01  5.249559e-01
-9.657369e-01 -8.029093e-01  2.044928e-01  1.859980e-01
-7.945185e-01 -8.190289e-01  5.838870e-01  4.630935e-01
-9.155056e-01 -8.153292e-01  6.614622e-01  1.881628e-01
-1.253036e+00 -3.229343e-01  2.748874e-01  9.845936e-01
-9.470419e-01 -2.914141e-01  3.833989e-01  1.513109e+00
-1.302615e+00 -3.316607e-01  8.163117e-01  8.621372e-01
-1.353343e+00 -3.170812e-01  1.085089e+00  3.152353e-01
-1.249259e+00 -3.091100e-01  1.923674e-01  5.289738e-01
-1.168858e+00 -2.752350e-01  2.182133e-01  1.885265e-01
-1.702803e+00 -4.030789e-01  3.625045e-01  3.728561e-01
-1.268849e+00 -3.037524e-01  6.325166e-01  1.804118e-01
-1.919012e-01 -5.423135e-01  2.860616e-01  8.969418e-01
-1.629978e-01 -3.455271e-01  2.685299e-01  1.161889e+00
-2.368613e-01 -5.999897e-01  9.291980e-01  7.995309e-01
-2.571091e-01 -6.310028e-01  1.384651e+00  3.277029e-01
-2.028884e-01 -5.171182e-01  2.440782e-01  5.049750e-01
-2.136046e-01 -4.707553e-01  2.164198e-01  1.595058e-01
-2.168522e-01 -5.498397e-01  6.849323e-01  4.613036e-01
-2.284098e-01 -5.493370e-01  7.987182e-01  1.698737e-01
-3.052201e-01 -2.999735e-01  1.236950e+00  1.303990e+00
-2.153134e-01 -1.907410e-01  5.563441e-01  1.356207e+00
-2.276351e-01 -2.104185e-01  1.073025e+00  8.123500e-01
-2.410631e-01 -2.037981e-01  1.456579e+00  3.370556e-01
-1.816646e-01 -1.502231e-01  2.791053e-01  4.717725e-01
-1.989915e-01 -1.645079e-01  2.465162e-01  1.770045e-01
-1.976409e-01 -1.640431e-01  7.522523e-01  4.775878e-01
-2.079072e-01 -1.774137e-01  8.608624e-01  1.732306e-01
-5.764914e-01 -4.318762e-01  2.570947e-01  8.961949e-01
-4.583221e-01 -2.966853e-01  2.203466e-01  1.134164e+00
-6.645498e-01 -5.266708e-01  8.987586e-01  7.897714e-01
-7.321117e-01 -5.773810e-01  1.368693e+00  3.424200e-01
-5.932024e-01 -4.584068e-01  2.384164e-01  5.298899e-01
-6.164600e-01 -4.533843e-01  2.121166e-01  1.670019e-01
-6.120593e-01 -4.959548e-01  6.654338e-01  4.717413e-01
-6.515078e-01 -4.880501e-01  7.409005e-01  1.769380e-01
-7.723010e-01 -1.787422e-01  3.127405e-01  8.951880e-01
-6.091313e-01 -1.630215e-01  3.401238e-01  1.223126e+00
-7.552267e-01 -1.954744e-01  9.509702e-01  8.129487e-01
-7.953243e-01 -1.951089e-01  1.325881e+00  3.261786e-01
-6.863636e-01 -1.686194e-01  2.591867e-01  5.208584e-01
-7.070231e-01 -1.738009e-01  2.338220e-01  1.834559e-01
-6.541389e-01 -1.740340e-01  7.044769e-01  4.758759e-01
-7.225972e-01 -1.765590e-01  7.743804e-01  1.797833e-01
-2.545825e-01 -9.575651e-01  2.651561e-01 -9.626021e-01
-2.485707e-01 -8.444249e-01  3.337034e-01 -1.455185e+00
-2.690554e-01 -9.894807e-01  8.617226e-01 -8.632524e-01
-2.884148e-01 -1.068815e+00  1.250503e+00 -3.356391e-01
-2.781020e-01 -9.261479e-01  2.031512e-01 -5.031300e-01
-1.164072e+00 -1.338322e+00  2.689620e-01 -2.928216e-01
-2.635322e-01 -9.492666e-01  5.697769e-01 -3.972086e-01
-2.807201e-01 -9.494398e-01  7.844826e-01 -1.753703e-01
-3.270181e-01 -1.419039e+00  2.316520e-01 -9.329843e-01
-3.057991e-01 -3.386644e-01  3.989683e-01 -1.792064e+00
-3.315760e-01 -1.417283e+00  7.430215e-01 -8.656239e-01
-3.845156e-01 -1.528594e+00  1.012867e+00 -3.403107e-01
-2.710337e-01 -1.234708e+00  1.565190e-01 -3.505735e-01
-5.015687e-01 -1.660159e+00  2.393388e-01 -2.670667e-01
-2.315868e-01 -1.225845e+00  4.013323e-01 -2.625843e-01
-3.452932e-01 -1.394446e+00  6.088355e-01 -1.856083e-01
-8.872926e-01 -8.401940e-01  2.566814e-01 -9.502541e-01
-7.714105e-01 -7.921238e-01  3.031681e-01 -1.395940e+00
-9.153238e-01 -8.682269e-01  8.142991e-01 -8.398929e-01
-1.030458e+00 -9.337584e-01  1.116934e+00 -3.163005e-01
-8.444732e-01 -7.980525e-01  2.155420e-01 -5.249559e-01
-9.657369e-01 -8.029093e-01  2.044928e-01 -1.859980e-01
-7.945185e-01 -8.190289e-01  5.838870e-01 -4.630935e-01
-9.155056e-01 -8.153292e-01  6.614622e-01 -1.881628e-01
-1.253036e+00 -3.229343e-01  2.748874e-01 -9.845936e-01
-9.470419e-01 -2.914141e-01  3.833989e-01 -1.513109e+00
-1.302615e+00 -3.316607e-01  8.163117e-01 -8.621372e-01
-1.353343e+00 -3.170812e-01  1.085089e+00 -3.152353e-01
-1.249259e+00 -3.091100e-01  1.923674e-01 -5.289738e-01
-1.168858e+00 -2.752350e-01  2.182133e-01 -1.885265e-01
-1.702803e+00 -4.030789e-01  3.625045e-01 -3.728561e-01
-1.268849e+00 -3.037524e-01  6.325166e-01 -1.804118e-01
-1.919012e-01 -5.423135e-01  2.860616e-01 -8.969418e-01
-1.629978e-01 -3.455271e-01  2.685299e-01 -1.161889e+00
-2.368613e-01 -5.999897e-01  9.291980e-01 -7.995309e-01
-2.571091e-01 -6.310028e-01  1.384651e+00 -3.277029e-01
-2.028884e-01 -5.171182e-01  2.440782e-01 -5.049750e-01
-2.136046e-01 -4.707553e-01  2.164198e-01 -1.595058e-01
-2.168522e-01 -5.498397e-01  6.849323e-01 -4.613036e-01
-2.284098e-01 -5.493370e-01  7.987182e-01 -1.698737e-01
-3.052201e-01 -2.999735e-01  1.236950e+00 -1.303990e+00
-2.153134e-01 -1.907410e-01  5.563441e-01 -1.356207e+00
-2.276351e-01 -2.104185e-01  1.073025e+00 -8.123500e-01
-2.410631e-01 -2.037981e-01  1.456579e+00 -3.370556e-01
-1.816646e-01 -1.502231e-01  2.791053e-01 -4.717725e-01
-1.989915e-01 -1.645079e-01  2.465162e-01 -1.770045e-01
-1.976409e-01 -1.640431e-01  7.522523e-01 -4.775878e-01
-2.079072e-01 -1.774137e-01  8.608624e-01 -1.732306e-01
-5.764914e-01 -4.318762e-01  2.570947e-01 -8.961949e-01
-4.583221e-01 -2.966853e-01  2.203466e-01 -1.134164e+00
-6.645498e-01 -5.266708e-01  8.987586e-01 -7.897714e-01
-7.321117e-01 -5.773810e-01  1.368693e+00 -3.424200e-01
-5.932024e-01 -4.584068e-01  2.384164e-01 -5.298899e-01
-6.164600e-01 -4.533843e-01  2.121166e-01 -1.670019e-01
-6.120593e-01 -4.959548e-01  6.654338e-01 -4.717413e-01
-6.515078e-01 -4.880501e-01  7.409005e-01 -1.769380e-01
-7.723010e-01 -1.787422e-01  3.127405e-01 -8.951880e-01
-6.091313e-01 -1.630215e-01  3.401238e-01 -1.223126e+00
-7.552267e-01 -1.954744e-01  9.509702e-01 -8.129487e-01
-7.953243e-01 -1.951089e-01  1.325881e+00 -3.261786e-01
-6.863636e-01 -1.686194e-01  2.591867e-01 -5.208584e-01
-7.070231e-01 -1.738009e-01  2.338220e-01 -1.834559e-01
-6.541389e-01 -1.740340e-01  7.044769e-01 -4.758759e-01
-7.225972e-01 -1.765590e-01  7.743804e-01 -1.797833e-01
-2.545825e-01 -9.575651e-01 -2.651561e-01  9.626021e-01
-2.485707e-01 -8.444249e-01 -3.337034e-01  1.455185e+00
-2.690554e-01 -9.894807e-01 -8.617226e-01  8.632524e-01
-2.884148e-01 -1.068815e+00 -1.250503e+00  3.356391e-01
-2.781020e-01 -9.261479e-01 -2.031512e-01  5.031300e-01
-1.164072e+00 -1.338322e+00 -2.689620e-01  2.928216e-01
-2.635322e-01 -9.492666e-01 -5.697769e-01  3.972086e-01
-2.807201e-01 -9.494398e-01 -7.844826e-01  1.753703e-01
-3.270181e-01 -1.419039e+00 -2.316520e-01  9.329843e-01
-3.057991e-01 -3.386644e-01 -3.989683e-01  1.792064e+00
-3.315760e-01 -1.417283e+00 -7.430215e-01  8.656239e-01
-3.845156e-01 -1.528594e+00 -1.012867e+00  3.403107e-01
-2.710337e-01 -1.234708e+00 -1.565190e-01  3.505735e-01
-5.015687e-01 -1.660159e+00 -2.393388e-01  2.670667e-01
-2.315868e-01 -1.225845e+00 -4.013323e-01  2.625843e-01
-3.452932e-01 -1.394446e+00 -6.088355e-01  1.856083e-01
-8.872926e-01 -8.401940e-01 -2.566814e-01  9.502541e-01
-7.714105e-01 -7.921238e-01 -3.031681e-01  1.395940e+00
-9.153238e-01 -8.682269e-01 -8.142991e-01  8.398929e-01
-1.030458e+00 -9.337584e-01 -1.116934e+00  3.163005e-01
-8.444732e-01 -7.980525e-01 -2.155420e-01  5.249559e-01
-9.657369e-01 -8.029093e-01 -2.044928e-01  1.859980e-01
-7.945185e-01 -8.190289e-01 -5.838870e-01  4.630935e-01
-9.155056e-01 -8.153292e-01 -6.614622e-01  1.881628e-01
-1.253036e+00 -3.229343e-01 -2.748874e-01  9.845936e-01
-9.470419e-01 -2.914141e-01 -3.833989e-01  1.513109e+00
-1.302615e+00 -3.316607e-01 -8.163117e-01  8.621372e-01
-1.353343e+00 -3.170812e-01 -1.085089e+00  3.152353e-01
-1.249259e+00 -3.091100e-01 -1.923674e-01  5.289738e-01
-1.168858e+00 -2.752350e-01 -2.182133e-01  1.885265e-01
-1.702803e+00 -4.030789e-01 -3.625045e-01  3.728561e-01
-1.268849e+00 -3.037524e-01 -6.325166e-01  1.804118e-01
-1.919012e-01 -5.423135e-01 -2.860616e-01  8.969418e-01
-1.629978e-01 -3.455271e-01 -2.685299e-01  1.161889e+00
-2.368613e-01 -5.999897e-01 -9.291980e-01  7.995309e-01
-2.571091e-01 -6.310028e-01 -1.384651e+00  3.277029e-01
-2.028884e-01 -5.171182e-01 -2.440782e-01  5.049750e-01
-2.136046e-01 -4.707553e-01 -2.164198e-01  1.595058e-01
-2.168522e-01 -5.498397e-01 -6.849323e-01  4.613036e-01
-2.284098e-01 -5.493370e-01 -7.987182e-01  1.698737e-01
-3.052201e-01 -2.999735e-01 -1.236950e+00  1.303990e+00
-2.153134e-01 -1.907410e-01 -5.563441e-01  1.356207e+00
-2.276351e-01 -2.104185e-01 -1.073025e+00  8.123500e-01
-2.410631e-01 -2.037981e-01 -1.456579e+00  3.370556e-01
-1.816646e-01 -1.502231e-01 -2.791053e-01  4.717725e-01
-1.989915e-01 -1.645079e-01 -2.465162e-01  1.770045e-01
-1.976409e-01 -1.640431e-01 -7.522523e-01  4.775878e-01
-2.079072e-01 -1.774137e-01 -8.608624e-01  1.732306e-01
-5.764914e-01 -4.318762e-01 -2.570947e-01  8.961949e-01
-4.583221e-01 -2.966853e-01 -2.203466e-01  1.134164e+00
-6.645498e-01 -5.266708e-01 -8.987586e-01  7.897714e-01
-7.321117e-01 -5.773810e-01 -1.368693e+00  3.424200e-01
-5.932024e-01 -4.584068e-01 -2.384164e-01  5.298899e-01
-6.164600e-01 -4.533843e-01 -2.121166e-01  1.670019e-01
-6.120593e-01 -4.959548e-01 -6.654338e-01  4.717413e-01
-6.515078e-01 -4.880501e-01 -7.409005e-01  1.769380e-01
-7.723010e-01 -1.787422e-01 -3.127405e-01  8.951880e-01
-6.091313e-01 -1.630215e-01 -3.401238e-01  1.223126e+00
-7.552267e-01 -1.954744e-01 -9.509702e-01  8.129487e-01
-7.953243e-01 -1.951089e-01 -1.325881e+00  3.261786e-01
-6.863636e-01 -1.686194e-01 -2.591867e-01  5.208584e-01
-7.070231e-01 -1.738009e-01 -2.338220e-01  1.834559e-01
-6.541389e-01 -1.740340e-01 -7.044769e-01  4.758759e-01
-7.225972e-01 -1.765590e-01 -7.743804e-01  1.797833e-01
-2.545825e-01 -9.575651e-01 -2.651561e-01 -9.626021e-01
-2.485707e-01 -8.444249e-01 -3.337034e-01 -1.455185e+00
-2.690554e-01 -9.894807e-01 -8.617226e-01 -8.632524e-01
-2.884148e-01 -1.068815e+00 -1.250503e+00 -3.356391e-01
-2.781020e-01 -9.261479e-01 -2.031512e-01 -5.031300e-01
-1.164072e+00 -1.338322e+00 -2.689620e-01 -2.928216e-01
-2.635322e-01 -9.492666e-01 -5.697769e-01 -3.972086e-01
-2.807201e-01 -9.494398e-01 -7.844826e-01 -1.753703e-01
-3.270181e-01 -1.419039e+00 -2.316520e-01 -9.329843e-01
-3.057991e-01 -3.386644e-01 -3.989683e-01 -1.792064e+00
-3.315760e-01 -1.417283e+00 -7.430215e-01 -8.656239e-01
-3.845156e-01 -1.528594e+00 -1.012867e+00 -3.403107e-01
-2.710337e-01 -1.234708e+00 -1.565190e-01 -3.505735e-01
-5.015687e-01 -1.660159e+00 -2.393388e-01 -2.670667e-01
-2.315868e-01 -1.225845e+00 -4.013323e-01 -2.625843e-01
-3.452932e-01 -1.394446e+00 -6.088355e-01 -1.856083e-01
-8.872926e-01 -8.401940e-01 -2.566814e-01 -9.502541e-01
-7.714105e-01 -7.921238e-01 -3.031681e-01 -1.395940e+00
-9.153238e-01 -8.682269e-01 -8.142991e-01 -8.398929e-01
-1.030458e+00 -9.337584e-01 -1.116934e+00 -3.163005e-01
-8.444732e-01 -7.980525e-01 -2.155420e-01 -5.249559e-01
-9.657369e-01 -8.029093e-01 -2.044928e-01 -1.859980e-01
-7.945185e-01 -8.190289e-01 -5.838870e-01 -4.630935e-01
-9.155056e-01 -8.153292e-01 -6.614622e-01 -1.881628e-01
-1.253036e+00 -3.229343e-01 -2.748874e-01 -9.845936e-01
-9.470419e-01 -2.914141e-01 -3.833989e-01 -1.513109e+00
-1.302615e+00 -3.316607e-01 -8.163117e-01 -8.621372e-01
-1.353343e+00 -3.170812e-01 -1.085089e+00 -3.152353e-01
-1.249259e+00 -3.091100e-01 -1.923674e-01 -5.289738e-01
-1.168858e+00 -2.752350e-01 -2.182133e-01 -1.885265e-01
-1.702803e+00 -4.030789e-01 -3.625045e-01 -3.728561e-01
-1.268849e+00 -3.037524e-01 -6.325166e-01 -1.804118e-01
-1.919012e-01 -5.423135e-01 -2.860616e-01 -8.969418e-01
-1.629978e-01 -3.455271e-01 -2.685299e-01 -1.161889e+00
-2.368613e-01 -5.999897e-01 -9.291980e-01 -7.995309e-01
-2.571091e-01 -6.310028e-01 -1.384651e+00 -3.277029e-01
-2.028884e-01 -5.171182e-01 -2.440782e-01 -5.049750e-01
-2.136046e-01 -4.707553e-01 -2.164198e-01 -1.595058e-01
-2.168522e-01 -5.498397e-01 -6.849323e-01 -4.613036e-01
-2.284098e-01 -5.493370e-01 -7.987182e-01 -1.698737e-01
-3.052201e-01 -2.999735e-01 -1.236950e+00 -1.303990e+00
-2.153134e-01 -1.907410e-01 -5.563441e-01 -1.356207e+00
-2.276351e-01 -2.104185e-01 -1.073025e+00 -8.123500e-01
-2.410631e-01 -2.037981e-01 -1.456579e+00 -3.370556e-01
-1.816646e-01 -1.502231e-01 -2.791053e-01 -4.717725e-01
-1.989915e-01 -1.645079e-01 -2.465162e-01 -1.770045e-01
-1.976409e-01 -1.640431e-01 -7.522523e-01 -4.775878e-01
-2.079072e-01 -1.774137e-01 -8.608624e-01 -1.732306e-01
-5.764914e-01 -4.318762e-01 -2.570947e-01 -8.961949e-01
-4.583221e-01 -2.966853e-01 -2.203466e-01 -1.134164e+00
-6.645498e-01 -5.266708e-01 -8.987586e-01 -7.897714e-01
-7.321117e-01 -5.773810e-01 -1.368693e+00 -3.424200e-01
-5.932024e-01 -4.584068e-01 -2.384164e-01 -5.298899e-01
-6.164600e-01 -4.533843e-01 -2.121166e-01 -1.670019e-01
-6.120593e-01 -4.959548e-01 -6.654338e-01 -4.717413e-01
-6.515078e-01 -4.880501e-01 -7.409005e-01 -1.769380e-01
-7.723010e-01 -1.787422e-01 -3.127405e-01 -8.951880e-01
-6.091313e-01 -1.630215e-01 -3.401238e-01 -1.223126e+00
-7.552267e-01 -1.954744e-01 -9.509702e-01 -8.129487e-01
-7.953243e-01 -1.951089e-01 -1.325881e+00 -3.261786e-01
-6.863636e-01 -1.686194e-01 -2.591867e-01 -5.208584e-01
-7.070231e-01 -1.738009e-01 -2.338220e-01 -1.834559e-01
-6.541389e-01 -1.740340e-01 -7.044769e-01 -4.758759e-01
-7.225972e-01 -1.765590e-01 -7.743804e-01 -1.797833e-01
