 1.170437e+00  4.400602e-01  4.674119e-01  4.679779e-01
 4.667904e-01  4.662172e-01  4.407228e-01  1.170229e+00
 4.672100e-01  4.673102e-01  1.170414e+00  4.397767e-01
 4.402846e-01  1.170498e+00  4.670300e-01  4.669627e-01
 1.170437e+00  4.400602e-01  4.674119e-01 -4.679779e-01
 4.667904e-01  4.662172e-01  4.407228e-01 -1.170229e+00
 4.672100e-01  4.673102e-01  1.170414e+00 -4.397767e-01
 4.402846e-01  1.170498e+00  4.670300e-01 -4.669627e-01
 1.170437e+00  4.400602e-01 -4.674119e-01  4.679779e-01
 4.667904e-01  4.662172e-01 -4.407228e-01  1.170229e+00
 4.672100e-01  4.673102e-01 -1.170414e+00  4.397767e-01
 4.402846e-01  1.170498e+00 -4.670300e-01  4.669627e-01
 1.170437e+00  4.400602e-01 -4.674119e-01 -4.679779e-01
 4.667904e-01  4.662172e-01 -4.407228e-01 -1.170229e+00
 4.672100e-01  4.673102e-01 -1.170414e+00 -4.397767e-01
 4.402846e-01  1.170498e+00 -4.670300e-01 -4.669627e-01
 1.170437e+00 -4.400602e-01  4.674119e-01  4.679779e-01
 4.667904e-01 -4.662172e-01  4.407228e-01  1.170229e+00
 4.672100e-01 -4.673102e-01  1.170414e+00  4.397767e-01
 4.402846e-01 -1.170498e+00  4.670300e-01  4.669627e-01
 1.170437e+00 -4.400602e-01  4.674119e-01 -4.679779e-01
 4.667904e-01 -4.662172e-01  4.407228e-01 -1.170229e+00
 4.672100e-01 -4.673102e-01  1.170414e+00 -4.397767e-01
 4.402846e-01 -1.170498e+00  4.670300e-01 -4.669627e-01
 1.170437e+00 -4.400602e-01 -4.674119e-01  4.679779e-01
 4.667904e-01 -4.662172e-01 -4.407228e-01  1.170229e+00
 4.672100e-01 -4.673102e-01 -1.170414e+00  4.397767e-01
 4.402846e-01 -1.170498e+00 -4.670300e-01  4.669627e-01
 1.170437e+00 -4.400602e-01 -4.674119e-01 -4.679779e-01
 4.667904e-01 -4.662172e-01 -4.407228e-01 -1.170229e+00
 4.672100e-01 -4.673102e-01 -1.170414e+00 -4.397767e-01
 4.402846e-01 -1.170498e+00 -4.670300e-01 -4.669627e-01
-1.170437e+00  4.400602e-01  4.674119e-01  4.679779e-01
-4.667904e-01  4.662172e-01  4.407228e-01  1.170229e+00
-4.672100e-01  4.673102e-01  1.170414e+00  4.397767e-01
-4.402846e-01  1.170498e+00  4.670300e-01  4.669627e-01
-1.170437e+00  4.400602e-01  4.674119e-01 -4.679779e-01
-4.667904e-01  4.662172e-01  4.407228e-01 -1.170229e+00
-4.672100e-01  4.673102e-01  1.170414e+00 -4.397767e-01
-4.402846e-01  1.170498e+00  4.670300e-01 -4.669627e-01
-1.170437e+00  4.400602e-01 -4.674119e-01  4.679779e-01
-4.667904e-01  4.662172e-01 -4.407228e-01  1.170229e+00
-4.672100e-01  4.673102e-01 -1.170414e+00  4.397767e-01
-4.402846e-01  1.170498e+00 -4.670300e-01  4.669627e-01
-1.170437e+00  4.400602e-01 -4.674119e-01 -4.679779e-01
-4.667904e-01  4.662172e-01 -4.407228e-01 -1.170229e+00
-4.672100e-01  4.673102e-01 -1.170414e+00 -4.397767e-01
-4.402846e-01  1.170498e+00 -4.670300e-01 -4.669627e-01
-1.170437e+00 -4.400602e-01  4.674119e-01  4.679779e-01
-4.667904e-01 -4.662172e-01  4.407228e-01  1.170229e+00
-4.672100e-01 -4.673102e-01  1.170414e+00  4.397767e-01
-4.402846e-01 -1.170498e+00  4.670300e-01  4.669627e-01
-1.170437e+00 -4.400602e-01  4.674119e-01 -4.679779e-01
-4.667904e-01 -4.662172e-01  4.407228e-01 -1.170229e+00
-4.672100e-01 -4.673102e-01  1.170414e+00 -4.397767e-01
-4.402846e-01 -1.170498e+00  4.670300e-01 -4.669627e-01
-1.170437e+00 -4.400602e-01 -4.674119e-01  4.679779e-01
-4.667904e-01 -4.662172e-01 -4.407228e-01  1.170229e+00
-4.672100e-01 -4.673102e-01 -1.170414e+00  4.397767e-01
-4.402846e-01 -1.170498e+00 -4.670300e-01  4.669627e-01
-1.170437e+00 -4.400602e-01 -4.674119e-01 -4.679779e-01
-4.667904e-01 -4.662172e-01 -4.407228e-01 -1.170229e+00
-4.672100e-01 -4.673102e-01 -1.170414e+00 -4.397767e-01
-4.402846e-01 -1.170498e+00 -4.670300e-01 -4.669627e-01
