 4.348448e-01  1.160479e+00  5.722878e-01  1.107215e+00
 4.710904e-01  1.202644e+00  1.075198e+00  3.859029e-01
 3.916089e-01  1.091177e+00  2.545958e-01  6.259838e-01
 5.435775e-01  1.278641e+00  3.718884e-01  2.390040e-01
 1.091884e+00  4.797886e-01  5.031303e-01  1.195531e+00
 1.325432e+00  5.706671e-01  9.309248e-01  4.254886e-01
 1.031980e+00  5.050057e-01  2.246025e-01  7.406046e-01
 1.268713e+00  5.143061e-01  3.132294e-01  2.748617e-01
 2.608627e-01  4.230931e-01  9.706364e-01  1.069190e+00
 2.897211e-01  4.429997e-01  1.278354e+00  3.926807e-01
 2.199115e-01  4.859944e-01  3.308987e-01  5.582814e-01
 2.551730e-01  4.533411e-01  5.336719e-01  2.161844e-01
 3.827465e-01  2.921095e-01  3.855281e-01  1.387426e+00
 7.999636e-01  2.798863e-01  1.173732e+00  3.549055e-01
 4.838341e-01  2.593051e-01  2.656473e-01  6.844741e-01
 6.476712e-01  2.551555e-01  4.441779e-01  2.255831e-01
 4.348448e-01  1.160479e+00  5.722878e-01 -1.107215e+00
 4.710904e-01  1.202644e+00  1.075198e+00 -3.859029e-01
 3.916089e-01  1.091177e+00  2.545958e-01 -6.259838e-01
 5.435775e-01  1.278641e+00  3.718884e-01 -2.390040e-01
 1.091884e+00  4.797886e-01  5.031303e-01 -1.195531e+00
 1.325432e+00  5.706671e-01  9.309248e-01 -4.254886e-01
 1.031980e+00  5.050057e-01  2.246025e-01 -7.406046e-01
 1.268713e+00  5.143061e-01  3.132294e-01 -2.748617e-01
 2.608627e-01  4.230931e-01  9.706364e-01 -1.069190e+00
 2.897211e-01  4.429997e-01  1.278354e+00 -3.926807e-01
 2.199115e-01  4.859944e-01  3.308987e-01 -5.582814e-01
 2.551730e-01  4.533411e-01  5.336719e-01 -2.161844e-01
 3.827465e-01  2.921095e-01  3.855281e-01 -1.387426e+00
 7.999636e-01  2.798863e-01  1.173732e+00 -3.549055e-01
 4.838341e-01  2.593051e-01  2.656473e-01 -6.844741e-01
 6.476712e-01  2.551555e-01  4.441779e-01 -2.255831e-01
 4.348448e-01  1.160479e+00 -5.722878e-01  1.107215e+00
 4.710904e-01  1.202644e+00 -1.075198e+00  3.859029e-01
 3.916089e-01  1.091177e+00 -2.545958e-01  6.259838e-01
 5.435775e-01  1.278641e+00 -3.718884e-01  2.390040e-01
 1.091884e+00  4.797886e-01 -5.031303e-01  1.195531e+00
 1.325432e+00  5.706671e-01 -9.309248e-01  4.254886e-01
 1.031980e+00  5.050057e-01 -2.246025e-01  7.406046e-01
 1.268713e+00  5.143061e-01 -3.132294e-01  2.748617e-01
 2.608627e-01  4.230931e-01 -9.706364e-01  1.069190e+00
 2.897211e-01  4.429997e-01 -1.278354e+00  3.926807e-01
 2.199115e-01  4.859944e-01 -3.308987e-01  5.582814e-01
 2.551730e-01  4.533411e-01 -5.336719e-01  2.161844e-01
 3.827465e-01  2.921095e-01 -3.855281e-01  1.387426e+00
 7.999636e-01  2.798863e-01 -1.173732e+00  3.549055e-01
 4.838341e-01  2.593051e-01 -2.656473e-01  6.844741e-01
 6.476712e-01  2.551555e-01 -4.441779e-01  2.255831e-01
 4.348448e-01  1.160479e+00 -5.722878e-01 -1.107215e+00
 4.710904e-01  1.202644e+00 -1.075198e+00 -3.859029e-01
 3.916089e-01  1.091177e+00 -2.545958e-01 -6.259838e-01
 5.435775e-01  1.278641e+00 -3.718884e-01 -2.390040e-01
 1.091884e+00  4.797886e-01 -5.031303e-01 -1.195531e+00
 1.325432e+00  5.706671e-01 -9.309248e-01 -4.254886e-01
 1.031980e+00  5.050057e-01 -2.246025e-01 -7.406046e-01
 1.268713e+00  5.143061e-01 -3.132294e-01 -2.748617e-01
 2.608627e-01  4.230931e-01 -9.706364e-01 -1.069190e+00
 2.897211e-01  4.429997e-01 -1.278354e+00 -3.926807e-01
 2.199115e-01  4.859944e-01 -3.308987e-01 -5.582814e-01
 2.551730e-01  4.533411e-01 -5.336719e-01 -2.161844e-01
 3.827465e-01  2.921095e-01 -3.855281e-01 -1.387426e+00
 7.999636e-01  2.798863e-01 -1.173732e+00 -3.549055e-01
 4.838341e-01  2.593051e-01 -2.656473e-01 -6.844741e-01
 6.476712e-01  2.551555e-01 -4.441779e-01 -2.255831e-01
 4.348448e-01 -1.160479e+00  5.722878e-01  1.107215e+00
 4.710904e-01 -1.202644e+00  1.075198e+00  3.859029e-01
 3.916089e-01 -1.091177e+00  2.545958e-01  6.259838e-01
 5.435775e-01 -1.278641e+00  3.718884e-01  2.390040e-01
 1.091884e+00 -4.797886e-01  5.031303e-01  1.195531e+00
 1.325432e+00 -5.706671e-01  9.309248e-01  4.254886e-01
 1.031980e+00 -5.050057e-01  2.246025e-01  7.406046e-01
 1.268713e+00 -5.143061e-01  3.132294e-01  2.748617e-01
 2.608627e-01 -4.230931e-01  9.706364e-01  1.069190e+00
 2.897211e-01 -4.429997e-01  1.278354e+00  3.926807e-01
 2.199115e-01 -4.859944e-01  3.308987e-01  5.582814e-01
 2.551730e-01 -4.533411e-01  5.336719e-01  2.161844e-01
 3.827465e-01 -2.921095e-01  3.855281e-01  1.387426e+00
 7.999636e-01 -2.798863e-01  1.173732e+00  3.549055e-01
 4.838341e-01 -2.593051e-01  2.656473e-01  6.844741e-01
 6.476712e-01 -2.551555e-01  4.441779e-01  2.255831e-01
 4.348448e-01 -1.160479e+00  5.722878e-01 -1.107215e+00
 4.710904e-01 -1.202644e+00  1.075198e+00 -3.859029e-01
 3.916089e-01 -1.091177e+00  2.545958e-01 -6.259838e-01
 5.435775e-01 -1.278641e+00  3.718884e-01 -2.390040e-01
 1.091884e+00 -4.797886e-01  5.031303e-01 -1.195531e+00
 1.325432e+00 -5.706671e-01  9.309248e-01 -4.254886e-01
 1.031980e+00 -5.050057e-01  2.246025e-01 -7.406046e-01
 1.268713e+00 -5.143061e-01  3.132294e-01 -2.748617e-01
 2.608627e-01 -4.230931e-01  9.706364e-01 -1.069190e+00
 2.897211e-01 -4.429997e-01  1.278354e+00 -3.926807e-01
 2.199115e-01 -4.859944e-01  3.308987e-01 -5.582814e-01
 2.551730e-01 -4.533411e-01  5.336719e-01 -2.161844e-01
 3.827465e-01 -2.921095e-01  3.855281e-01 -1.387426e+00
 7.999636e-01 -2.798863e-01  1.173732e+00 -3.549055e-01
 4.838341e-01 -2.593051e-01  2.656473e-01 -6.844741e-01
 6.476712e-01 -2.551555e-01  4.441779e-01 -2.255831e-01
 4.348448e-01 -1.160479e+00 -5.722878e-01  1.107215e+00
 4.710904e-01 -1.202644e+00 -1.075198e+00  3.859029e-01
 3.916089e-01 -1.091177e+00 -2.545958e-01  6.259838e-01
 5.435775e-01 -1.278641e+00 -3.718884e-01  2.390040e-01
 1.091884e+00 -4.797886e-01 -5.031303e-01  1.195531e+00
 1.325432e+00 -5.706671e-01 -9.309248e-01  4.254886e-01
 1.031980e+00 -5.050057e-01 -2.246025e-01  7.406046e-01
 1.268713e+00 -5.143061e-01 -3.132294e-01  2.748617e-01
 2.608627e-01 -4.230931e-01 -9.706364e-01  1.069190e+00
 2.897211e-01 -4.429997e-01 -1.278354e+00  3.926807e-01
 2.199115e-01 -4.859944e-01 -3.308987e-01  5.582814e-01
 2.551730e-01 -4.533411e-01 -5.336719e-01  2.161844e-01
 3.827465e-01 -2.921095e-01 -3.855281e-01  1.387426e+00
 7.999636e-01 -2.798863e-01 -1.173732e+00  3.549055e-01
 4.838341e-01 -2.593051e-01 -2.656473e-01  6.844741e-01
 6.476712e-01 -2.551555e-01 -4.441779e-01  2.255831e-01
 4.348448e-01 -1.160479e+00 -5.722878e-01 -1.107215e+00
 4.710904e-01 -1.202644e+00 -1.075198e+00 -3.859029e-01
 3.916089e-01 -1.091177e+00 -2.545958e-01 -6.259838e-01
 5.435775e-01 -1.278641e+00 -3.718884e-01 -2.390040e-01
 1.091884e+00 -4.797886e-01 -5.031303e-01 -1.195531e+00
 1.325432e+00 -5.706671e-01 -9.309248e-01 -4.254886e-01
 1.031980e+00 -5.050057e-01 -2.246025e-01 -7.406046e-01
 1.268713e+00 -5.143061e-01 -3.132294e-01 -2.748617e-01
 2.608627e-01 -4.230931e-01 -9.706364e-01 -1.069190e+00
 2.897211e-01 -4.429997e-01 -1.278354e+00 -3.926807e-01
 2.199115e-01 -4.859944e-01 -3.308987e-01 -5.582814e-01
 2.551730e-01 -4.533411e-01 -5.336719e-01 -2.161844e-01
 3.827465e-01 -2.921095e-01 -3.855281e-01 -1.387426e+00
 7.999636e-01 -2.798863e-01 -1.173732e+00 -3.549055e-01
 4.838341e-01 -2.593051e-01 -2.656473e-01 -6.844741e-01
 6.476712e-01 -2.551555e-01 -4.441779e-01 -2.255831e-01
-4.348448e-01  1.160479e+00  5.722878e-01  1.107215e+00
-4.710904e-01  1.202644e+00  1.075198e+00  3.859029e-01
-3.916089e-01  1.091177e+00  2.545958e-01  6.259838e-01
-5.435775e-01  1.278641e+00  3.718884e-01  2.390040e-01
-1.091884e+00  4.797886e-01  5.031303e-01  1.195531e+00
-1.325432e+00  5.706671e-01  9.309248e-01  4.254886e-01
-1.031980e+00  5.050057e-01  2.246025e-01  7.406046e-01
-1.268713e+00  5.143061e-01  3.132294e-01  2.748617e-01
-2.608627e-01  4.230931e-01  9.706364e-01  1.069190e+00
-2.897211e-01  4.429997e-01  1.278354e+00  3.926807e-01
-2.199115e-01  4.859944e-01  3.308987e-01  5.582814e-01
-2.551730e-01  4.533411e-01  5.336719e-01  2.161844e-01
-3.827465e-01  2.921095e-01  3.855281e-01  1.387426e+00
-7.999636e-01  2.798863e-01  1.173732e+00  3.549055e-01
-4.838341e-01  2.593051e-01  2.656473e-01  6.844741e-01
-6.476712e-01  2.551555e-01  4.441779e-01  2.255831e-01
-4.348448e-01  1.160479e+00  5.722878e-01 -1.107215e+00
-4.710904e-01  1.202644e+00  1.075198e+00 -3.859029e-01
-3.916089e-01  1.091177e+00  2.545958e-01 -6.259838e-01
-5.435775e-01  1.278641e+00  3.718884e-01 -2.390040e-01
-1.091884e+00  4.797886e-01  5.031303e-01 -1.195531e+00
-1.325432e+00  5.706671e-01  9.309248e-01 -4.254886e-01
-1.031980e+00  5.050057e-01  2.246025e-01 -7.406046e-01
-1.268713e+00  5.143061e-01  3.132294e-01 -2.748617e-01
-2.608627e-01  4.230931e-01  9.706364e-01 -1.069190e+00
-2.897211e-01  4.429997e-01  1.278354e+00 -3.926807e-01
-2.199115e-01  4.859944e-01  3.308987e-01 -5.582814e-01
-2.551730e-01  4.533411e-01  5.336719e-01 -2.161844e-01
-3.827465e-01  2.921095e-01  3.855281e-01 -1.387426e+00
-7.999636e-01  2.798863e-01  1.173732e+00 -3.549055e-01
-4.838341e-01  2.593051e-01  2.656473e-01 -6.844741e-01
-6.476712e-01  2.551555e-01  4.441779e-01 -2.255831e-01
-4.348448e-01  1.160479e+00 -5.722878e-01  1.107215e+00
-4.710904e-01  1.202644e+00 -1.075198e+00  3.859029e-01
-3.916089e-01  1.091177e+00 -2.545958e-01  6.259838e-01
-5.435775e-01  1.278641e+00 -3.718884e-01  2.390040e-01
-1.091884e+00  4.797886e-01 -5.031303e-01  1.195531e+00
-1.325432e+00  5.706671e-01 -9.309248e-01  4.254886e-01
-1.031980e+00  5.050057e-01 -2.246025e-01  7.406046e-01
-1.268713e+00  5.143061e-01 -3.132294e-01  2.748617e-01
-2.608627e-01  4.230931e-01 -9.706364e-01  1.069190e+00
-2.897211e-01  4.429997e-01 -1.278354e+00  3.926807e-01
-2.199115e-01  4.859944e-01 -3.308987e-01  5.582814e-01
-2.551730e-01  4.533411e-01 -5.336719e-01  2.161844e-01
-3.827465e-01  2.921095e-01 -3.855281e-01  1.387426e+00
-7.999636e-01  2.798863e-01 -1.173732e+00  3.549055e-01
-4.838341e-01  2.593051e-01 -2.656473e-01  6.844741e-01
-6.476712e-01  2.551555e-01 -4.441779e-01  2.255831e-01
-4.348448e-01  1.160479e+00 -5.722878e-01 -1.107215e+00
-4.710904e-01  1.202644e+00 -1.075198e+00 -3.859029e-01
-3.916089e-01  1.091177e+00 -2.545958e-01 -6.259838e-01
-5.435775e-01  1.278641e+00 -3.718884e-01 -2.390040e-01
-1.091884e+00  4.797886e-01 -5.031303e-01 -1.195531e+00
-1.325432e+00  5.706671e-01 -9.309248e-01 -4.254886e-01
-1.031980e+00  5.050057e-01 -2.246025e-01 -7.406046e-01
-1.268713e+00  5.143061e-01 -3.132294e-01 -2.748617e-01
-2.608627e-01  4.230931e-01 -9.706364e-01 -1.069190e+00
-2.897211e-01  4.429997e-01 -1.278354e+00 -3.926807e-01
-2.199115e-01  4.859944e-01 -3.308987e-01 -5.582814e-01
-2.551730e-01  4.533411e-01 -5.336719e-01 -2.161844e-01
-3.827465e-01  2.921095e-01 -3.855281e-01 -1.387426e+00
-7.999636e-01  2.798863e-01 -1.173732e+00 -3.549055e-01
-4.838341e-01  2.593051e-01 -2.656473e-01 -6.844741e-01
-6.476712e-01  2.551555e-01 -4.441779e-01 -2.255831e-01
-4.348448e-01 -1.160479e+00  5.722878e-01  1.107215e+00
-4.710904e-01 -1.202644e+00  1.075198e+00  3.859029e-01
-3.916089e-01 -1.091177e+00  2.545958e-01  6.259838e-01
-5.435775e-01 -1.278641e+00  3.718884e-01  2.390040e-01
-1.091884e+00 -4.797886e-01  5.031303e-01  1.195531e+00
-1.325432e+00 -5.706671e-01  9.309248e-01  4.254886e-01
-1.031980e+00 -5.050057e-01  2.246025e-01  7.406046e-01
-1.268713e+00 -5.143061e-01  3.132294e-01  2.748617e-01
-2.608627e-01 -4.230931e-01  9.706364e-01  1.069190e+00
-2.897211e-01 -4.429997e-01  1.278354e+00  3.926807e-01
-2.199115e-01 -4.859944e-01  3.308987e-01  5.582814e-01
-2.551730e-01 -4.533411e-01  5.336719e-01  2.161844e-01
-3.827465e-01 -2.921095e-01  3.855281e-01  1.387426e+00
-7.999636e-01 -2.798863e-01  1.173732e+00  3.549055e-01
-4.838341e-01 -2.593051e-01  2.656473e-01  6.844741e-01
-6.476712e-01 -2.551555e-01  4.441779e-01  2.255831e-01
-4.348448e-01 -1.160479e+00  5.722878e-01 -1.107215e+00
-4.710904e-01 -1.202644e+00  1.075198e+00 -3.859029e-01
-3.916089e-01 -1.091177e+00  2.545958e-01 -6.259838e-01
-5.435775e-01 -1.278641e+00  3.718884e-01 -2.390040e-01
-1.091884e+00 -4.797886e-01  5.031303e-01 -1.195531e+00
-1.325432e+00 -5.706671e-01  9.309248e-01 -4.254886e-01
-1.031980e+00 -5.050057e-01  2.246025e-01 -7.406046e-01
-1.268713e+00 -5.143061e-01  3.132294e-01 -2.748617e-01
-2.608627e-01 -4.230931e-01  9.706364e-01 -1.069190e+00
-2.897211e-01 -4.429997e-01  1.278354e+00 -3.926807e-01
-2.199115e-01 -4.859944e-01  3.308987e-01 -5.582814e-01
-2.551730e-01 -4.533411e-01  5.336719e-01 -2.161844e-01
-3.827465e-01 -2.921095e-01  3.855281e-01 -1.387426e+00
-7.999636e-01 -2.798863e-01  1.173732e+00 -3.549055e-01
-4.838341e-01 -2.593051e-01  2.656473e-01 -6.844741e-01
-6.476712e-01 -2.551555e-01  4.441779e-01 -2.255831e-01
-4.348448e-01 -1.160479e+00 -5.722878e-01  1.107215e+00
-4.710904e-01 -1.202644e+00 -1.075198e+00  3.859029e-01
-3.916089e-01 -1.091177e+00 -2.545958e-01  6.259838e-01
-5.435775e-01 -1.278641e+00 -3.718884e-01  2.390040e-01
-1.091884e+00 -4.797886e-01 -5.031303e-01  1.195531e+00
-1.325432e+00 -5.706671e-01 -9.309248e-01  4.254886e-01
-1.031980e+00 -5.050057e-01 -2.246025e-01  7.406046e-01
-1.268713e+00 -5.143061e-01 -3.132294e-01  2.748617e-01
-2.608627e-01 -4.230931e-01 -9.706364e-01  1.069190e+00
-2.897211e-01 -4.429997e-01 -1.278354e+00  3.926807e-01
-2.199115e-01 -4.859944e-01 -3.308987e-01  5.582814e-01
-2.551730e-01 -4.533411e-01 -5.336719e-01  2.161844e-01
-3.827465e-01 -2.921095e-01 -3.855281e-01  1.387426e+00
-7.999636e-01 -2.798863e-01 -1.173732e+00  3.549055e-01
-4.838341e-01 -2.593051e-01 -2.656473e-01  6.844741e-01
-6.476712e-01 -2.551555e-01 -4.441779e-01  2.255831e-01
-4.348448e-01 -1.160479e+00 -5.722878e-01 -1.107215e+00
-4.710904e-01 -1.202644e+00 -1.075198e+00 -3.859029e-01
-3.916089e-01 -1.091177e+00 -2.545958e-01 -6.259838e-01
-5.435775e-01 -1.278641e+00 -3.718884e-01 -2.390040e-01
-1.091884e+00 -4.797886e-01 -5.031303e-01 -1.195531e+00
-1.325432e+00 -5.706671e-01 -9.309248e-01 -4.254886e-01
-1.031980e+00 -5.050057e-01 -2.246025e-01 -7.406046e-01
-1.268713e+00 -5.143061e-01 -3.132294e-01 -2.748617e-01
-2.608627e-01 -4.230931e-01 -9.706364e-01 -1.069190e+00
-2.897211e-01 -4.429997e-01 -1.278354e+00 -3.926807e-01
-2.199115e-01 -4.859944e-01 -3.308987e-01 -5.582814e-01
-2.551730e-01 -4.533411e-01 -5.336719e-01 -2.161844e-01
-3.827465e-01 -2.921095e-01 -3.855281e-01 -1.387426e+00
-7.999636e-01 -2.798863e-01 -1.173732e+00 -3.549055e-01
-4.838341e-01 -2.593051e-01 -2.656473e-01 -6.844741e-01
-6.476712e-01 -2.551555e-01 -4.441779e-01 -2.255831e-01
