 6.402088e-01  8.370069e-01  7.638155e-01  1.231263e+00
 7.391680e-01  8.585327e-01  2.461081e-01  1.171087e+00
 5.812677e-01  8.644932e-01  1.175445e+00  8.004450e-01
 3.045462e-01  8.219116e-01  1.457407e+00  2.966925e-01
 7.733747e-01  1.195079e+00  2.470639e-01  6.530145e-01
 7.275868e-01  1.125744e+00  2.236595e-01  2.121341e-01
 9.280744e-01  1.078730e+00  7.622758e-01  7.090557e-01
 7.607966e-01  1.252069e+00  6.941513e-01  2.422541e-01
 2.870941e-01  1.530467e+00  3.110623e-01  8.200878e-01
 2.664405e-01  1.151623e+00  2.726162e-01  1.164559e+00
 2.683231e-01  1.207489e+00  8.015098e-01  7.791444e-01
 2.750598e-01  1.182128e+00  1.075294e+00  2.734502e-01
 2.449882e-01  1.134149e+00  2.187540e-01  6.114330e-01
 2.341974e-01  1.097603e+00  2.061392e-01  1.995893e-01
 3.042247e-01  1.626188e+00  2.733090e-01  2.511550e-01
 2.413477e-01  1.223262e+00  6.208398e-01  2.302999e-01
 1.527921e+00  2.922125e-01  2.845075e-01  8.391946e-01
 1.206024e+00  7.475625e-01  2.428198e-01  8.223135e-01
 1.267364e+00  2.906145e-01  1.103516e+00  2.328798e-01
 8.239927e-01  7.617305e-01  1.148072e+00  2.471118e-01
 1.337703e+00  1.046155e+00  2.673440e-01  2.785410e-01
 1.033171e+00  6.985583e-01  2.155091e-01  2.524335e-01
 1.459663e+00  6.132726e-01  6.969864e-01  3.199107e-01
 1.006168e+00  7.516675e-01  6.756748e-01  2.210272e-01
 1.122029e+00  2.767014e-01  6.244229e-01  9.604730e-01
 1.060233e+00  2.996095e-01  2.488309e-01  1.281582e+00
 1.059067e+00  3.174751e-01  1.048080e+00  6.963915e-01
 8.031417e-01  2.915183e-01  1.473754e+00  3.022732e-01
 1.029982e+00  2.206358e-01  2.219073e-01  6.467891e-01
 1.018074e+00  2.318639e-01  1.995237e-01  1.989553e-01
 1.148840e+00  2.194898e-01  6.297464e-01  3.874344e-01
 1.481204e+00  2.652833e-01  2.385564e-01  2.250238e-01
 2.243357e-01  6.470575e-01  6.793191e-01  1.109863e+00
 2.512074e-01  6.313773e-01  2.379775e-01  1.323832e+00
 2.155910e-01  6.395770e-01  1.029120e+00  7.192830e-01
 2.287166e-01  6.212092e-01  1.058309e+00  2.275633e-01
 2.101367e-01  6.355060e-01  2.111573e-01  7.505248e-01
 1.955743e-01  6.085067e-01  1.943075e-01  2.369721e-01
 2.096445e-01  6.818139e-01  5.978284e-01  5.908780e-01
 1.988072e-01  6.680593e-01  6.129157e-01  1.945965e-01
 2.159073e-01  2.112741e-01  5.982974e-01  1.006881e+00
 2.083089e-01  2.124468e-01  1.997184e-01  1.136022e+00
 2.023115e-01  2.070068e-01  9.283128e-01  6.692363e-01
 2.102204e-01  2.040447e-01  9.815760e-01  2.161085e-01
 2.007300e-01  2.121023e-01  1.961513e-01  6.317968e-01
 2.009221e-01  2.024750e-01  1.883400e-01  2.043687e-01
 2.165918e-01  2.290783e-01  5.623636e-01  5.386641e-01
 2.172488e-01  2.185668e-01  5.807623e-01  1.795185e-01
 2.650156e-01  2.808007e-01  1.010595e+00  1.333183e+00
 3.200708e-01  2.591660e-01  3.531476e-01  1.625582e+00
 2.710821e-01  2.848290e-01  1.422862e+00  8.423471e-01
 2.386602e-01  2.456598e-01  1.489856e+00  2.697327e-01
 6.284262e-01  6.386526e-01  1.992524e-01  6.304196e-01
 5.997223e-01  6.147717e-01  2.089817e-01  2.053611e-01
 6.483160e-01  6.365718e-01  6.218512e-01  6.356957e-01
 6.004763e-01  6.675298e-01  6.397572e-01  2.072431e-01
 6.634572e-01  2.289026e-01  7.345830e-01  1.149625e+00
 6.370232e-01  2.325636e-01  2.344510e-01  1.152105e+00
 6.102906e-01  2.269534e-01  1.059582e+00  7.340233e-01
 6.360683e-01  2.247433e-01  1.056163e+00  2.274482e-01
 6.061091e-01  2.099198e-01  2.062017e-01  6.359618e-01
 6.049101e-01  2.025726e-01  2.037413e-01  2.104191e-01
 6.600178e-01  2.069651e-01  6.224790e-01  5.931311e-01
 6.612189e-01  2.196012e-01  6.220296e-01  1.870662e-01
 6.402088e-01  8.370069e-01  7.638155e-01 -1.231263e+00
 7.391680e-01  8.585327e-01  2.461081e-01 -1.171087e+00
 5.812677e-01  8.644932e-01  1.175445e+00 -8.004450e-01
 3.045462e-01  8.219116e-01  1.457407e+00 -2.966925e-01
 7.733747e-01  1.195079e+00  2.470639e-01 -6.530145e-01
 7.275868e-01  1.125744e+00  2.236595e-01 -2.121341e-01
 9.280744e-01  1.078730e+00  7.622758e-01 -7.090557e-01
 7.607966e-01  1.252069e+00  6.941513e-01 -2.422541e-01
 2.870941e-01  1.530467e+00  3.110623e-01 -8.200878e-01
 2.664405e-01  1.151623e+00  2.726162e-01 -1.164559e+00
 2.683231e-01  1.207489e+00  8.015098e-01 -7.791444e-01
 2.750598e-01  1.182128e+00  1.075294e+00 -2.734502e-01
 2.449882e-01  1.134149e+00  2.187540e-01 -6.114330e-01
 2.341974e-01  1.097603e+00  2.061392e-01 -1.995893e-01
 3.042247e-01  1.626188e+00  2.733090e-01 -2.511550e-01
 2.413477e-01  1.223262e+00  6.208398e-01 -2.302999e-01
 1.527921e+00  2.922125e-01  2.845075e-01 -8.391946e-01
 1.206024e+00  7.475625e-01  2.428198e-01 -8.223135e-01
 1.267364e+00  2.906145e-01  1.103516e+00 -2.328798e-01
 8.239927e-01  7.617305e-01  1.148072e+00 -2.471118e-01
 1.337703e+00  1.046155e+00  2.673440e-01 -2.785410e-01
 1.033171e+00  6.985583e-01  2.155091e-01 -2.524335e-01
 1.459663e+00  6.132726e-01  6.969864e-01 -3.199107e-01
 1.006168e+00  7.516675e-01  6.756748e-01 -2.210272e-01
 1.122029e+00  2.767014e-01  6.244229e-01 -9.604730e-01
 1.060233e+00  2.996095e-01  2.488309e-01 -1.281582e+00
 1.059067e+00  3.174751e-01  1.048080e+00 -6.963915e-01
 8.031417e-01  2.915183e-01  1.473754e+00 -3.022732e-01
 1.029982e+00  2.206358e-01  2.219073e-01 -6.467891e-01
 1.018074e+00  2.318639e-01  1.995237e-01 -1.989553e-01
 1.148840e+00  2.194898e-01  6.297464e-01 -3.874344e-01
 1.481204e+00  2.652833e-01  2.385564e-01 -2.250238e-01
 2.243357e-01  6.470575e-01  6.793191e-01 -1.109863e+00
 2.512074e-01  6.313773e-01  2.379775e-01 -1.323832e+00
 2.155910e-01  6.395770e-01  1.029120e+00 -7.192830e-01
 2.287166e-01  6.212092e-01  1.058309e+00 -2.275633e-01
 2.101367e-01  6.355060e-01  2.111573e-01 -7.505248e-01
 1.955743e-01  6.085067e-01  1.943075e-01 -2.369721e-01
 2.096445e-01  6.818139e-01  5.978284e-01 -5.908780e-01
 1.988072e-01  6.680593e-01  6.129157e-01 -1.945965e-01
 2.159073e-01  2.112741e-01  5.982974e-01 -1.006881e+00
 2.083089e-01  2.124468e-01  1.997184e-01 -1.136022e+00
 2.023115e-01  2.070068e-01  9.283128e-01 -6.692363e-01
 2.102204e-01  2.040447e-01  9.815760e-01 -2.161085e-01
 2.007300e-01  2.121023e-01  1.961513e-01 -6.317968e-01
 2.009221e-01  2.024750e-01  1.883400e-01 -2.043687e-01
 2.165918e-01  2.290783e-01  5.623636e-01 -5.386641e-01
 2.172488e-01  2.185668e-01  5.807623e-01 -1.795185e-01
 2.650156e-01  2.808007e-01  1.010595e+00 -1.333183e+00
 3.200708e-01  2.591660e-01  3.531476e-01 -1.625582e+00
 2.710821e-01  2.848290e-01  1.422862e+00 -8.423471e-01
 2.386602e-01  2.456598e-01  1.489856e+00 -2.697327e-01
 6.284262e-01  6.386526e-01  1.992524e-01 -6.304196e-01
 5.997223e-01  6.147717e-01  2.089817e-01 -2.053611e-01
 6.483160e-01  6.365718e-01  6.218512e-01 -6.356957e-01
 6.004763e-01  6.675298e-01  6.397572e-01 -2.072431e-01
 6.634572e-01  2.289026e-01  7.345830e-01 -1.149625e+00
 6.370232e-01  2.325636e-01  2.344510e-01 -1.152105e+00
 6.102906e-01  2.269534e-01  1.059582e+00 -7.340233e-01
 6.360683e-01  2.247433e-01  1.056163e+00 -2.274482e-01
 6.061091e-01  2.099198e-01  2.062017e-01 -6.359618e-01
 6.049101e-01  2.025726e-01  2.037413e-01 -2.104191e-01
 6.600178e-01  2.069651e-01  6.224790e-01 -5.931311e-01
 6.612189e-01  2.196012e-01  6.220296e-01 -1.870662e-01
 6.402088e-01  8.370069e-01 -7.638155e-01  1.231263e+00
 7.391680e-01  8.585327e-01 -2.461081e-01  1.171087e+00
 5.812677e-01  8.644932e-01 -1.175445e+00  8.004450e-01
 3.045462e-01  8.219116e-01 -1.457407e+00  2.966925e-01
 7.733747e-01  1.195079e+00 -2.470639e-01  6.530145e-01
 7.275868e-01  1.125744e+00 -2.236595e-01  2.121341e-01
 9.280744e-01  1.078730e+00 -7.622758e-01  7.090557e-01
 7.607966e-01  1.252069e+00 -6.941513e-01  2.422541e-01
 2.870941e-01  1.530467e+00 -3.110623e-01  8.200878e-01
 2.664405e-01  1.151623e+00 -2.726162e-01  1.164559e+00
 2.683231e-01  1.207489e+00 -8.015098e-01  7.791444e-01
 2.750598e-01  1.182128e+00 -1.075294e+00  2.734502e-01
 2.449882e-01  1.134149e+00 -2.187540e-01  6.114330e-01
 2.341974e-01  1.097603e+00 -2.061392e-01  1.995893e-01
 3.042247e-01  1.626188e+00 -2.733090e-01  2.511550e-01
 2.413477e-01  1.223262e+00 -6.208398e-01  2.302999e-01
 1.527921e+00  2.922125e-01 -2.845075e-01  8.391946e-01
 1.206024e+00  7.475625e-01 -2.428198e-01  8.223135e-01
 1.267364e+00  2.906145e-01 -1.103516e+00  2.328798e-01
 8.239927e-01  7.617305e-01 -1.148072e+00  2.471118e-01
 1.337703e+00  1.046155e+00 -2.673440e-01  2.785410e-01
 1.033171e+00  6.985583e-01 -2.155091e-01  2.524335e-01
 1.459663e+00  6.132726e-01 -6.969864e-01  3.199107e-01
 1.006168e+00  7.516675e-01 -6.756748e-01  2.210272e-01
 1.122029e+00  2.767014e-01 -6.244229e-01  9.604730e-01
 1.060233e+00  2.996095e-01 -2.488309e-01  1.281582e+00
 1.059067e+00  3.174751e-01 -1.048080e+00  6.963915e-01
 8.031417e-01  2.915183e-01 -1.473754e+00  3.022732e-01
 1.029982e+00  2.206358e-01 -2.219073e-01  6.467891e-01
 1.018074e+00  2.318639e-01 -1.995237e-01  1.989553e-01
 1.148840e+00  2.194898e-01 -6.297464e-01  3.874344e-01
 1.481204e+00  2.652833e-01 -2.385564e-01  2.250238e-01
 2.243357e-01  6.470575e-01 -6.793191e-01  1.109863e+00
 2.512074e-01  6.313773e-01 -2.379775e-01  1.323832e+00
 2.155910e-01  6.395770e-01 -1.029120e+00  7.192830e-01
 2.287166e-01  6.212092e-01 -1.058309e+00  2.275633e-01
 2.101367e-01  6.355060e-01 -2.111573e-01  7.505248e-01
 1.955743e-01  6.085067e-01 -1.943075e-01  2.369721e-01
 2.096445e-01  6.818139e-01 -5.978284e-01  5.908780e-01
 1.988072e-01  6.680593e-01 -6.129157e-01  1.945965e-01
 2.159073e-01  2.112741e-01 -5.982974e-01  1.006881e+00
 2.083089e-01  2.124468e-01 -1.997184e-01  1.136022e+00
 2.023115e-01  2.070068e-01 -9.283128e-01  6.692363e-01
 2.102204e-01  2.040447e-01 -9.815760e-01  2.161085e-01
 2.007300e-01  2.121023e-01 -1.961513e-01  6.317968e-01
 2.009221e-01  2.024750e-01 -1.883400e-01  2.043687e-01
 2.165918e-01  2.290783e-01 -5.623636e-01  5.386641e-01
 2.172488e-01  2.185668e-01 -5.807623e-01  1.795185e-01
 2.650156e-01  2.808007e-01 -1.010595e+00  1.333183e+00
 3.200708e-01  2.591660e-01 -3.531476e-01  1.625582e+00
 2.710821e-01  2.848290e-01 -1.422862e+00  8.423471e-01
 2.386602e-01  2.456598e-01 -1.489856e+00  2.697327e-01
 6.284262e-01  6.386526e-01 -1.992524e-01  6.304196e-01
 5.997223e-01  6.147717e-01 -2.089817e-01  2.053611e-01
 6.483160e-01  6.365718e-01 -6.218512e-01  6.356957e-01
 6.004763e-01  6.675298e-01 -6.397572e-01  2.072431e-01
 6.634572e-01  2.289026e-01 -7.345830e-01  1.149625e+00
 6.370232e-01  2.325636e-01 -2.344510e-01  1.152105e+00
 6.102906e-01  2.269534e-01 -1.059582e+00  7.340233e-01
 6.360683e-01  2.247433e-01 -1.056163e+00  2.274482e-01
 6.061091e-01  2.099198e-01 -2.062017e-01  6.359618e-01
 6.049101e-01  2.025726e-01 -2.037413e-01  2.104191e-01
 6.600178e-01  2.069651e-01 -6.224790e-01  5.931311e-01
 6.612189e-01  2.196012e-01 -6.220296e-01  1.870662e-01
 6.402088e-01  8.370069e-01 -7.638155e-01 -1.231263e+00
 7.391680e-01  8.585327e-01 -2.461081e-01 -1.171087e+00
 5.812677e-01  8.644932e-01 -1.175445e+00 -8.004450e-01
 3.045462e-01  8.219116e-01 -1.457407e+00 -2.966925e-01
 7.733747e-01  1.195079e+00 -2.470639e-01 -6.530145e-01
 7.275868e-01  1.125744e+00 -2.236595e-01 -2.121341e-01
 9.280744e-01  1.078730e+00 -7.622758e-01 -7.090557e-01
 7.607966e-01  1.252069e+00 -6.941513e-01 -2.422541e-01
 2.870941e-01  1.530467e+00 -3.110623e-01 -8.200878e-01
 2.664405e-01  1.151623e+00 -2.726162e-01 -1.164559e+00
 2.683231e-01  1.207489e+00 -8.015098e-01 -7.791444e-01
 2.750598e-01  1.182128e+00 -1.075294e+00 -2.734502e-01
 2.449882e-01  1.134149e+00 -2.187540e-01 -6.114330e-01
 2.341974e-01  1.097603e+00 -2.061392e-01 -1.995893e-01
 3.042247e-01  1.626188e+00 -2.733090e-01 -2.511550e-01
 2.413477e-01  1.223262e+00 -6.208398e-01 -2.302999e-01
 1.527921e+00  2.922125e-01 -2.845075e-01 -8.391946e-01
 1.206024e+00  7.475625e-01 -2.428198e-01 -8.223135e-01
 1.267364e+00  2.906145e-01 -1.103516e+00 -2.328798e-01
 8.239927e-01  7.617305e-01 -1.148072e+00 -2.471118e-01
 1.337703e+00  1.046155e+00 -2.673440e-01 -2.785410e-01
 1.033171e+00  6.985583e-01 -2.155091e-01 -2.524335e-01
 1.459663e+00  6.132726e-01 -6.969864e-01 -3.199107e-01
 1.006168e+00  7.516675e-01 -6.756748e-01 -2.210272e-01
 1.122029e+00  2.767014e-01 -6.244229e-01 -9.604730e-01
 1.060233e+00  2.996095e-01 -2.488309e-01 -1.281582e+00
 1.059067e+00  3.174751e-01 -1.048080e+00 -6.963915e-01
 8.031417e-01  2.915183e-01 -1.473754e+00 -3.022732e-01
 1.029982e+00  2.206358e-01 -2.219073e-01 -6.467891e-01
 1.018074e+00  2.318639e-01 -1.995237e-01 -1.989553e-01
 1.148840e+00  2.194898e-01 -6.297464e-01 -3.874344e-01
 1.481204e+00  2.652833e-01 -2.385564e-01 -2.250238e-01
 2.243357e-01  6.470575e-01 -6.793191e-01 -1.109863e+00
 2.512074e-01  6.313773e-01 -2.379775e-01 -1.323832e+00
 2.155910e-01  6.395770e-01 -1.029120e+00 -7.192830e-01
 2.287166e-01  6.212092e-01 -1.058309e+00 -2.275633e-01
 2.101367e-01  6.355060e-01 -2.111573e-01 -7.505248e-01
 1.955743e-01  6.085067e-01 -1.943075e-01 -2.369721e-01
 2.096445e-01  6.818139e-01 -5.978284e-01 -5.908780e-01
 1.988072e-01  6.680593e-01 -6.129157e-01 -1.945965e-01
 2.159073e-01  2.112741e-01 -5.982974e-01 -1.006881e+00
 2.083089e-01  2.124468e-01 -1.997184e-01 -1.136022e+00
 2.023115e-01  2.070068e-01 -9.283128e-01 -6.692363e-01
 2.102204e-01  2.040447e-01 -9.815760e-01 -2.161085e-01
 2.007300e-01  2.121023e-01 -1.961513e-01 -6.317968e-01
 2.009221e-01  2.024750e-01 -1.883400e-01 -2.043687e-01
 2.165918e-01  2.290783e-01 -5.623636e-01 -5.386641e-01
 2.172488e-01  2.185668e-01 -5.807623e-01 -1.795185e-01
 2.650156e-01  2.808007e-01 -1.010595e+00 -1.333183e+00
 3.200708e-01  2.591660e-01 -3.531476e-01 -1.625582e+00
 2.710821e-01  2.848290e-01 -1.422862e+00 -8.423471e-01
 2.386602e-01  2.456598e-01 -1.489856e+00 -2.697327e-01
 6.284262e-01  6.386526e-01 -1.992524e-01 -6.304196e-01
 5.997223e-01  6.147717e-01 -2.089817e-01 -2.053611e-01
 6.483160e-01  6.365718e-01 -6.218512e-01 -6.356957e-01
 6.004763e-01  6.675298e-01 -6.397572e-01 -2.072431e-01
 6.634572e-01  2.289026e-01 -7.345830e-01 -1.149625e+00
 6.370232e-01  2.325636e-01 -2.344510e-01 -1.152105e+00
 6.102906e-01  2.269534e-01 -1.059582e+00 -7.340233e-01
 6.360683e-01  2.247433e-01 -1.056163e+00 -2.274482e-01
 6.061091e-01  2.099198e-01 -2.062017e-01 -6.359618e-01
 6.049101e-01  2.025726e-01 -2.037413e-01 -2.104191e-01
 6.600178e-01  2.069651e-01 -6.224790e-01 -5.931311e-01
 6.612189e-01  2.196012e-01 -6.220296e-01 -1.870662e-01
 6.402088e-01 -8.370069e-01  7.638155e-01  1.231263e+00
 7.391680e-01 -8.585327e-01  2.461081e-01  1.171087e+00
 5.812677e-01 -8.644932e-01  1.175445e+00  8.004450e-01
 3.045462e-01 -8.219116e-01  1.457407e+00  2.966925e-01
 7.733747e-01 -1.195079e+00  2.470639e-01  6.530145e-01
 7.275868e-01 -1.125744e+00  2.236595e-01  2.121341e-01
 9.280744e-01 -1.078730e+00  7.622758e-01  7.090557e-01
 7.607966e-01 -1.252069e+00  6.941513e-01  2.422541e-01
 2.870941e-01 -1.530467e+00  3.110623e-01  8.200878e-01
 2.664405e-01 -1.151623e+00  2.726162e-01  1.164559e+00
 2.683231e-01 -1.207489e+00  8.015098e-01  7.791444e-01
 2.750598e-01 -1.182128e+00  1.075294e+00  2.734502e-01
 2.449882e-01 -1.134149e+00  2.187540e-01  6.114330e-01
 2.341974e-01 -1.097603e+00  2.061392e-01  1.995893e-01
 3.042247e-01 -1.626188e+00  2.733090e-01  2.511550e-01
 2.413477e-01 -1.223262e+00  6.208398e-01  2.302999e-01
 1.527921e+00 -2.922125e-01  2.845075e-01  8.391946e-01
 1.206024e+00 -7.475625e-01  2.428198e-01  8.223135e-01
 1.267364e+00 -2.906145e-01  1.103516e+00  2.328798e-01
 8.239927e-01 -7.617305e-01  1.148072e+00  2.471118e-01
 1.337703e+00 -1.046155e+00  2.673440e-01  2.785410e-01
 1.033171e+00 -6.985583e-01  2.155091e-01  2.524335e-01
 1.459663e+00 -6.132726e-01  6.969864e-01  3.199107e-01
 1.006168e+00 -7.516675e-01  6.756748e-01  2.210272e-01
 1.122029e+00 -2.767014e-01  6.244229e-01  9.604730e-01
 1.060233e+00 -2.996095e-01  2.488309e-01  1.281582e+00
 1.059067e+00 -3.174751e-01  1.048080e+00  6.963915e-01
 8.031417e-01 -2.915183e-01  1.473754e+00  3.022732e-01
 1.029982e+00 -2.206358e-01  2.219073e-01  6.467891e-01
 1.018074e+00 -2.318639e-01  1.995237e-01  1.989553e-01
 1.148840e+00 -2.194898e-01  6.297464e-01  3.874344e-01
 1.481204e+00 -2.652833e-01  2.385564e-01  2.250238e-01
 2.243357e-01 -6.470575e-01  6.793191e-01  1.109863e+00
 2.512074e-01 -6.313773e-01  2.379775e-01  1.323832e+00
 2.155910e-01 -6.395770e-01  1.029120e+00  7.192830e-01
 2.287166e-01 -6.212092e-01  1.058309e+00  2.275633e-01
 2.101367e-01 -6.355060e-01  2.111573e-01  7.505248e-01
 1.955743e-01 -6.085067e-01  1.943075e-01  2.369721e-01
 2.096445e-01 -6.818139e-01  5.978284e-01  5.908780e-01
 1.988072e-01 -6.680593e-01  6.129157e-01  1.945965e-01
 2.159073e-01 -2.112741e-01  5.982974e-01  1.006881e+00
 2.083089e-01 -2.124468e-01  1.997184e-01  1.136022e+00
 2.023115e-01 -2.070068e-01  9.283128e-01  6.692363e-01
 2.102204e-01 -2.040447e-01  9.815760e-01  2.161085e-01
 2.007300e-01 -2.121023e-01  1.961513e-01  6.317968e-01
 2.009221e-01 -2.024750e-01  1.883400e-01  2.043687e-01
 2.165918e-01 -2.290783e-01  5.623636e-01  5.386641e-01
 2.172488e-01 -2.185668e-01  5.807623e-01  1.795185e-01
 2.650156e-01 -2.808007e-01  1.010595e+00  1.333183e+00
 3.200708e-01 -2.591660e-01  3.531476e-01  1.625582e+00
 2.710821e-01 -2.848290e-01  1.422862e+00  8.423471e-01
 2.386602e-01 -2.456598e-01  1.489856e+00  2.697327e-01
 6.284262e-01 -6.386526e-01  1.992524e-01  6.304196e-01
 5.997223e-01 -6.147717e-01  2.089817e-01  2.053611e-01
 6.483160e-01 -6.365718e-01  6.218512e-01  6.356957e-01
 6.004763e-01 -6.675298e-01  6.397572e-01  2.072431e-01
 6.634572e-01 -2.289026e-01  7.345830e-01  1.149625e+00
 6.370232e-01 -2.325636e-01  2.344510e-01  1.152105e+00
 6.102906e-01 -2.269534e-01  1.059582e+00  7.340233e-01
 6.360683e-01 -2.247433e-01  1.056163e+00  2.274482e-01
 6.061091e-01 -2.099198e-01  2.062017e-01  6.359618e-01
 6.049101e-01 -2.025726e-01  2.037413e-01  2.104191e-01
 6.600178e-01 -2.069651e-01  6.224790e-01  5.931311e-01
 6.612189e-01 -2.196012e-01  6.220296e-01  1.870662e-01
 6.402088e-01 -8.370069e-01  7.638155e-01 -1.231263e+00
 7.391680e-01 -8.585327e-01  2.461081e-01 -1.171087e+00
 5.812677e-01 -8.644932e-01  1.175445e+00 -8.004450e-01
 3.045462e-01 -8.219116e-01  1.457407e+00 -2.966925e-01
 7.733747e-01 -1.195079e+00  2.470639e-01 -6.530145e-01
 7.275868e-01 -1.125744e+00  2.236595e-01 -2.121341e-01
 9.280744e-01 -1.078730e+00  7.622758e-01 -7.090557e-01
 7.607966e-01 -1.252069e+00  6.941513e-01 -2.422541e-01
 2.870941e-01 -1.530467e+00  3.110623e-01 -8.200878e-01
 2.664405e-01 -1.151623e+00  2.726162e-01 -1.164559e+00
 2.683231e-01 -1.207489e+00  8.015098e-01 -7.791444e-01
 2.750598e-01 -1.182128e+00  1.075294e+00 -2.734502e-01
 2.449882e-01 -1.134149e+00  2.187540e-01 -6.114330e-01
 2.341974e-01 -1.097603e+00  2.061392e-01 -1.995893e-01
 3.042247e-01 -1.626188e+00  2.733090e-01 -2.511550e-01
 2.413477e-01 -1.223262e+00  6.208398e-01 -2.302999e-01
 1.527921e+00 -2.922125e-01  2.845075e-01 -8.391946e-01
 1.206024e+00 -7.475625e-01  2.428198e-01 -8.223135e-01
 1.267364e+00 -2.906145e-01  1.103516e+00 -2.328798e-01
 8.239927e-01 -7.617305e-01  1.148072e+00 -2.471118e-01
 1.337703e+00 -1.046155e+00  2.673440e-01 -2.785410e-01
 1.033171e+00 -6.985583e-01  2.155091e-01 -2.524335e-01
 1.459663e+00 -6.132726e-01  6.969864e-01 -3.199107e-01
 1.006168e+00 -7.516675e-01  6.756748e-01 -2.210272e-01
 1.122029e+00 -2.767014e-01  6.244229e-01 -9.604730e-01
 1.060233e+00 -2.996095e-01  2.488309e-01 -1.281582e+00
 1.059067e+00 -3.174751e-01  1.048080e+00 -6.963915e-01
 8.031417e-01 -2.915183e-01  1.473754e+00 -3.022732e-01
 1.029982e+00 -2.206358e-01  2.219073e-01 -6.467891e-01
 1.018074e+00 -2.318639e-01  1.995237e-01 -1.989553e-01
 1.148840e+00 -2.194898e-01  6.297464e-01 -3.874344e-01
 1.481204e+00 -2.652833e-01  2.385564e-01 -2.250238e-01
 2.243357e-01 -6.470575e-01  6.793191e-01 -1.109863e+00
 2.512074e-01 -6.313773e-01  2.379775e-01 -1.323832e+00
 2.155910e-01 -6.395770e-01  1.029120e+00 -7.192830e-01
 2.287166e-01 -6.212092e-01  1.058309e+00 -2.275633e-01
 2.101367e-01 -6.355060e-01  2.111573e-01 -7.505248e-01
 1.955743e-01 -6.085067e-01  1.943075e-01 -2.369721e-01
 2.096445e-01 -6.818139e-01  5.978284e-01 -5.908780e-01
 1.988072e-01 -6.680593e-01  6.129157e-01 -1.945965e-01
 2.159073e-01 -2.112741e-01  5.982974e-01 -1.006881e+00
 2.083089e-01 -2.124468e-01  1.997184e-01 -1.136022e+00
 2.023115e-01 -2.070068e-01  9.283128e-01 -6.692363e-01
 2.102204e-01 -2.040447e-01  9.815760e-01 -2.161085e-01
 2.007300e-01 -2.121023e-01  1.961513e-01 -6.317968e-01
 2.009221e-01 -2.024750e-01  1.883400e-01 -2.043687e-01
 2.165918e-01 -2.290783e-01  5.623636e-01 -5.386641e-01
 2.172488e-01 -2.185668e-01  5.807623e-01 -1.795185e-01
 2.650156e-01 -2.808007e-01  1.010595e+00 -1.333183e+00
 3.200708e-01 -2.591660e-01  3.531476e-01 -1.625582e+00
 2.710821e-01 -2.848290e-01  1.422862e+00 -8.423471e-01
 2.386602e-01 -2.456598e-01  1.489856e+00 -2.697327e-01
 6.284262e-01 -6.386526e-01  1.992524e-01 -6.304196e-01
 5.997223e-01 -6.147717e-01  2.089817e-01 -2.053611e-01
 6.483160e-01 -6.365718e-01  6.218512e-01 -6.356957e-01
 6.004763e-01 -6.675298e-01  6.397572e-01 -2.072431e-01
 6.634572e-01 -2.289026e-01  7.345830e-01 -1.149625e+00
 6.370232e-01 -2.325636e-01  2.344510e-01 -1.152105e+00
 6.102906e-01 -2.269534e-01  1.059582e+00 -7.340233e-01
 6.360683e-01 -2.247433e-01  1.056163e+00 -2.274482e-01
 6.061091e-01 -2.099198e-01  2.062017e-01 -6.359618e-01
 6.049101e-01 -2.025726e-01  2.037413e-01 -2.104191e-01
 6.600178e-01 -2.069651e-01  6.224790e-01 -5.931311e-01
 6.612189e-01 -2.196012e-01  6.220296e-01 -1.870662e-01
 6.402088e-01 -8.370069e-01 -7.638155e-01  1.231263e+00
 7.391680e-01 -8.585327e-01 -2.461081e-01  1.171087e+00
 5.812677e-01 -8.644932e-01 -1.175445e+00  8.004450e-01
 3.045462e-01 -8.219116e-01 -1.457407e+00  2.966925e-01
 7.733747e-01 -1.195079e+00 -2.470639e-01  6.530145e-01
 7.275868e-01 -1.125744e+00 -2.236595e-01  2.121341e-01
 9.280744e-01 -1.078730e+00 -7.622758e-01  7.090557e-01
 7.607966e-01 -1.252069e+00 -6.941513e-01  2.422541e-01
 2.870941e-01 -1.530467e+00 -3.110623e-01  8.200878e-01
 2.664405e-01 -1.151623e+00 -2.726162e-01  1.164559e+00
 2.683231e-01 -1.207489e+00 -8.015098e-01  7.791444e-01
 2.750598e-01 -1.182128e+00 -1.075294e+00  2.734502e-01
 2.449882e-01 -1.134149e+00 -2.187540e-01  6.114330e-01
 2.341974e-01 -1.097603e+00 -2.061392e-01  1.995893e-01
 3.042247e-01 -1.626188e+00 -2.733090e-01  2.511550e-01
 2.413477e-01 -1.223262e+00 -6.208398e-01  2.302999e-01
 1.527921e+00 -2.922125e-01 -2.845075e-01  8.391946e-01
 1.206024e+00 -7.475625e-01 -2.428198e-01  8.223135e-01
 1.267364e+00 -2.906145e-01 -1.103516e+00  2.328798e-01
 8.239927e-01 -7.617305e-01 -1.148072e+00  2.471118e-01
 1.337703e+00 -1.046155e+00 -2.673440e-01  2.785410e-01
 1.033171e+00 -6.985583e-01 -2.155091e-01  2.524335e-01
 1.459663e+00 -6.132726e-01 -6.969864e-01  3.199107e-01
 1.006168e+00 -7.516675e-01 -6.756748e-01  2.210272e-01
 1.122029e+00 -2.767014e-01 -6.244229e-01  9.604730e-01
 1.060233e+00 -2.996095e-01 -2.488309e-01  1.281582e+00
 1.059067e+00 -3.174751e-01 -1.048080e+00  6.963915e-01
 8.031417e-01 -2.915183e-01 -1.473754e+00  3.022732e-01
 1.029982e+00 -2.206358e-01 -2.219073e-01  6.467891e-01
 1.018074e+00 -2.318639e-01 -1.995237e-01  1.989553e-01
 1.148840e+00 -2.194898e-01 -6.297464e-01  3.874344e-01
 1.481204e+00 -2.652833e-01 -2.385564e-01  2.250238e-01
 2.243357e-01 -6.470575e-01 -6.793191e-01  1.109863e+00
 2.512074e-01 -6.313773e-01 -2.379775e-01  1.323832e+00
 2.155910e-01 -6.395770e-01 -1.029120e+00  7.192830e-01
 2.287166e-01 -6.212092e-01 -1.058309e+00  2.275633e-01
 2.101367e-01 -6.355060e-01 -2.111573e-01  7.505248e-01
 1.955743e-01 -6.085067e-01 -1.943075e-01  2.369721e-01
 2.096445e-01 -6.818139e-01 -5.978284e-01  5.908780e-01
 1.988072e-01 -6.680593e-01 -6.129157e-01  1.945965e-01
 2.159073e-01 -2.112741e-01 -5.982974e-01  1.006881e+00
 2.083089e-01 -2.124468e-01 -1.997184e-01  1.136022e+00
 2.023115e-01 -2.070068e-01 -9.283128e-01  6.692363e-01
 2.102204e-01 -2.040447e-01 -9.815760e-01  2.161085e-01
 2.007300e-01 -2.121023e-01 -1.961513e-01  6.317968e-01
 2.009221e-01 -2.024750e-01 -1.883400e-01  2.043687e-01
 2.165918e-01 -2.290783e-01 -5.623636e-01  5.386641e-01
 2.172488e-01 -2.185668e-01 -5.807623e-01  1.795185e-01
 2.650156e-01 -2.808007e-01 -1.010595e+00  1.333183e+00
 3.200708e-01 -2.591660e-01 -3.531476e-01  1.625582e+00
 2.710821e-01 -2.848290e-01 -1.422862e+00  8.423471e-01
 2.386602e-01 -2.456598e-01 -1.489856e+00  2.697327e-01
 6.284262e-01 -6.386526e-01 -1.992524e-01  6.304196e-01
 5.997223e-01 -6.147717e-01 -2.089817e-01  2.053611e-01
 6.483160e-01 -6.365718e-01 -6.218512e-01  6.356957e-01
 6.004763e-01 -6.675298e-01 -6.397572e-01  2.072431e-01
 6.634572e-01 -2.289026e-01 -7.345830e-01  1.149625e+00
 6.370232e-01 -2.325636e-01 -2.344510e-01  1.152105e+00
 6.102906e-01 -2.269534e-01 -1.059582e+00  7.340233e-01
 6.360683e-01 -2.247433e-01 -1.056163e+00  2.274482e-01
 6.061091e-01 -2.099198e-01 -2.062017e-01  6.359618e-01
 6.049101e-01 -2.025726e-01 -2.037413e-01  2.104191e-01
 6.600178e-01 -2.069651e-01 -6.224790e-01  5.931311e-01
 6.612189e-01 -2.196012e-01 -6.220296e-01  1.870662e-01
 6.402088e-01 -8.370069e-01 -7.638155e-01 -1.231263e+00
 7.391680e-01 -8.585327e-01 -2.461081e-01 -1.171087e+00
 5.812677e-01 -8.644932e-01 -1.175445e+00 -8.004450e-01
 3.045462e-01 -8.219116e-01 -1.457407e+00 -2.966925e-01
 7.733747e-01 -1.195079e+00 -2.470639e-01 -6.530145e-01
 7.275868e-01 -1.125744e+00 -2.236595e-01 -2.121341e-01
 9.280744e-01 -1.078730e+00 -7.622758e-01 -7.090557e-01
 7.607966e-01 -1.252069e+00 -6.941513e-01 -2.422541e-01
 2.870941e-01 -1.530467e+00 -3.110623e-01 -8.200878e-01
 2.664405e-01 -1.151623e+00 -2.726162e-01 -1.164559e+00
 2.683231e-01 -1.207489e+00 -8.015098e-01 -7.791444e-01
 2.750598e-01 -1.182128e+00 -1.075294e+00 -2.734502e-01
 2.449882e-01 -1.134149e+00 -2.187540e-01 -6.114330e-01
 2.341974e-01 -1.097603e+00 -2.061392e-01 -1.995893e-01
 3.042247e-01 -1.626188e+00 -2.733090e-01 -2.511550e-01
 2.413477e-01 -1.223262e+00 -6.208398e-01 -2.302999e-01
 1.527921e+00 -2.922125e-01 -2.845075e-01 -8.391946e-01
 1.206024e+00 -7.475625e-01 -2.428198e-01 -8.223135e-01
 1.267364e+00 -2.906145e-01 -1.103516e+00 -2.328798e-01
 8.239927e-01 -7.617305e-01 -1.148072e+00 -2.471118e-01
 1.337703e+00 -1.046155e+00 -2.673440e-01 -2.785410e-01
 1.033171e+00 -6.985583e-01 -2.155091e-01 -2.524335e-01
 1.459663e+00 -6.132726e-01 -6.969864e-01 -3.199107e-01
 1.006168e+00 -7.516675e-01 -6.756748e-01 -2.210272e-01
 1.122029e+00 -2.767014e-01 -6.244229e-01 -9.604730e-01
 1.060233e+00 -2.996095e-01 -2.488309e-01 -1.281582e+00
 1.059067e+00 -3.174751e-01 -1.048080e+00 -6.963915e-01
 8.031417e-01 -2.915183e-01 -1.473754e+00 -3.022732e-01
 1.029982e+00 -2.206358e-01 -2.219073e-01 -6.467891e-01
 1.018074e+00 -2.318639e-01 -1.995237e-01 -1.989553e-01
 1.148840e+00 -2.194898e-01 -6.297464e-01 -3.874344e-01
 1.481204e+00 -2.652833e-01 -2.385564e-01 -2.250238e-01
 2.243357e-01 -6.470575e-01 -6.793191e-01 -1.109863e+00
 2.512074e-01 -6.313773e-01 -2.379775e-01 -1.323832e+00
 2.155910e-01 -6.395770e-01 -1.029120e+00 -7.192830e-01
 2.287166e-01 -6.212092e-01 -1.058309e+00 -2.275633e-01
 2.101367e-01 -6.355060e-01 -2.111573e-01 -7.505248e-01
 1.955743e-01 -6.085067e-01 -1.943075e-01 -2.369721e-01
 2.096445e-01 -6.818139e-01 -5.978284e-01 -5.908780e-01
 1.988072e-01 -6.680593e-01 -6.129157e-01 -1.945965e-01
 2.159073e-01 -2.112741e-01 -5.982974e-01 -1.006881e+00
 2.083089e-01 -2.124468e-01 -1.997184e-01 -1.136022e+00
 2.023115e-01 -2.070068e-01 -9.283128e-01 -6.692363e-01
 2.102204e-01 -2.040447e-01 -9.815760e-01 -2.161085e-01
 2.007300e-01 -2.121023e-01 -1.961513e-01 -6.317968e-01
 2.009221e-01 -2.024750e-01 -1.883400e-01 -2.043687e-01
 2.165918e-01 -2.290783e-01 -5.623636e-01 -5.386641e-01
 2.172488e-01 -2.185668e-01 -5.807623e-01 -1.795185e-01
 2.650156e-01 -2.808007e-01 -1.010595e+00 -1.333183e+00
 3.200708e-01 -2.591660e-01 -3.531476e-01 -1.625582e+00
 2.710821e-01 -2.848290e-01 -1.422862e+00 -8.423471e-01
 2.386602e-01 -2.456598e-01 -1.489856e+00 -2.697327e-01
 6.284262e-01 -6.386526e-01 -1.992524e-01 -6.304196e-01
 5.997223e-01 -6.147717e-01 -2.089817e-01 -2.053611e-01
 6.483160e-01 -6.365718e-01 -6.218512e-01 -6.356957e-01
 6.004763e-01 -6.675298e-01 -6.397572e-01 -2.072431e-01
 6.634572e-01 -2.289026e-01 -7.345830e-01 -1.149625e+00
 6.370232e-01 -2.325636e-01 -2.344510e-01 -1.152105e+00
 6.102906e-01 -2.269534e-01 -1.059582e+00 -7.340233e-01
 6.360683e-01 -2.247433e-01 -1.056163e+00 -2.274482e-01
 6.061091e-01 -2.099198e-01 -2.062017e-01 -6.359618e-01
 6.049101e-01 -2.025726e-01 -2.037413e-01 -2.104191e-01
 6.600178e-01 -2.069651e-01 -6.224790e-01 -5.931311e-01
 6.612189e-01 -2.196012e-01 -6.220296e-01 -1.870662e-01
-6.402088e-01  8.370069e-01  7.638155e-01  1.231263e+00
-7.391680e-01  8.585327e-01  2.461081e-01  1.171087e+00
-5.812677e-01  8.644932e-01  1.175445e+00  8.004450e-01
-3.045462e-01  8.219116e-01  1.457407e+00  2.966925e-01
-7.733747e-01  1.195079e+00  2.470639e-01  6.530145e-01
-7.275868e-01  1.125744e+00  2.236595e-01  2.121341e-01
-9.280744e-01  1.078730e+00  7.622758e-01  7.090557e-01
-7.607966e-01  1.252069e+00  6.941513e-01  2.422541e-01
-2.870941e-01  1.530467e+00  3.110623e-01  8.200878e-01
-2.664405e-01  1.151623e+00  2.726162e-01  1.164559e+00
-2.683231e-01  1.207489e+00  8.015098e-01  7.791444e-01
-2.750598e-01  1.182128e+00  1.075294e+00  2.734502e-01
-2.449882e-01  1.134149e+00  2.187540e-01  6.114330e-01
-2.341974e-01  1.097603e+00  2.061392e-01  1.995893e-01
-3.042247e-01  1.626188e+00  2.733090e-01  2.511550e-01
-2.413477e-01  1.223262e+00  6.208398e-01  2.302999e-01
-1.527921e+00  2.922125e-01  2.845075e-01  8.391946e-01
-1.206024e+00  7.475625e-01  2.428198e-01  8.223135e-01
-1.267364e+00  2.906145e-01  1.103516e+00  2.328798e-01
-8.239927e-01  7.617305e-01  1.148072e+00  2.471118e-01
-1.337703e+00  1.046155e+00  2.673440e-01  2.785410e-01
-1.033171e+00  6.985583e-01  2.155091e-01  2.524335e-01
-1.459663e+00  6.132726e-01  6.969864e-01  3.199107e-01
-1.006168e+00  7.516675e-01  6.756748e-01  2.210272e-01
-1.122029e+00  2.767014e-01  6.244229e-01  9.604730e-01
-1.060233e+00  2.996095e-01  2.488309e-01  1.281582e+00
-1.059067e+00  3.174751e-01  1.048080e+00  6.963915e-01
-8.031417e-01  2.915183e-01  1.473754e+00  3.022732e-01
-1.029982e+00  2.206358e-01  2.219073e-01  6.467891e-01
-1.018074e+00  2.318639e-01  1.995237e-01  1.989553e-01
-1.148840e+00  2.194898e-01  6.297464e-01  3.874344e-01
-1.481204e+00  2.652833e-01  2.385564e-01  2.250238e-01
-2.243357e-01  6.470575e-01  6.793191e-01  1.109863e+00
-2.512074e-01  6.313773e-01  2.379775e-01  1.323832e+00
-2.155910e-01  6.395770e-01  1.029120e+00  7.192830e-01
-2.287166e-01  6.212092e-01  1.058309e+00  2.275633e-01
-2.101367e-01  6.355060e-01  2.111573e-01  7.505248e-01
-1.955743e-01  6.085067e-01  1.943075e-01  2.369721e-01
-2.096445e-01  6.818139e-01  5.978284e-01  5.908780e-01
-1.988072e-01  6.680593e-01  6.129157e-01  1.945965e-01
-2.159073e-01  2.112741e-01  5.982974e-01  1.006881e+00
-2.083089e-01  2.124468e-01  1.997184e-01  1.136022e+00
-2.023115e-01  2.070068e-01  9.283128e-01  6.692363e-01
-2.102204e-01  2.040447e-01  9.815760e-01  2.161085e-01
-2.007300e-01  2.121023e-01  1.961513e-01  6.317968e-01
-2.009221e-01  2.024750e-01  1.883400e-01  2.043687e-01
-2.165918e-01  2.290783e-01  5.623636e-01  5.386641e-01
-2.172488e-01  2.185668e-01  5.807623e-01  1.795185e-01
-2.650156e-01  2.808007e-01  1.010595e+00  1.333183e+00
-3.200708e-01  2.591660e-01  3.531476e-01  1.625582e+00
-2.710821e-01  2.848290e-01  1.422862e+00  8.423471e-01
-2.386602e-01  2.456598e-01  1.489856e+00  2.697327e-01
-6.284262e-01  6.386526e-01  1.992524e-01  6.304196e-01
-5.997223e-01  6.147717e-01  2.089817e-01  2.053611e-01
-6.483160e-01  6.365718e-01  6.218512e-01  6.356957e-01
-6.004763e-01  6.675298e-01  6.397572e-01  2.072431e-01
-6.634572e-01  2.289026e-01  7.345830e-01  1.149625e+00
-6.370232e-01  2.325636e-01  2.344510e-01  1.152105e+00
-6.102906e-01  2.269534e-01  1.059582e+00  7.340233e-01
-6.360683e-01  2.247433e-01  1.056163e+00  2.274482e-01
-6.061091e-01  2.099198e-01  2.062017e-01  6.359618e-01
-6.049101e-01  2.025726e-01  2.037413e-01  2.104191e-01
-6.600178e-01  2.069651e-01  6.224790e-01  5.931311e-01
-6.612189e-01  2.196012e-01  6.220296e-01  1.870662e-01
-6.402088e-01  8.370069e-01  7.638155e-01 -1.231263e+00
-7.391680e-01  8.585327e-01  2.461081e-01 -1.171087e+00
-5.812677e-01  8.644932e-01  1.175445e+00 -8.004450e-01
-3.045462e-01  8.219116e-01  1.457407e+00 -2.966925e-01
-7.733747e-01  1.195079e+00  2.470639e-01 -6.530145e-01
-7.275868e-01  1.125744e+00  2.236595e-01 -2.121341e-01
-9.280744e-01  1.078730e+00  7.622758e-01 -7.090557e-01
-7.607966e-01  1.252069e+00  6.941513e-01 -2.422541e-01
-2.870941e-01  1.530467e+00  3.110623e-01 -8.200878e-01
-2.664405e-01  1.151623e+00  2.726162e-01 -1.164559e+00
-2.683231e-01  1.207489e+00  8.015098e-01 -7.791444e-01
-2.750598e-01  1.182128e+00  1.075294e+00 -2.734502e-01
-2.449882e-01  1.134149e+00  2.187540e-01 -6.114330e-01
-2.341974e-01  1.097603e+00  2.061392e-01 -1.995893e-01
-3.042247e-01  1.626188e+00  2.733090e-01 -2.511550e-01
-2.413477e-01  1.223262e+00  6.208398e-01 -2.302999e-01
-1.527921e+00  2.922125e-01  2.845075e-01 -8.391946e-01
-1.206024e+00  7.475625e-01  2.428198e-01 -8.223135e-01
-1.267364e+00  2.906145e-01  1.103516e+00 -2.328798e-01
-8.239927e-01  7.617305e-01  1.148072e+00 -2.471118e-01
-1.337703e+00  1.046155e+00  2.673440e-01 -2.785410e-01
-1.033171e+00  6.985583e-01  2.155091e-01 -2.524335e-01
-1.459663e+00  6.132726e-01  6.969864e-01 -3.199107e-01
-1.006168e+00  7.516675e-01  6.756748e-01 -2.210272e-01
-1.122029e+00  2.767014e-01  6.244229e-01 -9.604730e-01
-1.060233e+00  2.996095e-01  2.488309e-01 -1.281582e+00
-1.059067e+00  3.174751e-01  1.048080e+00 -6.963915e-01
-8.031417e-01  2.915183e-01  1.473754e+00 -3.022732e-01
-1.029982e+00  2.206358e-01  2.219073e-01 -6.467891e-01
-1.018074e+00  2.318639e-01  1.995237e-01 -1.989553e-01
-1.148840e+00  2.194898e-01  6.297464e-01 -3.874344e-01
-1.481204e+00  2.652833e-01  2.385564e-01 -2.250238e-01
-2.243357e-01  6.470575e-01  6.793191e-01 -1.109863e+00
-2.512074e-01  6.313773e-01  2.379775e-01 -1.323832e+00
-2.155910e-01  6.395770e-01  1.029120e+00 -7.192830e-01
-2.287166e-01  6.212092e-01  1.058309e+00 -2.275633e-01
-2.101367e-01  6.355060e-01  2.111573e-01 -7.505248e-01
-1.955743e-01  6.085067e-01  1.943075e-01 -2.369721e-01
-2.096445e-01  6.818139e-01  5.978284e-01 -5.908780e-01
-1.988072e-01  6.680593e-01  6.129157e-01 -1.945965e-01
-2.159073e-01  2.112741e-01  5.982974e-01 -1.006881e+00
-2.083089e-01  2.124468e-01  1.997184e-01 -1.136022e+00
-2.023115e-01  2.070068e-01  9.283128e-01 -6.692363e-01
-2.102204e-01  2.040447e-01  9.815760e-01 -2.161085e-01
-2.007300e-01  2.121023e-01  1.961513e-01 -6.317968e-01
-2.009221e-01  2.024750e-01  1.883400e-01 -2.043687e-01
-2.165918e-01  2.290783e-01  5.623636e-01 -5.386641e-01
-2.172488e-01  2.185668e-01  5.807623e-01 -1.795185e-01
-2.650156e-01  2.808007e-01  1.010595e+00 -1.333183e+00
-3.200708e-01  2.591660e-01  3.531476e-01 -1.625582e+00
-2.710821e-01  2.848290e-01  1.422862e+00 -8.423471e-01
-2.386602e-01  2.456598e-01  1.489856e+00 -2.697327e-01
-6.284262e-01  6.386526e-01  1.992524e-01 -6.304196e-01
-5.997223e-01  6.147717e-01  2.089817e-01 -2.053611e-01
-6.483160e-01  6.365718e-01  6.218512e-01 -6.356957e-01
-6.004763e-01  6.675298e-01  6.397572e-01 -2.072431e-01
-6.634572e-01  2.289026e-01  7.345830e-01 -1.149625e+00
-6.370232e-01  2.325636e-01  2.344510e-01 -1.152105e+00
-6.102906e-01  2.269534e-01  1.059582e+00 -7.340233e-01
-6.360683e-01  2.247433e-01  1.056163e+00 -2.274482e-01
-6.061091e-01  2.099198e-01  2.062017e-01 -6.359618e-01
-6.049101e-01  2.025726e-01  2.037413e-01 -2.104191e-01
-6.600178e-01  2.069651e-01  6.224790e-01 -5.931311e-01
-6.612189e-01  2.196012e-01  6.220296e-01 -1.870662e-01
-6.402088e-01  8.370069e-01 -7.638155e-01  1.231263e+00
-7.391680e-01  8.585327e-01 -2.461081e-01  1.171087e+00
-5.812677e-01  8.644932e-01 -1.175445e+00  8.004450e-01
-3.045462e-01  8.219116e-01 -1.457407e+00  2.966925e-01
-7.733747e-01  1.195079e+00 -2.470639e-01  6.530145e-01
-7.275868e-01  1.125744e+00 -2.236595e-01  2.121341e-01
-9.280744e-01  1.078730e+00 -7.622758e-01  7.090557e-01
-7.607966e-01  1.252069e+00 -6.941513e-01  2.422541e-01
-2.870941e-01  1.530467e+00 -3.110623e-01  8.200878e-01
-2.664405e-01  1.151623e+00 -2.726162e-01  1.164559e+00
-2.683231e-01  1.207489e+00 -8.015098e-01  7.791444e-01
-2.750598e-01  1.182128e+00 -1.075294e+00  2.734502e-01
-2.449882e-01  1.134149e+00 -2.187540e-01  6.114330e-01
-2.341974e-01  1.097603e+00 -2.061392e-01  1.995893e-01
-3.042247e-01  1.626188e+00 -2.733090e-01  2.511550e-01
-2.413477e-01  1.223262e+00 -6.208398e-01  2.302999e-01
-1.527921e+00  2.922125e-01 -2.845075e-01  8.391946e-01
-1.206024e+00  7.475625e-01 -2.428198e-01  8.223135e-01
-1.267364e+00  2.906145e-01 -1.103516e+00  2.328798e-01
-8.239927e-01  7.617305e-01 -1.148072e+00  2.471118e-01
-1.337703e+00  1.046155e+00 -2.673440e-01  2.785410e-01
-1.033171e+00  6.985583e-01 -2.155091e-01  2.524335e-01
-1.459663e+00  6.132726e-01 -6.969864e-01  3.199107e-01
-1.006168e+00  7.516675e-01 -6.756748e-01  2.210272e-01
-1.122029e+00  2.767014e-01 -6.244229e-01  9.604730e-01
-1.060233e+00  2.996095e-01 -2.488309e-01  1.281582e+00
-1.059067e+00  3.174751e-01 -1.048080e+00  6.963915e-01
-8.031417e-01  2.915183e-01 -1.473754e+00  3.022732e-01
-1.029982e+00  2.206358e-01 -2.219073e-01  6.467891e-01
-1.018074e+00  2.318639e-01 -1.995237e-01  1.989553e-01
-1.148840e+00  2.194898e-01 -6.297464e-01  3.874344e-01
-1.481204e+00  2.652833e-01 -2.385564e-01  2.250238e-01
-2.243357e-01  6.470575e-01 -6.793191e-01  1.109863e+00
-2.512074e-01  6.313773e-01 -2.379775e-01  1.323832e+00
-2.155910e-01  6.395770e-01 -1.029120e+00  7.192830e-01
-2.287166e-01  6.212092e-01 -1.058309e+00  2.275633e-01
-2.101367e-01  6.355060e-01 -2.111573e-01  7.505248e-01
-1.955743e-01  6.085067e-01 -1.943075e-01  2.369721e-01
-2.096445e-01  6.818139e-01 -5.978284e-01  5.908780e-01
-1.988072e-01  6.680593e-01 -6.129157e-01  1.945965e-01
-2.159073e-01  2.112741e-01 -5.982974e-01  1.006881e+00
-2.083089e-01  2.124468e-01 -1.997184e-01  1.136022e+00
-2.023115e-01  2.070068e-01 -9.283128e-01  6.692363e-01
-2.102204e-01  2.040447e-01 -9.815760e-01  2.161085e-01
-2.007300e-01  2.121023e-01 -1.961513e-01  6.317968e-01
-2.009221e-01  2.024750e-01 -1.883400e-01  2.043687e-01
-2.165918e-01  2.290783e-01 -5.623636e-01  5.386641e-01
-2.172488e-01  2.185668e-01 -5.807623e-01  1.795185e-01
-2.650156e-01  2.808007e-01 -1.010595e+00  1.333183e+00
-3.200708e-01  2.591660e-01 -3.531476e-01  1.625582e+00
-2.710821e-01  2.848290e-01 -1.422862e+00  8.423471e-01
-2.386602e-01  2.456598e-01 -1.489856e+00  2.697327e-01
-6.284262e-01  6.386526e-01 -1.992524e-01  6.304196e-01
-5.997223e-01  6.147717e-01 -2.089817e-01  2.053611e-01
-6.483160e-01  6.365718e-01 -6.218512e-01  6.356957e-01
-6.004763e-01  6.675298e-01 -6.397572e-01  2.072431e-01
-6.634572e-01  2.289026e-01 -7.345830e-01  1.149625e+00
-6.370232e-01  2.325636e-01 -2.344510e-01  1.152105e+00
-6.102906e-01  2.269534e-01 -1.059582e+00  7.340233e-01
-6.360683e-01  2.247433e-01 -1.056163e+00  2.274482e-01
-6.061091e-01  2.099198e-01 -2.062017e-01  6.359618e-01
-6.049101e-01  2.025726e-01 -2.037413e-01  2.104191e-01
-6.600178e-01  2.069651e-01 -6.224790e-01  5.931311e-01
-6.612189e-01  2.196012e-01 -6.220296e-01  1.870662e-01
-6.402088e-01  8.370069e-01 -7.638155e-01 -1.231263e+00
-7.391680e-01  8.585327e-01 -2.461081e-01 -1.171087e+00
-5.812677e-01  8.644932e-01 -1.175445e+00 -8.004450e-01
-3.045462e-01  8.219116e-01 -1.457407e+00 -2.966925e-01
-7.733747e-01  1.195079e+00 -2.470639e-01 -6.530145e-01
-7.275868e-01  1.125744e+00 -2.236595e-01 -2.121341e-01
-9.280744e-01  1.078730e+00 -7.622758e-01 -7.090557e-01
-7.607966e-01  1.252069e+00 -6.941513e-01 -2.422541e-01
-2.870941e-01  1.530467e+00 -3.110623e-01 -8.200878e-01
-2.664405e-01  1.151623e+00 -2.726162e-01 -1.164559e+00
-2.683231e-01  1.207489e+00 -8.015098e-01 -7.791444e-01
-2.750598e-01  1.182128e+00 -1.075294e+00 -2.734502e-01
-2.449882e-01  1.134149e+00 -2.187540e-01 -6.114330e-01
-2.341974e-01  1.097603e+00 -2.061392e-01 -1.995893e-01
-3.042247e-01  1.626188e+00 -2.733090e-01 -2.511550e-01
-2.413477e-01  1.223262e+00 -6.208398e-01 -2.302999e-01
-1.527921e+00  2.922125e-01 -2.845075e-01 -8.391946e-01
-1.206024e+00  7.475625e-01 -2.428198e-01 -8.223135e-01
-1.267364e+00  2.906145e-01 -1.103516e+00 -2.328798e-01
-8.239927e-01  7.617305e-01 -1.148072e+00 -2.471118e-01
-1.337703e+00  1.046155e+00 -2.673440e-01 -2.785410e-01
-1.033171e+00  6.985583e-01 -2.155091e-01 -2.524335e-01
-1.459663e+00  6.132726e-01 -6.969864e-01 -3.199107e-01
-1.006168e+00  7.516675e-01 -6.756748e-01 -2.210272e-01
-1.122029e+00  2.767014e-01 -6.244229e-01 -9.604730e-01
-1.060233e+00  2.996095e-01 -2.488309e-01 -1.281582e+00
-1.059067e+00  3.174751e-01 -1.048080e+00 -6.963915e-01
-8.031417e-01  2.915183e-01 -1.473754e+00 -3.022732e-01
-1.029982e+00  2.206358e-01 -2.219073e-01 -6.467891e-01
-1.018074e+00  2.318639e-01 -1.995237e-01 -1.989553e-01
-1.148840e+00  2.194898e-01 -6.297464e-01 -3.874344e-01
-1.481204e+00  2.652833e-01 -2.385564e-01 -2.250238e-01
-2.243357e-01  6.470575e-01 -6.793191e-01 -1.109863e+00
-2.512074e-01  6.313773e-01 -2.379775e-01 -1.323832e+00
-2.155910e-01  6.395770e-01 -1.029120e+00 -7.192830e-01
-2.287166e-01  6.212092e-01 -1.058309e+00 -2.275633e-01
-2.101367e-01  6.355060e-01 -2.111573e-01 -7.505248e-01
-1.955743e-01  6.085067e-01 -1.943075e-01 -2.369721e-01
-2.096445e-01  6.818139e-01 -5.978284e-01 -5.908780e-01
-1.988072e-01  6.680593e-01 -6.129157e-01 -1.945965e-01
-2.159073e-01  2.112741e-01 -5.982974e-01 -1.006881e+00
-2.083089e-01  2.124468e-01 -1.997184e-01 -1.136022e+00
-2.023115e-01  2.070068e-01 -9.283128e-01 -6.692363e-01
-2.102204e-01  2.040447e-01 -9.815760e-01 -2.161085e-01
-2.007300e-01  2.121023e-01 -1.961513e-01 -6.317968e-01
-2.009221e-01  2.024750e-01 -1.883400e-01 -2.043687e-01
-2.165918e-01  2.290783e-01 -5.623636e-01 -5.386641e-01
-2.172488e-01  2.185668e-01 -5.807623e-01 -1.795185e-01
-2.650156e-01  2.808007e-01 -1.010595e+00 -1.333183e+00
-3.200708e-01  2.591660e-01 -3.531476e-01 -1.625582e+00
-2.710821e-01  2.848290e-01 -1.422862e+00 -8.423471e-01
-2.386602e-01  2.456598e-01 -1.489856e+00 -2.697327e-01
-6.284262e-01  6.386526e-01 -1.992524e-01 -6.304196e-01
-5.997223e-01  6.147717e-01 -2.089817e-01 -2.053611e-01
-6.483160e-01  6.365718e-01 -6.218512e-01 -6.356957e-01
-6.004763e-01  6.675298e-01 -6.397572e-01 -2.072431e-01
-6.634572e-01  2.289026e-01 -7.345830e-01 -1.149625e+00
-6.370232e-01  2.325636e-01 -2.344510e-01 -1.152105e+00
-6.102906e-01  2.269534e-01 -1.059582e+00 -7.340233e-01
-6.360683e-01  2.247433e-01 -1.056163e+00 -2.274482e-01
-6.061091e-01  2.099198e-01 -2.062017e-01 -6.359618e-01
-6.049101e-01  2.025726e-01 -2.037413e-01 -2.104191e-01
-6.600178e-01  2.069651e-01 -6.224790e-01 -5.931311e-01
-6.612189e-01  2.196012e-01 -6.220296e-01 -1.870662e-01
-6.402088e-01 -8.370069e-01  7.638155e-01  1.231263e+00
-7.391680e-01 -8.585327e-01  2.461081e-01  1.171087e+00
-5.812677e-01 -8.644932e-01  1.175445e+00  8.004450e-01
-3.045462e-01 -8.219116e-01  1.457407e+00  2.966925e-01
-7.733747e-01 -1.195079e+00  2.470639e-01  6.530145e-01
-7.275868e-01 -1.125744e+00  2.236595e-01  2.121341e-01
-9.280744e-01 -1.078730e+00  7.622758e-01  7.090557e-01
-7.607966e-01 -1.252069e+00  6.941513e-01  2.422541e-01
-2.870941e-01 -1.530467e+00  3.110623e-01  8.200878e-01
-2.664405e-01 -1.151623e+00  2.726162e-01  1.164559e+00
-2.683231e-01 -1.207489e+00  8.015098e-01  7.791444e-01
-2.750598e-01 -1.182128e+00  1.075294e+00  2.734502e-01
-2.449882e-01 -1.134149e+00  2.187540e-01  6.114330e-01
-2.341974e-01 -1.097603e+00  2.061392e-01  1.995893e-01
-3.042247e-01 -1.626188e+00  2.733090e-01  2.511550e-01
-2.413477e-01 -1.223262e+00  6.208398e-01  2.302999e-01
-1.527921e+00 -2.922125e-01  2.845075e-01  8.391946e-01
-1.206024e+00 -7.475625e-01  2.428198e-01  8.223135e-01
-1.267364e+00 -2.906145e-01  1.103516e+00  2.328798e-01
-8.239927e-01 -7.617305e-01  1.148072e+00  2.471118e-01
-1.337703e+00 -1.046155e+00  2.673440e-01  2.785410e-01
-1.033171e+00 -6.985583e-01  2.155091e-01  2.524335e-01
-1.459663e+00 -6.132726e-01  6.969864e-01  3.199107e-01
-1.006168e+00 -7.516675e-01  6.756748e-01  2.210272e-01
-1.122029e+00 -2.767014e-01  6.244229e-01  9.604730e-01
-1.060233e+00 -2.996095e-01  2.488309e-01  1.281582e+00
-1.059067e+00 -3.174751e-01  1.048080e+00  6.963915e-01
-8.031417e-01 -2.915183e-01  1.473754e+00  3.022732e-01
-1.029982e+00 -2.206358e-01  2.219073e-01  6.467891e-01
-1.018074e+00 -2.318639e-01  1.995237e-01  1.989553e-01
-1.148840e+00 -2.194898e-01  6.297464e-01  3.874344e-01
-1.481204e+00 -2.652833e-01  2.385564e-01  2.250238e-01
-2.243357e-01 -6.470575e-01  6.793191e-01  1.109863e+00
-2.512074e-01 -6.313773e-01  2.379775e-01  1.323832e+00
-2.155910e-01 -6.395770e-01  1.029120e+00  7.192830e-01
-2.287166e-01 -6.212092e-01  1.058309e+00  2.275633e-01
-2.101367e-01 -6.355060e-01  2.111573e-01  7.505248e-01
-1.955743e-01 -6.085067e-01  1.943075e-01  2.369721e-01
-2.096445e-01 -6.818139e-01  5.978284e-01  5.908780e-01
-1.988072e-01 -6.680593e-01  6.129157e-01  1.945965e-01
-2.159073e-01 -2.112741e-01  5.982974e-01  1.006881e+00
-2.083089e-01 -2.124468e-01  1.997184e-01  1.136022e+00
-2.023115e-01 -2.070068e-01  9.283128e-01  6.692363e-01
-2.102204e-01 -2.040447e-01  9.815760e-01  2.161085e-01
-2.007300e-01 -2.121023e-01  1.961513e-01  6.317968e-01
-2.009221e-01 -2.024750e-01  1.883400e-01  2.043687e-01
-2.165918e-01 -2.290783e-01  5.623636e-01  5.386641e-01
-2.172488e-01 -2.185668e-01  5.807623e-01  1.795185e-01
-2.650156e-01 -2.808007e-01  1.010595e+00  1.333183e+00
-3.200708e-01 -2.591660e-01  3.531476e-01  1.625582e+00
-2.710821e-01 -2.848290e-01  1.422862e+00  8.423471e-01
-2.386602e-01 -2.456598e-01  1.489856e+00  2.697327e-01
-6.284262e-01 -6.386526e-01  1.992524e-01  6.304196e-01
-5.997223e-01 -6.147717e-01  2.089817e-01  2.053611e-01
-6.483160e-01 -6.365718e-01  6.218512e-01  6.356957e-01
-6.004763e-01 -6.675298e-01  6.397572e-01  2.072431e-01
-6.634572e-01 -2.289026e-01  7.345830e-01  1.149625e+00
-6.370232e-01 -2.325636e-01  2.344510e-01  1.152105e+00
-6.102906e-01 -2.269534e-01  1.059582e+00  7.340233e-01
-6.360683e-01 -2.247433e-01  1.056163e+00  2.274482e-01
-6.061091e-01 -2.099198e-01  2.062017e-01  6.359618e-01
-6.049101e-01 -2.025726e-01  2.037413e-01  2.104191e-01
-6.600178e-01 -2.069651e-01  6.224790e-01  5.931311e-01
-6.612189e-01 -2.196012e-01  6.220296e-01  1.870662e-01
-6.402088e-01 -8.370069e-01  7.638155e-01 -1.231263e+00
-7.391680e-01 -8.585327e-01  2.461081e-01 -1.171087e+00
-5.812677e-01 -8.644932e-01  1.175445e+00 -8.004450e-01
-3.045462e-01 -8.219116e-01  1.457407e+00 -2.966925e-01
-7.733747e-01 -1.195079e+00  2.470639e-01 -6.530145e-01
-7.275868e-01 -1.125744e+00  2.236595e-01 -2.121341e-01
-9.280744e-01 -1.078730e+00  7.622758e-01 -7.090557e-01
-7.607966e-01 -1.252069e+00  6.941513e-01 -2.422541e-01
-2.870941e-01 -1.530467e+00  3.110623e-01 -8.200878e-01
-2.664405e-01 -1.151623e+00  2.726162e-01 -1.164559e+00
-2.683231e-01 -1.207489e+00  8.015098e-01 -7.791444e-01
-2.750598e-01 -1.182128e+00  1.075294e+00 -2.734502e-01
-2.449882e-01 -1.134149e+00  2.187540e-01 -6.114330e-01
-2.341974e-01 -1.097603e+00  2.061392e-01 -1.995893e-01
-3.042247e-01 -1.626188e+00  2.733090e-01 -2.511550e-01
-2.413477e-01 -1.223262e+00  6.208398e-01 -2.302999e-01
-1.527921e+00 -2.922125e-01  2.845075e-01 -8.391946e-01
-1.206024e+00 -7.475625e-01  2.428198e-01 -8.223135e-01
-1.267364e+00 -2.906145e-01  1.103516e+00 -2.328798e-01
-8.239927e-01 -7.617305e-01  1.148072e+00 -2.471118e-01
-1.337703e+00 -1.046155e+00  2.673440e-01 -2.785410e-01
-1.033171e+00 -6.985583e-01  2.155091e-01 -2.524335e-01
-1.459663e+00 -6.132726e-01  6.969864e-01 -3.199107e-01
-1.006168e+00 -7.516675e-01  6.756748e-01 -2.210272e-01
-1.122029e+00 -2.767014e-01  6.244229e-01 -9.604730e-01
-1.060233e+00 -2.996095e-01  2.488309e-01 -1.281582e+00
-1.059067e+00 -3.174751e-01  1.048080e+00 -6.963915e-01
-8.031417e-01 -2.915183e-01  1.473754e+00 -3.022732e-01
-1.029982e+00 -2.206358e-01  2.219073e-01 -6.467891e-01
-1.018074e+00 -2.318639e-01  1.995237e-01 -1.989553e-01
-1.148840e+00 -2.194898e-01  6.297464e-01 -3.874344e-01
-1.481204e+00 -2.652833e-01  2.385564e-01 -2.250238e-01
-2.243357e-01 -6.470575e-01  6.793191e-01 -1.109863e+00
-2.512074e-01 -6.313773e-01  2.379775e-01 -1.323832e+00
-2.155910e-01 -6.395770e-01  1.029120e+00 -7.192830e-01
-2.287166e-01 -6.212092e-01  1.058309e+00 -2.275633e-01
-2.101367e-01 -6.355060e-01  2.111573e-01 -7.505248e-01
-1.955743e-01 -6.085067e-01  1.943075e-01 -2.369721e-01
-2.096445e-01 -6.818139e-01  5.978284e-01 -5.908780e-01
-1.988072e-01 -6.680593e-01  6.129157e-01 -1.945965e-01
-2.159073e-01 -2.112741e-01  5.982974e-01 -1.006881e+00
-2.083089e-01 -2.124468e-01  1.997184e-01 -1.136022e+00
-2.023115e-01 -2.070068e-01  9.283128e-01 -6.692363e-01
-2.102204e-01 -2.040447e-01  9.815760e-01 -2.161085e-01
-2.007300e-01 -2.121023e-01  1.961513e-01 -6.317968e-01
-2.009221e-01 -2.024750e-01  1.883400e-01 -2.043687e-01
-2.165918e-01 -2.290783e-01  5.623636e-01 -5.386641e-01
-2.172488e-01 -2.185668e-01  5.807623e-01 -1.795185e-01
-2.650156e-01 -2.808007e-01  1.010595e+00 -1.333183e+00
-3.200708e-01 -2.591660e-01  3.531476e-01 -1.625582e+00
-2.710821e-01 -2.848290e-01  1.422862e+00 -8.423471e-01
-2.386602e-01 -2.456598e-01  1.489856e+00 -2.697327e-01
-6.284262e-01 -6.386526e-01  1.992524e-01 -6.304196e-01
-5.997223e-01 -6.147717e-01  2.089817e-01 -2.053611e-01
-6.483160e-01 -6.365718e-01  6.218512e-01 -6.356957e-01
-6.004763e-01 -6.675298e-01  6.397572e-01 -2.072431e-01
-6.634572e-01 -2.289026e-01  7.345830e-01 -1.149625e+00
-6.370232e-01 -2.325636e-01  2.344510e-01 -1.152105e+00
-6.102906e-01 -2.269534e-01  1.059582e+00 -7.340233e-01
-6.360683e-01 -2.247433e-01  1.056163e+00 -2.274482e-01
-6.061091e-01 -2.099198e-01  2.062017e-01 -6.359618e-01
-6.049101e-01 -2.025726e-01  2.037413e-01 -2.104191e-01
-6.600178e-01 -2.069651e-01  6.224790e-01 -5.931311e-01
-6.612189e-01 -2.196012e-01  6.220296e-01 -1.870662e-01
-6.402088e-01 -8.370069e-01 -7.638155e-01  1.231263e+00
-7.391680e-01 -8.585327e-01 -2.461081e-01  1.171087e+00
-5.812677e-01 -8.644932e-01 -1.175445e+00  8.004450e-01
-3.045462e-01 -8.219116e-01 -1.457407e+00  2.966925e-01
-7.733747e-01 -1.195079e+00 -2.470639e-01  6.530145e-01
-7.275868e-01 -1.125744e+00 -2.236595e-01  2.121341e-01
-9.280744e-01 -1.078730e+00 -7.622758e-01  7.090557e-01
-7.607966e-01 -1.252069e+00 -6.941513e-01  2.422541e-01
-2.870941e-01 -1.530467e+00 -3.110623e-01  8.200878e-01
-2.664405e-01 -1.151623e+00 -2.726162e-01  1.164559e+00
-2.683231e-01 -1.207489e+00 -8.015098e-01  7.791444e-01
-2.750598e-01 -1.182128e+00 -1.075294e+00  2.734502e-01
-2.449882e-01 -1.134149e+00 -2.187540e-01  6.114330e-01
-2.341974e-01 -1.097603e+00 -2.061392e-01  1.995893e-01
-3.042247e-01 -1.626188e+00 -2.733090e-01  2.511550e-01
-2.413477e-01 -1.223262e+00 -6.208398e-01  2.302999e-01
-1.527921e+00 -2.922125e-01 -2.845075e-01  8.391946e-01
-1.206024e+00 -7.475625e-01 -2.428198e-01  8.223135e-01
-1.267364e+00 -2.906145e-01 -1.103516e+00  2.328798e-01
-8.239927e-01 -7.617305e-01 -1.148072e+00  2.471118e-01
-1.337703e+00 -1.046155e+00 -2.673440e-01  2.785410e-01
-1.033171e+00 -6.985583e-01 -2.155091e-01  2.524335e-01
-1.459663e+00 -6.132726e-01 -6.969864e-01  3.199107e-01
-1.006168e+00 -7.516675e-01 -6.756748e-01  2.210272e-01
-1.122029e+00 -2.767014e-01 -6.244229e-01  9.604730e-01
-1.060233e+00 -2.996095e-01 -2.488309e-01  1.281582e+00
-1.059067e+00 -3.174751e-01 -1.048080e+00  6.963915e-01
-8.031417e-01 -2.915183e-01 -1.473754e+00  3.022732e-01
-1.029982e+00 -2.206358e-01 -2.219073e-01  6.467891e-01
-1.018074e+00 -2.318639e-01 -1.995237e-01  1.989553e-01
-1.148840e+00 -2.194898e-01 -6.297464e-01  3.874344e-01
-1.481204e+00 -2.652833e-01 -2.385564e-01  2.250238e-01
-2.243357e-01 -6.470575e-01 -6.793191e-01  1.109863e+00
-2.512074e-01 -6.313773e-01 -2.379775e-01  1.323832e+00
-2.155910e-01 -6.395770e-01 -1.029120e+00  7.192830e-01
-2.287166e-01 -6.212092e-01 -1.058309e+00  2.275633e-01
-2.101367e-01 -6.355060e-01 -2.111573e-01  7.505248e-01
-1.955743e-01 -6.085067e-01 -1.943075e-01  2.369721e-01
-2.096445e-01 -6.818139e-01 -5.978284e-01  5.908780e-01
-1.988072e-01 -6.680593e-01 -6.129157e-01  1.945965e-01
-2.159073e-01 -2.112741e-01 -5.982974e-01  1.006881e+00
-2.083089e-01 -2.124468e-01 -1.997184e-01  1.136022e+00
-2.023115e-01 -2.070068e-01 -9.283128e-01  6.692363e-01
-2.102204e-01 -2.040447e-01 -9.815760e-01  2.161085e-01
-2.007300e-01 -2.121023e-01 -1.961513e-01  6.317968e-01
-2.009221e-01 -2.024750e-01 -1.883400e-01  2.043687e-01
-2.165918e-01 -2.290783e-01 -5.623636e-01  5.386641e-01
-2.172488e-01 -2.185668e-01 -5.807623e-01  1.795185e-01
-2.650156e-01 -2.808007e-01 -1.010595e+00  1.333183e+00
-3.200708e-01 -2.591660e-01 -3.531476e-01  1.625582e+00
-2.710821e-01 -2.848290e-01 -1.422862e+00  8.423471e-01
-2.386602e-01 -2.456598e-01 -1.489856e+00  2.697327e-01
-6.284262e-01 -6.386526e-01 -1.992524e-01  6.304196e-01
-5.997223e-01 -6.147717e-01 -2.089817e-01  2.053611e-01
-6.483160e-01 -6.365718e-01 -6.218512e-01  6.356957e-01
-6.004763e-01 -6.675298e-01 -6.397572e-01  2.072431e-01
-6.634572e-01 -2.289026e-01 -7.345830e-01  1.149625e+00
-6.370232e-01 -2.325636e-01 -2.344510e-01  1.152105e+00
-6.102906e-01 -2.269534e-01 -1.059582e+00  7.340233e-01
-6.360683e-01 -2.247433e-01 -1.056163e+00  2.274482e-01
-6.061091e-01 -2.099198e-01 -2.062017e-01  6.359618e-01
-6.049101e-01 -2.025726e-01 -2.037413e-01  2.104191e-01
-6.600178e-01 -2.069651e-01 -6.224790e-01  5.931311e-01
-6.612189e-01 -2.196012e-01 -6.220296e-01  1.870662e-01
-6.402088e-01 -8.370069e-01 -7.638155e-01 -1.231263e+00
-7.391680e-01 -8.585327e-01 -2.461081e-01 -1.171087e+00
-5.812677e-01 -8.644932e-01 -1.175445e+00 -8.004450e-01
-3.045462e-01 -8.219116e-01 -1.457407e+00 -2.966925e-01
-7.733747e-01 -1.195079e+00 -2.470639e-01 -6.530145e-01
-7.275868e-01 -1.125744e+00 -2.236595e-01 -2.121341e-01
-9.280744e-01 -1.078730e+00 -7.622758e-01 -7.090557e-01
-7.607966e-01 -1.252069e+00 -6.941513e-01 -2.422541e-01
-2.870941e-01 -1.530467e+00 -3.110623e-01 -8.200878e-01
-2.664405e-01 -1.151623e+00 -2.726162e-01 -1.164559e+00
-2.683231e-01 -1.207489e+00 -8.015098e-01 -7.791444e-01
-2.750598e-01 -1.182128e+00 -1.075294e+00 -2.734502e-01
-2.449882e-01 -1.134149e+00 -2.187540e-01 -6.114330e-01
-2.341974e-01 -1.097603e+00 -2.061392e-01 -1.995893e-01
-3.042247e-01 -1.626188e+00 -2.733090e-01 -2.511550e-01
-2.413477e-01 -1.223262e+00 -6.208398e-01 -2.302999e-01
-1.527921e+00 -2.922125e-01 -2.845075e-01 -8.391946e-01
-1.206024e+00 -7.475625e-01 -2.428198e-01 -8.223135e-01
-1.267364e+00 -2.906145e-01 -1.103516e+00 -2.328798e-01
-8.239927e-01 -7.617305e-01 -1.148072e+00 -2.471118e-01
-1.337703e+00 -1.046155e+00 -2.673440e-01 -2.785410e-01
-1.033171e+00 -6.985583e-01 -2.155091e-01 -2.524335e-01
-1.459663e+00 -6.132726e-01 -6.969864e-01 -3.199107e-01
-1.006168e+00 -7.516675e-01 -6.756748e-01 -2.210272e-01
-1.122029e+00 -2.767014e-01 -6.244229e-01 -9.604730e-01
-1.060233e+00 -2.996095e-01 -2.488309e-01 -1.281582e+00
-1.059067e+00 -3.174751e-01 -1.048080e+00 -6.963915e-01
-8.031417e-01 -2.915183e-01 -1.473754e+00 -3.022732e-01
-1.029982e+00 -2.206358e-01 -2.219073e-01 -6.467891e-01
-1.018074e+00 -2.318639e-01 -1.995237e-01 -1.989553e-01
-1.148840e+00 -2.194898e-01 -6.297464e-01 -3.874344e-01
-1.481204e+00 -2.652833e-01 -2.385564e-01 -2.250238e-01
-2.243357e-01 -6.470575e-01 -6.793191e-01 -1.109863e+00
-2.512074e-01 -6.313773e-01 -2.379775e-01 -1.323832e+00
-2.155910e-01 -6.395770e-01 -1.029120e+00 -7.192830e-01
-2.287166e-01 -6.212092e-01 -1.058309e+00 -2.275633e-01
-2.101367e-01 -6.355060e-01 -2.111573e-01 -7.505248e-01
-1.955743e-01 -6.085067e-01 -1.943075e-01 -2.369721e-01
-2.096445e-01 -6.818139e-01 -5.978284e-01 -5.908780e-01
-1.988072e-01 -6.680593e-01 -6.129157e-01 -1.945965e-01
-2.159073e-01 -2.112741e-01 -5.982974e-01 -1.006881e+00
-2.083089e-01 -2.124468e-01 -1.997184e-01 -1.136022e+00
-2.023115e-01 -2.070068e-01 -9.283128e-01 -6.692363e-01
-2.102204e-01 -2.040447e-01 -9.815760e-01 -2.161085e-01
-2.007300e-01 -2.121023e-01 -1.961513e-01 -6.317968e-01
-2.009221e-01 -2.024750e-01 -1.883400e-01 -2.043687e-01
-2.165918e-01 -2.290783e-01 -5.623636e-01 -5.386641e-01
-2.172488e-01 -2.185668e-01 -5.807623e-01 -1.795185e-01
-2.650156e-01 -2.808007e-01 -1.010595e+00 -1.333183e+00
-3.200708e-01 -2.591660e-01 -3.531476e-01 -1.625582e+00
-2.710821e-01 -2.848290e-01 -1.422862e+00 -8.423471e-01
-2.386602e-01 -2.456598e-01 -1.489856e+00 -2.697327e-01
-6.284262e-01 -6.386526e-01 -1.992524e-01 -6.304196e-01
-5.997223e-01 -6.147717e-01 -2.089817e-01 -2.053611e-01
-6.483160e-01 -6.365718e-01 -6.218512e-01 -6.356957e-01
-6.004763e-01 -6.675298e-01 -6.397572e-01 -2.072431e-01
-6.634572e-01 -2.289026e-01 -7.345830e-01 -1.149625e+00
-6.370232e-01 -2.325636e-01 -2.344510e-01 -1.152105e+00
-6.102906e-01 -2.269534e-01 -1.059582e+00 -7.340233e-01
-6.360683e-01 -2.247433e-01 -1.056163e+00 -2.274482e-01
-6.061091e-01 -2.099198e-01 -2.062017e-01 -6.359618e-01
-6.049101e-01 -2.025726e-01 -2.037413e-01 -2.104191e-01
-6.600178e-01 -2.069651e-01 -6.224790e-01 -5.931311e-01
-6.612189e-01 -2.196012e-01 -6.220296e-01 -1.870662e-01
