 3.167737e-01  9.130063e-01  2.835372e-01  9.379209e-01
 2.429344e-01  7.887537e-01  2.214924e-01  1.205194e+00
 3.105234e-01  9.383618e-01  8.198919e-01  8.090706e-01
 3.094429e-01  1.069883e+00  1.212356e+00  3.310950e-01
 3.318928e-01  9.257903e-01  2.073285e-01  4.766002e-01
 1.049324e+00  1.401835e+00  2.657133e-01  2.732311e-01
 2.973418e-01  9.512075e-01  5.392264e-01  3.413181e-01
 3.366007e-01  9.961845e-01  7.567129e-01  1.956399e-01
 2.839382e-01  1.360398e+00  2.918727e-01  1.036337e+00
 3.570703e-01  8.410234e-01  3.487858e-01  1.601812e+00
 2.920898e-01  1.213754e+00  9.049770e-01  1.012881e+00
 3.466956e-01  1.508268e+00  1.041012e+00  4.277045e-01
 2.550483e-01  1.194502e+00  1.627824e-01  3.772254e-01
 4.332055e-01  1.662079e+00  2.497687e-01  3.217830e-01
 2.168006e-01  1.178916e+00  3.679206e-01  2.532428e-01
 3.082768e-01  1.420530e+00  6.119200e-01  2.180087e-01
 8.614633e-01  7.573605e-01  2.855501e-01  8.970160e-01
 1.155560e+00  1.019119e+00  2.717591e-01  9.956379e-01
 8.650075e-01  7.794005e-01  8.384073e-01  7.949681e-01
 9.813994e-01  9.324967e-01  1.164980e+00  3.737708e-01
 8.757355e-01  7.479134e-01  2.245009e-01  4.565883e-01
 1.074995e+00  8.860291e-01  2.245369e-01  2.644624e-01
 8.454714e-01  7.509265e-01  6.002914e-01  3.759888e-01
 9.465535e-01  8.371624e-01  6.918112e-01  2.081361e-01
 1.228040e+00  2.769268e-01  2.996864e-01  1.001750e+00
 1.006318e+00  4.614111e-01  3.305756e-01  1.496757e+00
 1.219751e+00  3.122390e-01  8.926039e-01  8.821941e-01
 1.344188e+00  3.597344e-01  1.221508e+00  3.727014e-01
 1.271126e+00  2.642810e-01  2.215112e-01  4.651833e-01
 1.590071e+00  4.617035e-01  2.400703e-01  2.813281e-01
 1.238987e+00  2.598093e-01  6.099449e-01  3.745301e-01
 1.376760e+00  3.570452e-01  6.989867e-01  2.127640e-01
 2.173087e-01  4.312198e-01  3.585007e-01  8.912223e-01
 1.686021e-01  3.267649e-01  2.623066e-01  1.097685e+00
 2.383104e-01  5.287223e-01  9.099772e-01  7.824759e-01
 2.486505e-01  6.477314e-01  1.382927e+00  3.369155e-01
 2.191424e-01  4.647500e-01  2.571258e-01  4.399140e-01
 2.198848e-01  3.847181e-01  2.233984e-01  2.774894e-01
 2.245016e-01  5.215255e-01  6.926180e-01  3.750787e-01
 2.331131e-01  5.305372e-01  8.149555e-01  1.961426e-01
 2.751671e-01  3.050290e-01  1.119981e+00  1.396993e+00
 2.504291e-01  2.689306e-01  4.389484e-01  1.600098e+00
 2.222246e-01  2.381050e-01  1.093567e+00  8.593289e-01
 2.182674e-01  2.299656e-01  1.502102e+00  3.894447e-01
 1.912984e-01  2.299118e-01  2.842291e-01  3.361220e-01
 1.946674e-01  2.071844e-01  2.328533e-01  2.208768e-01
 1.900706e-01  1.972873e-01  7.750251e-01  3.430717e-01
 1.994646e-01  1.999695e-01  8.673713e-01  1.925202e-01
 5.695145e-01  3.022094e-01  3.055739e-01  8.990161e-01
 3.969892e-01  2.109124e-01  2.277367e-01  1.088593e+00
 6.352784e-01  4.390535e-01  8.781452e-01  7.711367e-01
 6.793733e-01  5.504896e-01  1.362978e+00  3.264949e-01
 6.490230e-01  3.849531e-01  2.394550e-01  4.451441e-01
 6.380236e-01  3.529109e-01  2.043107e-01  2.281474e-01
 6.540606e-01  4.281488e-01  6.749915e-01  3.731337e-01
 6.555545e-01  4.408310e-01  7.798228e-01  1.923429e-01
 7.808267e-01  1.775934e-01  3.512509e-01  9.591932e-01
 6.272465e-01  1.801564e-01  3.215178e-01  1.378390e+00
 7.184108e-01  2.018574e-01  9.735309e-01  8.278549e-01
 7.398278e-01  2.179561e-01  1.422215e+00  3.624361e-01
 7.629641e-01  1.877649e-01  2.477837e-01  4.069099e-01
 6.830439e-01  1.853456e-01  2.109773e-01  2.077787e-01
 7.404134e-01  1.845986e-01  7.099211e-01  3.519899e-01
 7.059181e-01  1.857595e-01  8.157672e-01  1.851442e-01
 3.167737e-01  9.130063e-01  2.835372e-01 -9.379209e-01
 2.429344e-01  7.887537e-01  2.214924e-01 -1.205194e+00
 3.105234e-01  9.383618e-01  8.198919e-01 -8.090706e-01
 3.094429e-01  1.069883e+00  1.212356e+00 -3.310950e-01
 3.318928e-01  9.257903e-01  2.073285e-01 -4.766002e-01
 1.049324e+00  1.401835e+00  2.657133e-01 -2.732311e-01
 2.973418e-01  9.512075e-01  5.392264e-01 -3.413181e-01
 3.366007e-01  9.961845e-01  7.567129e-01 -1.956399e-01
 2.839382e-01  1.360398e+00  2.918727e-01 -1.036337e+00
 3.570703e-01  8.410234e-01  3.487858e-01 -1.601812e+00
 2.920898e-01  1.213754e+00  9.049770e-01 -1.012881e+00
 3.466956e-01  1.508268e+00  1.041012e+00 -4.277045e-01
 2.550483e-01  1.194502e+00  1.627824e-01 -3.772254e-01
 4.332055e-01  1.662079e+00  2.497687e-01 -3.217830e-01
 2.168006e-01  1.178916e+00  3.679206e-01 -2.532428e-01
 3.082768e-01  1.420530e+00  6.119200e-01 -2.180087e-01
 8.614633e-01  7.573605e-01  2.855501e-01 -8.970160e-01
 1.155560e+00  1.019119e+00  2.717591e-01 -9.956379e-01
 8.650075e-01  7.794005e-01  8.384073e-01 -7.949681e-01
 9.813994e-01  9.324967e-01  1.164980e+00 -3.737708e-01
 8.757355e-01  7.479134e-01  2.245009e-01 -4.565883e-01
 1.074995e+00  8.860291e-01  2.245369e-01 -2.644624e-01
 8.454714e-01  7.509265e-01  6.002914e-01 -3.759888e-01
 9.465535e-01  8.371624e-01  6.918112e-01 -2.081361e-01
 1.228040e+00  2.769268e-01  2.996864e-01 -1.001750e+00
 1.006318e+00  4.614111e-01  3.305756e-01 -1.496757e+00
 1.219751e+00  3.122390e-01  8.926039e-01 -8.821941e-01
 1.344188e+00  3.597344e-01  1.221508e+00 -3.727014e-01
 1.271126e+00  2.642810e-01  2.215112e-01 -4.651833e-01
 1.590071e+00  4.617035e-01  2.400703e-01 -2.813281e-01
 1.238987e+00  2.598093e-01  6.099449e-01 -3.745301e-01
 1.376760e+00  3.570452e-01  6.989867e-01 -2.127640e-01
 2.173087e-01  4.312198e-01  3.585007e-01 -8.912223e-01
 1.686021e-01  3.267649e-01  2.623066e-01 -1.097685e+00
 2.383104e-01  5.287223e-01  9.099772e-01 -7.824759e-01
 2.486505e-01  6.477314e-01  1.382927e+00 -3.369155e-01
 2.191424e-01  4.647500e-01  2.571258e-01 -4.399140e-01
 2.198848e-01  3.847181e-01  2.233984e-01 -2.774894e-01
 2.245016e-01  5.215255e-01  6.926180e-01 -3.750787e-01
 2.331131e-01  5.305372e-01  8.149555e-01 -1.961426e-01
 2.751671e-01  3.050290e-01  1.119981e+00 -1.396993e+00
 2.504291e-01  2.689306e-01  4.389484e-01 -1.600098e+00
 2.222246e-01  2.381050e-01  1.093567e+00 -8.593289e-01
 2.182674e-01  2.299656e-01  1.502102e+00 -3.894447e-01
 1.912984e-01  2.299118e-01  2.842291e-01 -3.361220e-01
 1.946674e-01  2.071844e-01  2.328533e-01 -2.208768e-01
 1.900706e-01  1.972873e-01  7.750251e-01 -3.430717e-01
 1.994646e-01  1.999695e-01  8.673713e-01 -1.925202e-01
 5.695145e-01  3.022094e-01  3.055739e-01 -8.990161e-01
 3.969892e-01  2.109124e-01  2.277367e-01 -1.088593e+00
 6.352784e-01  4.390535e-01  8.781452e-01 -7.711367e-01
 6.793733e-01  5.504896e-01  1.362978e+00 -3.264949e-01
 6.490230e-01  3.849531e-01  2.394550e-01 -4.451441e-01
 6.380236e-01  3.529109e-01  2.043107e-01 -2.281474e-01
 6.540606e-01  4.281488e-01  6.749915e-01 -3.731337e-01
 6.555545e-01  4.408310e-01  7.798228e-01 -1.923429e-01
 7.808267e-01  1.775934e-01  3.512509e-01 -9.591932e-01
 6.272465e-01  1.801564e-01  3.215178e-01 -1.378390e+00
 7.184108e-01  2.018574e-01  9.735309e-01 -8.278549e-01
 7.398278e-01  2.179561e-01  1.422215e+00 -3.624361e-01
 7.629641e-01  1.877649e-01  2.477837e-01 -4.069099e-01
 6.830439e-01  1.853456e-01  2.109773e-01 -2.077787e-01
 7.404134e-01  1.845986e-01  7.099211e-01 -3.519899e-01
 7.059181e-01  1.857595e-01  8.157672e-01 -1.851442e-01
 3.167737e-01  9.130063e-01 -2.835372e-01  9.379209e-01
 2.429344e-01  7.887537e-01 -2.214924e-01  1.205194e+00
 3.105234e-01  9.383618e-01 -8.198919e-01  8.090706e-01
 3.094429e-01  1.069883e+00 -1.212356e+00  3.310950e-01
 3.318928e-01  9.257903e-01 -2.073285e-01  4.766002e-01
 1.049324e+00  1.401835e+00 -2.657133e-01  2.732311e-01
 2.973418e-01  9.512075e-01 -5.392264e-01  3.413181e-01
 3.366007e-01  9.961845e-01 -7.567129e-01  1.956399e-01
 2.839382e-01  1.360398e+00 -2.918727e-01  1.036337e+00
 3.570703e-01  8.410234e-01 -3.487858e-01  1.601812e+00
 2.920898e-01  1.213754e+00 -9.049770e-01  1.012881e+00
 3.466956e-01  1.508268e+00 -1.041012e+00  4.277045e-01
 2.550483e-01  1.194502e+00 -1.627824e-01  3.772254e-01
 4.332055e-01  1.662079e+00 -2.497687e-01  3.217830e-01
 2.168006e-01  1.178916e+00 -3.679206e-01  2.532428e-01
 3.082768e-01  1.420530e+00 -6.119200e-01  2.180087e-01
 8.614633e-01  7.573605e-01 -2.855501e-01  8.970160e-01
 1.155560e+00  1.019119e+00 -2.717591e-01  9.956379e-01
 8.650075e-01  7.794005e-01 -8.384073e-01  7.949681e-01
 9.813994e-01  9.324967e-01 -1.164980e+00  3.737708e-01
 8.757355e-01  7.479134e-01 -2.245009e-01  4.565883e-01
 1.074995e+00  8.860291e-01 -2.245369e-01  2.644624e-01
 8.454714e-01  7.509265e-01 -6.002914e-01  3.759888e-01
 9.465535e-01  8.371624e-01 -6.918112e-01  2.081361e-01
 1.228040e+00  2.769268e-01 -2.996864e-01  1.001750e+00
 1.006318e+00  4.614111e-01 -3.305756e-01  1.496757e+00
 1.219751e+00  3.122390e-01 -8.926039e-01  8.821941e-01
 1.344188e+00  3.597344e-01 -1.221508e+00  3.727014e-01
 1.271126e+00  2.642810e-01 -2.215112e-01  4.651833e-01
 1.590071e+00  4.617035e-01 -2.400703e-01  2.813281e-01
 1.238987e+00  2.598093e-01 -6.099449e-01  3.745301e-01
 1.376760e+00  3.570452e-01 -6.989867e-01  2.127640e-01
 2.173087e-01  4.312198e-01 -3.585007e-01  8.912223e-01
 1.686021e-01  3.267649e-01 -2.623066e-01  1.097685e+00
 2.383104e-01  5.287223e-01 -9.099772e-01  7.824759e-01
 2.486505e-01  6.477314e-01 -1.382927e+00  3.369155e-01
 2.191424e-01  4.647500e-01 -2.571258e-01  4.399140e-01
 2.198848e-01  3.847181e-01 -2.233984e-01  2.774894e-01
 2.245016e-01  5.215255e-01 -6.926180e-01  3.750787e-01
 2.331131e-01  5.305372e-01 -8.149555e-01  1.961426e-01
 2.751671e-01  3.050290e-01 -1.119981e+00  1.396993e+00
 2.504291e-01  2.689306e-01 -4.389484e-01  1.600098e+00
 2.222246e-01  2.381050e-01 -1.093567e+00  8.593289e-01
 2.182674e-01  2.299656e-01 -1.502102e+00  3.894447e-01
 1.912984e-01  2.299118e-01 -2.842291e-01  3.361220e-01
 1.946674e-01  2.071844e-01 -2.328533e-01  2.208768e-01
 1.900706e-01  1.972873e-01 -7.750251e-01  3.430717e-01
 1.994646e-01  1.999695e-01 -8.673713e-01  1.925202e-01
 5.695145e-01  3.022094e-01 -3.055739e-01  8.990161e-01
 3.969892e-01  2.109124e-01 -2.277367e-01  1.088593e+00
 6.352784e-01  4.390535e-01 -8.781452e-01  7.711367e-01
 6.793733e-01  5.504896e-01 -1.362978e+00  3.264949e-01
 6.490230e-01  3.849531e-01 -2.394550e-01  4.451441e-01
 6.380236e-01  3.529109e-01 -2.043107e-01  2.281474e-01
 6.540606e-01  4.281488e-01 -6.749915e-01  3.731337e-01
 6.555545e-01  4.408310e-01 -7.798228e-01  1.923429e-01
 7.808267e-01  1.775934e-01 -3.512509e-01  9.591932e-01
 6.272465e-01  1.801564e-01 -3.215178e-01  1.378390e+00
 7.184108e-01  2.018574e-01 -9.735309e-01  8.278549e-01
 7.398278e-01  2.179561e-01 -1.422215e+00  3.624361e-01
 7.629641e-01  1.877649e-01 -2.477837e-01  4.069099e-01
 6.830439e-01  1.853456e-01 -2.109773e-01  2.077787e-01
 7.404134e-01  1.845986e-01 -7.099211e-01  3.519899e-01
 7.059181e-01  1.857595e-01 -8.157672e-01  1.851442e-01
 3.167737e-01  9.130063e-01 -2.835372e-01 -9.379209e-01
 2.429344e-01  7.887537e-01 -2.214924e-01 -1.205194e+00
 3.105234e-01  9.383618e-01 -8.198919e-01 -8.090706e-01
 3.094429e-01  1.069883e+00 -1.212356e+00 -3.310950e-01
 3.318928e-01  9.257903e-01 -2.073285e-01 -4.766002e-01
 1.049324e+00  1.401835e+00 -2.657133e-01 -2.732311e-01
 2.973418e-01  9.512075e-01 -5.392264e-01 -3.413181e-01
 3.366007e-01  9.961845e-01 -7.567129e-01 -1.956399e-01
 2.839382e-01  1.360398e+00 -2.918727e-01 -1.036337e+00
 3.570703e-01  8.410234e-01 -3.487858e-01 -1.601812e+00
 2.920898e-01  1.213754e+00 -9.049770e-01 -1.012881e+00
 3.466956e-01  1.508268e+00 -1.041012e+00 -4.277045e-01
 2.550483e-01  1.194502e+00 -1.627824e-01 -3.772254e-01
 4.332055e-01  1.662079e+00 -2.497687e-01 -3.217830e-01
 2.168006e-01  1.178916e+00 -3.679206e-01 -2.532428e-01
 3.082768e-01  1.420530e+00 -6.119200e-01 -2.180087e-01
 8.614633e-01  7.573605e-01 -2.855501e-01 -8.970160e-01
 1.155560e+00  1.019119e+00 -2.717591e-01 -9.956379e-01
 8.650075e-01  7.794005e-01 -8.384073e-01 -7.949681e-01
 9.813994e-01  9.324967e-01 -1.164980e+00 -3.737708e-01
 8.757355e-01  7.479134e-01 -2.245009e-01 -4.565883e-01
 1.074995e+00  8.860291e-01 -2.245369e-01 -2.644624e-01
 8.454714e-01  7.509265e-01 -6.002914e-01 -3.759888e-01
 9.465535e-01  8.371624e-01 -6.918112e-01 -2.081361e-01
 1.228040e+00  2.769268e-01 -2.996864e-01 -1.001750e+00
 1.006318e+00  4.614111e-01 -3.305756e-01 -1.496757e+00
 1.219751e+00  3.122390e-01 -8.926039e-01 -8.821941e-01
 1.344188e+00  3.597344e-01 -1.221508e+00 -3.727014e-01
 1.271126e+00  2.642810e-01 -2.215112e-01 -4.651833e-01
 1.590071e+00  4.617035e-01 -2.400703e-01 -2.813281e-01
 1.238987e+00  2.598093e-01 -6.099449e-01 -3.745301e-01
 1.376760e+00  3.570452e-01 -6.989867e-01 -2.127640e-01
 2.173087e-01  4.312198e-01 -3.585007e-01 -8.912223e-01
 1.686021e-01  3.267649e-01 -2.623066e-01 -1.097685e+00
 2.383104e-01  5.287223e-01 -9.099772e-01 -7.824759e-01
 2.486505e-01  6.477314e-01 -1.382927e+00 -3.369155e-01
 2.191424e-01  4.647500e-01 -2.571258e-01 -4.399140e-01
 2.198848e-01  3.847181e-01 -2.233984e-01 -2.774894e-01
 2.245016e-01  5.215255e-01 -6.926180e-01 -3.750787e-01
 2.331131e-01  5.305372e-01 -8.149555e-01 -1.961426e-01
 2.751671e-01  3.050290e-01 -1.119981e+00 -1.396993e+00
 2.504291e-01  2.689306e-01 -4.389484e-01 -1.600098e+00
 2.222246e-01  2.381050e-01 -1.093567e+00 -8.593289e-01
 2.182674e-01  2.299656e-01 -1.502102e+00 -3.894447e-01
 1.912984e-01  2.299118e-01 -2.842291e-01 -3.361220e-01
 1.946674e-01  2.071844e-01 -2.328533e-01 -2.208768e-01
 1.900706e-01  1.972873e-01 -7.750251e-01 -3.430717e-01
 1.994646e-01  1.999695e-01 -8.673713e-01 -1.925202e-01
 5.695145e-01  3.022094e-01 -3.055739e-01 -8.990161e-01
 3.969892e-01  2.109124e-01 -2.277367e-01 -1.088593e+00
 6.352784e-01  4.390535e-01 -8.781452e-01 -7.711367e-01
 6.793733e-01  5.504896e-01 -1.362978e+00 -3.264949e-01
 6.490230e-01  3.849531e-01 -2.394550e-01 -4.451441e-01
 6.380236e-01  3.529109e-01 -2.043107e-01 -2.281474e-01
 6.540606e-01  4.281488e-01 -6.749915e-01 -3.731337e-01
 6.555545e-01  4.408310e-01 -7.798228e-01 -1.923429e-01
 7.808267e-01  1.775934e-01 -3.512509e-01 -9.591932e-01
 6.272465e-01  1.801564e-01 -3.215178e-01 -1.378390e+00
 7.184108e-01  2.018574e-01 -9.735309e-01 -8.278549e-01
 7.398278e-01  2.179561e-01 -1.422215e+00 -3.624361e-01
 7.629641e-01  1.877649e-01 -2.477837e-01 -4.069099e-01
 6.830439e-01  1.853456e-01 -2.109773e-01 -2.077787e-01
 7.404134e-01  1.845986e-01 -7.099211e-01 -3.519899e-01
 7.059181e-01  1.857595e-01 -8.157672e-01 -1.851442e-01
 3.167737e-01 -9.130063e-01  2.835372e-01  9.379209e-01
 2.429344e-01 -7.887537e-01  2.214924e-01  1.205194e+00
 3.105234e-01 -9.383618e-01  8.198919e-01  8.090706e-01
 3.094429e-01 -1.069883e+00  1.212356e+00  3.310950e-01
 3.318928e-01 -9.257903e-01  2.073285e-01  4.766002e-01
 1.049324e+00 -1.401835e+00  2.657133e-01  2.732311e-01
 2.973418e-01 -9.512075e-01  5.392264e-01  3.413181e-01
 3.366007e-01 -9.961845e-01  7.567129e-01  1.956399e-01
 2.839382e-01 -1.360398e+00  2.918727e-01  1.036337e+00
 3.570703e-01 -8.410234e-01  3.487858e-01  1.601812e+00
 2.920898e-01 -1.213754e+00  9.049770e-01  1.012881e+00
 3.466956e-01 -1.508268e+00  1.041012e+00  4.277045e-01
 2.550483e-01 -1.194502e+00  1.627824e-01  3.772254e-01
 4.332055e-01 -1.662079e+00  2.497687e-01  3.217830e-01
 2.168006e-01 -1.178916e+00  3.679206e-01  2.532428e-01
 3.082768e-01 -1.420530e+00  6.119200e-01  2.180087e-01
 8.614633e-01 -7.573605e-01  2.855501e-01  8.970160e-01
 1.155560e+00 -1.019119e+00  2.717591e-01  9.956379e-01
 8.650075e-01 -7.794005e-01  8.384073e-01  7.949681e-01
 9.813994e-01 -9.324967e-01  1.164980e+00  3.737708e-01
 8.757355e-01 -7.479134e-01  2.245009e-01  4.565883e-01
 1.074995e+00 -8.860291e-01  2.245369e-01  2.644624e-01
 8.454714e-01 -7.509265e-01  6.002914e-01  3.759888e-01
 9.465535e-01 -8.371624e-01  6.918112e-01  2.081361e-01
 1.228040e+00 -2.769268e-01  2.996864e-01  1.001750e+00
 1.006318e+00 -4.614111e-01  3.305756e-01  1.496757e+00
 1.219751e+00 -3.122390e-01  8.926039e-01  8.821941e-01
 1.344188e+00 -3.597344e-01  1.221508e+00  3.727014e-01
 1.271126e+00 -2.642810e-01  2.215112e-01  4.651833e-01
 1.590071e+00 -4.617035e-01  2.400703e-01  2.813281e-01
 1.238987e+00 -2.598093e-01  6.099449e-01  3.745301e-01
 1.376760e+00 -3.570452e-01  6.989867e-01  2.127640e-01
 2.173087e-01 -4.312198e-01  3.585007e-01  8.912223e-01
 1.686021e-01 -3.267649e-01  2.623066e-01  1.097685e+00
 2.383104e-01 -5.287223e-01  9.099772e-01  7.824759e-01
 2.486505e-01 -6.477314e-01  1.382927e+00  3.369155e-01
 2.191424e-01 -4.647500e-01  2.571258e-01  4.399140e-01
 2.198848e-01 -3.847181e-01  2.233984e-01  2.774894e-01
 2.245016e-01 -5.215255e-01  6.926180e-01  3.750787e-01
 2.331131e-01 -5.305372e-01  8.149555e-01  1.961426e-01
 2.751671e-01 -3.050290e-01  1.119981e+00  1.396993e+00
 2.504291e-01 -2.689306e-01  4.389484e-01  1.600098e+00
 2.222246e-01 -2.381050e-01  1.093567e+00  8.593289e-01
 2.182674e-01 -2.299656e-01  1.502102e+00  3.894447e-01
 1.912984e-01 -2.299118e-01  2.842291e-01  3.361220e-01
 1.946674e-01 -2.071844e-01  2.328533e-01  2.208768e-01
 1.900706e-01 -1.972873e-01  7.750251e-01  3.430717e-01
 1.994646e-01 -1.999695e-01  8.673713e-01  1.925202e-01
 5.695145e-01 -3.022094e-01  3.055739e-01  8.990161e-01
 3.969892e-01 -2.109124e-01  2.277367e-01  1.088593e+00
 6.352784e-01 -4.390535e-01  8.781452e-01  7.711367e-01
 6.793733e-01 -5.504896e-01  1.362978e+00  3.264949e-01
 6.490230e-01 -3.849531e-01  2.394550e-01  4.451441e-01
 6.380236e-01 -3.529109e-01  2.043107e-01  2.281474e-01
 6.540606e-01 -4.281488e-01  6.749915e-01  3.731337e-01
 6.555545e-01 -4.408310e-01  7.798228e-01  1.923429e-01
 7.808267e-01 -1.775934e-01  3.512509e-01  9.591932e-01
 6.272465e-01 -1.801564e-01  3.215178e-01  1.378390e+00
 7.184108e-01 -2.018574e-01  9.735309e-01  8.278549e-01
 7.398278e-01 -2.179561e-01  1.422215e+00  3.624361e-01
 7.629641e-01 -1.877649e-01  2.477837e-01  4.069099e-01
 6.830439e-01 -1.853456e-01  2.109773e-01  2.077787e-01
 7.404134e-01 -1.845986e-01  7.099211e-01  3.519899e-01
 7.059181e-01 -1.857595e-01  8.157672e-01  1.851442e-01
 3.167737e-01 -9.130063e-01  2.835372e-01 -9.379209e-01
 2.429344e-01 -7.887537e-01  2.214924e-01 -1.205194e+00
 3.105234e-01 -9.383618e-01  8.198919e-01 -8.090706e-01
 3.094429e-01 -1.069883e+00  1.212356e+00 -3.310950e-01
 3.318928e-01 -9.257903e-01  2.073285e-01 -4.766002e-01
 1.049324e+00 -1.401835e+00  2.657133e-01 -2.732311e-01
 2.973418e-01 -9.512075e-01  5.392264e-01 -3.413181e-01
 3.366007e-01 -9.961845e-01  7.567129e-01 -1.956399e-01
 2.839382e-01 -1.360398e+00  2.918727e-01 -1.036337e+00
 3.570703e-01 -8.410234e-01  3.487858e-01 -1.601812e+00
 2.920898e-01 -1.213754e+00  9.049770e-01 -1.012881e+00
 3.466956e-01 -1.508268e+00  1.041012e+00 -4.277045e-01
 2.550483e-01 -1.194502e+00  1.627824e-01 -3.772254e-01
 4.332055e-01 -1.662079e+00  2.497687e-01 -3.217830e-01
 2.168006e-01 -1.178916e+00  3.679206e-01 -2.532428e-01
 3.082768e-01 -1.420530e+00  6.119200e-01 -2.180087e-01
 8.614633e-01 -7.573605e-01  2.855501e-01 -8.970160e-01
 1.155560e+00 -1.019119e+00  2.717591e-01 -9.956379e-01
 8.650075e-01 -7.794005e-01  8.384073e-01 -7.949681e-01
 9.813994e-01 -9.324967e-01  1.164980e+00 -3.737708e-01
 8.757355e-01 -7.479134e-01  2.245009e-01 -4.565883e-01
 1.074995e+00 -8.860291e-01  2.245369e-01 -2.644624e-01
 8.454714e-01 -7.509265e-01  6.002914e-01 -3.759888e-01
 9.465535e-01 -8.371624e-01  6.918112e-01 -2.081361e-01
 1.228040e+00 -2.769268e-01  2.996864e-01 -1.001750e+00
 1.006318e+00 -4.614111e-01  3.305756e-01 -1.496757e+00
 1.219751e+00 -3.122390e-01  8.926039e-01 -8.821941e-01
 1.344188e+00 -3.597344e-01  1.221508e+00 -3.727014e-01
 1.271126e+00 -2.642810e-01  2.215112e-01 -4.651833e-01
 1.590071e+00 -4.617035e-01  2.400703e-01 -2.813281e-01
 1.238987e+00 -2.598093e-01  6.099449e-01 -3.745301e-01
 1.376760e+00 -3.570452e-01  6.989867e-01 -2.127640e-01
 2.173087e-01 -4.312198e-01  3.585007e-01 -8.912223e-01
 1.686021e-01 -3.267649e-01  2.623066e-01 -1.097685e+00
 2.383104e-01 -5.287223e-01  9.099772e-01 -7.824759e-01
 2.486505e-01 -6.477314e-01  1.382927e+00 -3.369155e-01
 2.191424e-01 -4.647500e-01  2.571258e-01 -4.399140e-01
 2.198848e-01 -3.847181e-01  2.233984e-01 -2.774894e-01
 2.245016e-01 -5.215255e-01  6.926180e-01 -3.750787e-01
 2.331131e-01 -5.305372e-01  8.149555e-01 -1.961426e-01
 2.751671e-01 -3.050290e-01  1.119981e+00 -1.396993e+00
 2.504291e-01 -2.689306e-01  4.389484e-01 -1.600098e+00
 2.222246e-01 -2.381050e-01  1.093567e+00 -8.593289e-01
 2.182674e-01 -2.299656e-01  1.502102e+00 -3.894447e-01
 1.912984e-01 -2.299118e-01  2.842291e-01 -3.361220e-01
 1.946674e-01 -2.071844e-01  2.328533e-01 -2.208768e-01
 1.900706e-01 -1.972873e-01  7.750251e-01 -3.430717e-01
 1.994646e-01 -1.999695e-01  8.673713e-01 -1.925202e-01
 5.695145e-01 -3.022094e-01  3.055739e-01 -8.990161e-01
 3.969892e-01 -2.109124e-01  2.277367e-01 -1.088593e+00
 6.352784e-01 -4.390535e-01  8.781452e-01 -7.711367e-01
 6.793733e-01 -5.504896e-01  1.362978e+00 -3.264949e-01
 6.490230e-01 -3.849531e-01  2.394550e-01 -4.451441e-01
 6.380236e-01 -3.529109e-01  2.043107e-01 -2.281474e-01
 6.540606e-01 -4.281488e-01  6.749915e-01 -3.731337e-01
 6.555545e-01 -4.408310e-01  7.798228e-01 -1.923429e-01
 7.808267e-01 -1.775934e-01  3.512509e-01 -9.591932e-01
 6.272465e-01 -1.801564e-01  3.215178e-01 -1.378390e+00
 7.184108e-01 -2.018574e-01  9.735309e-01 -8.278549e-01
 7.398278e-01 -2.179561e-01  1.422215e+00 -3.624361e-01
 7.629641e-01 -1.877649e-01  2.477837e-01 -4.069099e-01
 6.830439e-01 -1.853456e-01  2.109773e-01 -2.077787e-01
 7.404134e-01 -1.845986e-01  7.099211e-01 -3.519899e-01
 7.059181e-01 -1.857595e-01  8.157672e-01 -1.851442e-01
 3.167737e-01 -9.130063e-01 -2.835372e-01  9.379209e-01
 2.429344e-01 -7.887537e-01 -2.214924e-01  1.205194e+00
 3.105234e-01 -9.383618e-01 -8.198919e-01  8.090706e-01
 3.094429e-01 -1.069883e+00 -1.212356e+00  3.310950e-01
 3.318928e-01 -9.257903e-01 -2.073285e-01  4.766002e-01
 1.049324e+00 -1.401835e+00 -2.657133e-01  2.732311e-01
 2.973418e-01 -9.512075e-01 -5.392264e-01  3.413181e-01
 3.366007e-01 -9.961845e-01 -7.567129e-01  1.956399e-01
 2.839382e-01 -1.360398e+00 -2.918727e-01  1.036337e+00
 3.570703e-01 -8.410234e-01 -3.487858e-01  1.601812e+00
 2.920898e-01 -1.213754e+00 -9.049770e-01  1.012881e+00
 3.466956e-01 -1.508268e+00 -1.041012e+00  4.277045e-01
 2.550483e-01 -1.194502e+00 -1.627824e-01  3.772254e-01
 4.332055e-01 -1.662079e+00 -2.497687e-01  3.217830e-01
 2.168006e-01 -1.178916e+00 -3.679206e-01  2.532428e-01
 3.082768e-01 -1.420530e+00 -6.119200e-01  2.180087e-01
 8.614633e-01 -7.573605e-01 -2.855501e-01  8.970160e-01
 1.155560e+00 -1.019119e+00 -2.717591e-01  9.956379e-01
 8.650075e-01 -7.794005e-01 -8.384073e-01  7.949681e-01
 9.813994e-01 -9.324967e-01 -1.164980e+00  3.737708e-01
 8.757355e-01 -7.479134e-01 -2.245009e-01  4.565883e-01
 1.074995e+00 -8.860291e-01 -2.245369e-01  2.644624e-01
 8.454714e-01 -7.509265e-01 -6.002914e-01  3.759888e-01
 9.465535e-01 -8.371624e-01 -6.918112e-01  2.081361e-01
 1.228040e+00 -2.769268e-01 -2.996864e-01  1.001750e+00
 1.006318e+00 -4.614111e-01 -3.305756e-01  1.496757e+00
 1.219751e+00 -3.122390e-01 -8.926039e-01  8.821941e-01
 1.344188e+00 -3.597344e-01 -1.221508e+00  3.727014e-01
 1.271126e+00 -2.642810e-01 -2.215112e-01  4.651833e-01
 1.590071e+00 -4.617035e-01 -2.400703e-01  2.813281e-01
 1.238987e+00 -2.598093e-01 -6.099449e-01  3.745301e-01
 1.376760e+00 -3.570452e-01 -6.989867e-01  2.127640e-01
 2.173087e-01 -4.312198e-01 -3.585007e-01  8.912223e-01
 1.686021e-01 -3.267649e-01 -2.623066e-01  1.097685e+00
 2.383104e-01 -5.287223e-01 -9.099772e-01  7.824759e-01
 2.486505e-01 -6.477314e-01 -1.382927e+00  3.369155e-01
 2.191424e-01 -4.647500e-01 -2.571258e-01  4.399140e-01
 2.198848e-01 -3.847181e-01 -2.233984e-01  2.774894e-01
 2.245016e-01 -5.215255e-01 -6.926180e-01  3.750787e-01
 2.331131e-01 -5.305372e-01 -8.149555e-01  1.961426e-01
 2.751671e-01 -3.050290e-01 -1.119981e+00  1.396993e+00
 2.504291e-01 -2.689306e-01 -4.389484e-01  1.600098e+00
 2.222246e-01 -2.381050e-01 -1.093567e+00  8.593289e-01
 2.182674e-01 -2.299656e-01 -1.502102e+00  3.894447e-01
 1.912984e-01 -2.299118e-01 -2.842291e-01  3.361220e-01
 1.946674e-01 -2.071844e-01 -2.328533e-01  2.208768e-01
 1.900706e-01 -1.972873e-01 -7.750251e-01  3.430717e-01
 1.994646e-01 -1.999695e-01 -8.673713e-01  1.925202e-01
 5.695145e-01 -3.022094e-01 -3.055739e-01  8.990161e-01
 3.969892e-01 -2.109124e-01 -2.277367e-01  1.088593e+00
 6.352784e-01 -4.390535e-01 -8.781452e-01  7.711367e-01
 6.793733e-01 -5.504896e-01 -1.362978e+00  3.264949e-01
 6.490230e-01 -3.849531e-01 -2.394550e-01  4.451441e-01
 6.380236e-01 -3.529109e-01 -2.043107e-01  2.281474e-01
 6.540606e-01 -4.281488e-01 -6.749915e-01  3.731337e-01
 6.555545e-01 -4.408310e-01 -7.798228e-01  1.923429e-01
 7.808267e-01 -1.775934e-01 -3.512509e-01  9.591932e-01
 6.272465e-01 -1.801564e-01 -3.215178e-01  1.378390e+00
 7.184108e-01 -2.018574e-01 -9.735309e-01  8.278549e-01
 7.398278e-01 -2.179561e-01 -1.422215e+00  3.624361e-01
 7.629641e-01 -1.877649e-01 -2.477837e-01  4.069099e-01
 6.830439e-01 -1.853456e-01 -2.109773e-01  2.077787e-01
 7.404134e-01 -1.845986e-01 -7.099211e-01  3.519899e-01
 7.059181e-01 -1.857595e-01 -8.157672e-01  1.851442e-01
 3.167737e-01 -9.130063e-01 -2.835372e-01 -9.379209e-01
 2.429344e-01 -7.887537e-01 -2.214924e-01 -1.205194e+00
 3.105234e-01 -9.383618e-01 -8.198919e-01 -8.090706e-01
 3.094429e-01 -1.069883e+00 -1.212356e+00 -3.310950e-01
 3.318928e-01 -9.257903e-01 -2.073285e-01 -4.766002e-01
 1.049324e+00 -1.401835e+00 -2.657133e-01 -2.732311e-01
 2.973418e-01 -9.512075e-01 -5.392264e-01 -3.413181e-01
 3.366007e-01 -9.961845e-01 -7.567129e-01 -1.956399e-01
 2.839382e-01 -1.360398e+00 -2.918727e-01 -1.036337e+00
 3.570703e-01 -8.410234e-01 -3.487858e-01 -1.601812e+00
 2.920898e-01 -1.213754e+00 -9.049770e-01 -1.012881e+00
 3.466956e-01 -1.508268e+00 -1.041012e+00 -4.277045e-01
 2.550483e-01 -1.194502e+00 -1.627824e-01 -3.772254e-01
 4.332055e-01 -1.662079e+00 -2.497687e-01 -3.217830e-01
 2.168006e-01 -1.178916e+00 -3.679206e-01 -2.532428e-01
 3.082768e-01 -1.420530e+00 -6.119200e-01 -2.180087e-01
 8.614633e-01 -7.573605e-01 -2.855501e-01 -8.970160e-01
 1.155560e+00 -1.019119e+00 -2.717591e-01 -9.956379e-01
 8.650075e-01 -7.794005e-01 -8.384073e-01 -7.949681e-01
 9.813994e-01 -9.324967e-01 -1.164980e+00 -3.737708e-01
 8.757355e-01 -7.479134e-01 -2.245009e-01 -4.565883e-01
 1.074995e+00 -8.860291e-01 -2.245369e-01 -2.644624e-01
 8.454714e-01 -7.509265e-01 -6.002914e-01 -3.759888e-01
 9.465535e-01 -8.371624e-01 -6.918112e-01 -2.081361e-01
 1.228040e+00 -2.769268e-01 -2.996864e-01 -1.001750e+00
 1.006318e+00 -4.614111e-01 -3.305756e-01 -1.496757e+00
 1.219751e+00 -3.122390e-01 -8.926039e-01 -8.821941e-01
 1.344188e+00 -3.597344e-01 -1.221508e+00 -3.727014e-01
 1.271126e+00 -2.642810e-01 -2.215112e-01 -4.651833e-01
 1.590071e+00 -4.617035e-01 -2.400703e-01 -2.813281e-01
 1.238987e+00 -2.598093e-01 -6.099449e-01 -3.745301e-01
 1.376760e+00 -3.570452e-01 -6.989867e-01 -2.127640e-01
 2.173087e-01 -4.312198e-01 -3.585007e-01 -8.912223e-01
 1.686021e-01 -3.267649e-01 -2.623066e-01 -1.097685e+00
 2.383104e-01 -5.287223e-01 -9.099772e-01 -7.824759e-01
 2.486505e-01 -6.477314e-01 -1.382927e+00 -3.369155e-01
 2.191424e-01 -4.647500e-01 -2.571258e-01 -4.399140e-01
 2.198848e-01 -3.847181e-01 -2.233984e-01 -2.774894e-01
 2.245016e-01 -5.215255e-01 -6.926180e-01 -3.750787e-01
 2.331131e-01 -5.305372e-01 -8.149555e-01 -1.961426e-01
 2.751671e-01 -3.050290e-01 -1.119981e+00 -1.396993e+00
 2.504291e-01 -2.689306e-01 -4.389484e-01 -1.600098e+00
 2.222246e-01 -2.381050e-01 -1.093567e+00 -8.593289e-01
 2.182674e-01 -2.299656e-01 -1.502102e+00 -3.894447e-01
 1.912984e-01 -2.299118e-01 -2.842291e-01 -3.361220e-01
 1.946674e-01 -2.071844e-01 -2.328533e-01 -2.208768e-01
 1.900706e-01 -1.972873e-01 -7.750251e-01 -3.430717e-01
 1.994646e-01 -1.999695e-01 -8.673713e-01 -1.925202e-01
 5.695145e-01 -3.022094e-01 -3.055739e-01 -8.990161e-01
 3.969892e-01 -2.109124e-01 -2.277367e-01 -1.088593e+00
 6.352784e-01 -4.390535e-01 -8.781452e-01 -7.711367e-01
 6.793733e-01 -5.504896e-01 -1.362978e+00 -3.264949e-01
 6.490230e-01 -3.849531e-01 -2.394550e-01 -4.451441e-01
 6.380236e-01 -3.529109e-01 -2.043107e-01 -2.281474e-01
 6.540606e-01 -4.281488e-01 -6.749915e-01 -3.731337e-01
 6.555545e-01 -4.408310e-01 -7.798228e-01 -1.923429e-01
 7.808267e-01 -1.775934e-01 -3.512509e-01 -9.591932e-01
 6.272465e-01 -1.801564e-01 -3.215178e-01 -1.378390e+00
 7.184108e-01 -2.018574e-01 -9.735309e-01 -8.278549e-01
 7.398278e-01 -2.179561e-01 -1.422215e+00 -3.624361e-01
 7.629641e-01 -1.877649e-01 -2.477837e-01 -4.069099e-01
 6.830439e-01 -1.853456e-01 -2.109773e-01 -2.077787e-01
 7.404134e-01 -1.845986e-01 -7.099211e-01 -3.519899e-01
 7.059181e-01 -1.857595e-01 -8.157672e-01 -1.851442e-01
-3.167737e-01  9.130063e-01  2.835372e-01  9.379209e-01
-2.429344e-01  7.887537e-01  2.214924e-01  1.205194e+00
-3.105234e-01  9.383618e-01  8.198919e-01  8.090706e-01
-3.094429e-01  1.069883e+00  1.212356e+00  3.310950e-01
-3.318928e-01  9.257903e-01  2.073285e-01  4.766002e-01
-1.049324e+00  1.401835e+00  2.657133e-01  2.732311e-01
-2.973418e-01  9.512075e-01  5.392264e-01  3.413181e-01
-3.366007e-01  9.961845e-01  7.567129e-01  1.956399e-01
-2.839382e-01  1.360398e+00  2.918727e-01  1.036337e+00
-3.570703e-01  8.410234e-01  3.487858e-01  1.601812e+00
-2.920898e-01  1.213754e+00  9.049770e-01  1.012881e+00
-3.466956e-01  1.508268e+00  1.041012e+00  4.277045e-01
-2.550483e-01  1.194502e+00  1.627824e-01  3.772254e-01
-4.332055e-01  1.662079e+00  2.497687e-01  3.217830e-01
-2.168006e-01  1.178916e+00  3.679206e-01  2.532428e-01
-3.082768e-01  1.420530e+00  6.119200e-01  2.180087e-01
-8.614633e-01  7.573605e-01  2.855501e-01  8.970160e-01
-1.155560e+00  1.019119e+00  2.717591e-01  9.956379e-01
-8.650075e-01  7.794005e-01  8.384073e-01  7.949681e-01
-9.813994e-01  9.324967e-01  1.164980e+00  3.737708e-01
-8.757355e-01  7.479134e-01  2.245009e-01  4.565883e-01
-1.074995e+00  8.860291e-01  2.245369e-01  2.644624e-01
-8.454714e-01  7.509265e-01  6.002914e-01  3.759888e-01
-9.465535e-01  8.371624e-01  6.918112e-01  2.081361e-01
-1.228040e+00  2.769268e-01  2.996864e-01  1.001750e+00
-1.006318e+00  4.614111e-01  3.305756e-01  1.496757e+00
-1.219751e+00  3.122390e-01  8.926039e-01  8.821941e-01
-1.344188e+00  3.597344e-01  1.221508e+00  3.727014e-01
-1.271126e+00  2.642810e-01  2.215112e-01  4.651833e-01
-1.590071e+00  4.617035e-01  2.400703e-01  2.813281e-01
-1.238987e+00  2.598093e-01  6.099449e-01  3.745301e-01
-1.376760e+00  3.570452e-01  6.989867e-01  2.127640e-01
-2.173087e-01  4.312198e-01  3.585007e-01  8.912223e-01
-1.686021e-01  3.267649e-01  2.623066e-01  1.097685e+00
-2.383104e-01  5.287223e-01  9.099772e-01  7.824759e-01
-2.486505e-01  6.477314e-01  1.382927e+00  3.369155e-01
-2.191424e-01  4.647500e-01  2.571258e-01  4.399140e-01
-2.198848e-01  3.847181e-01  2.233984e-01  2.774894e-01
-2.245016e-01  5.215255e-01  6.926180e-01  3.750787e-01
-2.331131e-01  5.305372e-01  8.149555e-01  1.961426e-01
-2.751671e-01  3.050290e-01  1.119981e+00  1.396993e+00
-2.504291e-01  2.689306e-01  4.389484e-01  1.600098e+00
-2.222246e-01  2.381050e-01  1.093567e+00  8.593289e-01
-2.182674e-01  2.299656e-01  1.502102e+00  3.894447e-01
-1.912984e-01  2.299118e-01  2.842291e-01  3.361220e-01
-1.946674e-01  2.071844e-01  2.328533e-01  2.208768e-01
-1.900706e-01  1.972873e-01  7.750251e-01  3.430717e-01
-1.994646e-01  1.999695e-01  8.673713e-01  1.925202e-01
-5.695145e-01  3.022094e-01  3.055739e-01  8.990161e-01
-3.969892e-01  2.109124e-01  2.277367e-01  1.088593e+00
-6.352784e-01  4.390535e-01  8.781452e-01  7.711367e-01
-6.793733e-01  5.504896e-01  1.362978e+00  3.264949e-01
-6.490230e-01  3.849531e-01  2.394550e-01  4.451441e-01
-6.380236e-01  3.529109e-01  2.043107e-01  2.281474e-01
-6.540606e-01  4.281488e-01  6.749915e-01  3.731337e-01
-6.555545e-01  4.408310e-01  7.798228e-01  1.923429e-01
-7.808267e-01  1.775934e-01  3.512509e-01  9.591932e-01
-6.272465e-01  1.801564e-01  3.215178e-01  1.378390e+00
-7.184108e-01  2.018574e-01  9.735309e-01  8.278549e-01
-7.398278e-01  2.179561e-01  1.422215e+00  3.624361e-01
-7.629641e-01  1.877649e-01  2.477837e-01  4.069099e-01
-6.830439e-01  1.853456e-01  2.109773e-01  2.077787e-01
-7.404134e-01  1.845986e-01  7.099211e-01  3.519899e-01
-7.059181e-01  1.857595e-01  8.157672e-01  1.851442e-01
-3.167737e-01  9.130063e-01  2.835372e-01 -9.379209e-01
-2.429344e-01  7.887537e-01  2.214924e-01 -1.205194e+00
-3.105234e-01  9.383618e-01  8.198919e-01 -8.090706e-01
-3.094429e-01  1.069883e+00  1.212356e+00 -3.310950e-01
-3.318928e-01  9.257903e-01  2.073285e-01 -4.766002e-01
-1.049324e+00  1.401835e+00  2.657133e-01 -2.732311e-01
-2.973418e-01  9.512075e-01  5.392264e-01 -3.413181e-01
-3.366007e-01  9.961845e-01  7.567129e-01 -1.956399e-01
-2.839382e-01  1.360398e+00  2.918727e-01 -1.036337e+00
-3.570703e-01  8.410234e-01  3.487858e-01 -1.601812e+00
-2.920898e-01  1.213754e+00  9.049770e-01 -1.012881e+00
-3.466956e-01  1.508268e+00  1.041012e+00 -4.277045e-01
-2.550483e-01  1.194502e+00  1.627824e-01 -3.772254e-01
-4.332055e-01  1.662079e+00  2.497687e-01 -3.217830e-01
-2.168006e-01  1.178916e+00  3.679206e-01 -2.532428e-01
-3.082768e-01  1.420530e+00  6.119200e-01 -2.180087e-01
-8.614633e-01  7.573605e-01  2.855501e-01 -8.970160e-01
-1.155560e+00  1.019119e+00  2.717591e-01 -9.956379e-01
-8.650075e-01  7.794005e-01  8.384073e-01 -7.949681e-01
-9.813994e-01  9.324967e-01  1.164980e+00 -3.737708e-01
-8.757355e-01  7.479134e-01  2.245009e-01 -4.565883e-01
-1.074995e+00  8.860291e-01  2.245369e-01 -2.644624e-01
-8.454714e-01  7.509265e-01  6.002914e-01 -3.759888e-01
-9.465535e-01  8.371624e-01  6.918112e-01 -2.081361e-01
-1.228040e+00  2.769268e-01  2.996864e-01 -1.001750e+00
-1.006318e+00  4.614111e-01  3.305756e-01 -1.496757e+00
-1.219751e+00  3.122390e-01  8.926039e-01 -8.821941e-01
-1.344188e+00  3.597344e-01  1.221508e+00 -3.727014e-01
-1.271126e+00  2.642810e-01  2.215112e-01 -4.651833e-01
-1.590071e+00  4.617035e-01  2.400703e-01 -2.813281e-01
-1.238987e+00  2.598093e-01  6.099449e-01 -3.745301e-01
-1.376760e+00  3.570452e-01  6.989867e-01 -2.127640e-01
-2.173087e-01  4.312198e-01  3.585007e-01 -8.912223e-01
-1.686021e-01  3.267649e-01  2.623066e-01 -1.097685e+00
-2.383104e-01  5.287223e-01  9.099772e-01 -7.824759e-01
-2.486505e-01  6.477314e-01  1.382927e+00 -3.369155e-01
-2.191424e-01  4.647500e-01  2.571258e-01 -4.399140e-01
-2.198848e-01  3.847181e-01  2.233984e-01 -2.774894e-01
-2.245016e-01  5.215255e-01  6.926180e-01 -3.750787e-01
-2.331131e-01  5.305372e-01  8.149555e-01 -1.961426e-01
-2.751671e-01  3.050290e-01  1.119981e+00 -1.396993e+00
-2.504291e-01  2.689306e-01  4.389484e-01 -1.600098e+00
-2.222246e-01  2.381050e-01  1.093567e+00 -8.593289e-01
-2.182674e-01  2.299656e-01  1.502102e+00 -3.894447e-01
-1.912984e-01  2.299118e-01  2.842291e-01 -3.361220e-01
-1.946674e-01  2.071844e-01  2.328533e-01 -2.208768e-01
-1.900706e-01  1.972873e-01  7.750251e-01 -3.430717e-01
-1.994646e-01  1.999695e-01  8.673713e-01 -1.925202e-01
-5.695145e-01  3.022094e-01  3.055739e-01 -8.990161e-01
-3.969892e-01  2.109124e-01  2.277367e-01 -1.088593e+00
-6.352784e-01  4.390535e-01  8.781452e-01 -7.711367e-01
-6.793733e-01  5.504896e-01  1.362978e+00 -3.264949e-01
-6.490230e-01  3.849531e-01  2.394550e-01 -4.451441e-01
-6.380236e-01  3.529109e-01  2.043107e-01 -2.281474e-01
-6.540606e-01  4.281488e-01  6.749915e-01 -3.731337e-01
-6.555545e-01  4.408310e-01  7.798228e-01 -1.923429e-01
-7.808267e-01  1.775934e-01  3.512509e-01 -9.591932e-01
-6.272465e-01  1.801564e-01  3.215178e-01 -1.378390e+00
-7.184108e-01  2.018574e-01  9.735309e-01 -8.278549e-01
-7.398278e-01  2.179561e-01  1.422215e+00 -3.624361e-01
-7.629641e-01  1.877649e-01  2.477837e-01 -4.069099e-01
-6.830439e-01  1.853456e-01  2.109773e-01 -2.077787e-01
-7.404134e-01  1.845986e-01  7.099211e-01 -3.519899e-01
-7.059181e-01  1.857595e-01  8.157672e-01 -1.851442e-01
-3.167737e-01  9.130063e-01 -2.835372e-01  9.379209e-01
-2.429344e-01  7.887537e-01 -2.214924e-01  1.205194e+00
-3.105234e-01  9.383618e-01 -8.198919e-01  8.090706e-01
-3.094429e-01  1.069883e+00 -1.212356e+00  3.310950e-01
-3.318928e-01  9.257903e-01 -2.073285e-01  4.766002e-01
-1.049324e+00  1.401835e+00 -2.657133e-01  2.732311e-01
-2.973418e-01  9.512075e-01 -5.392264e-01  3.413181e-01
-3.366007e-01  9.961845e-01 -7.567129e-01  1.956399e-01
-2.839382e-01  1.360398e+00 -2.918727e-01  1.036337e+00
-3.570703e-01  8.410234e-01 -3.487858e-01  1.601812e+00
-2.920898e-01  1.213754e+00 -9.049770e-01  1.012881e+00
-3.466956e-01  1.508268e+00 -1.041012e+00  4.277045e-01
-2.550483e-01  1.194502e+00 -1.627824e-01  3.772254e-01
-4.332055e-01  1.662079e+00 -2.497687e-01  3.217830e-01
-2.168006e-01  1.178916e+00 -3.679206e-01  2.532428e-01
-3.082768e-01  1.420530e+00 -6.119200e-01  2.180087e-01
-8.614633e-01  7.573605e-01 -2.855501e-01  8.970160e-01
-1.155560e+00  1.019119e+00 -2.717591e-01  9.956379e-01
-8.650075e-01  7.794005e-01 -8.384073e-01  7.949681e-01
-9.813994e-01  9.324967e-01 -1.164980e+00  3.737708e-01
-8.757355e-01  7.479134e-01 -2.245009e-01  4.565883e-01
-1.074995e+00  8.860291e-01 -2.245369e-01  2.644624e-01
-8.454714e-01  7.509265e-01 -6.002914e-01  3.759888e-01
-9.465535e-01  8.371624e-01 -6.918112e-01  2.081361e-01
-1.228040e+00  2.769268e-01 -2.996864e-01  1.001750e+00
-1.006318e+00  4.614111e-01 -3.305756e-01  1.496757e+00
-1.219751e+00  3.122390e-01 -8.926039e-01  8.821941e-01
-1.344188e+00  3.597344e-01 -1.221508e+00  3.727014e-01
-1.271126e+00  2.642810e-01 -2.215112e-01  4.651833e-01
-1.590071e+00  4.617035e-01 -2.400703e-01  2.813281e-01
-1.238987e+00  2.598093e-01 -6.099449e-01  3.745301e-01
-1.376760e+00  3.570452e-01 -6.989867e-01  2.127640e-01
-2.173087e-01  4.312198e-01 -3.585007e-01  8.912223e-01
-1.686021e-01  3.267649e-01 -2.623066e-01  1.097685e+00
-2.383104e-01  5.287223e-01 -9.099772e-01  7.824759e-01
-2.486505e-01  6.477314e-01 -1.382927e+00  3.369155e-01
-2.191424e-01  4.647500e-01 -2.571258e-01  4.399140e-01
-2.198848e-01  3.847181e-01 -2.233984e-01  2.774894e-01
-2.245016e-01  5.215255e-01 -6.926180e-01  3.750787e-01
-2.331131e-01  5.305372e-01 -8.149555e-01  1.961426e-01
-2.751671e-01  3.050290e-01 -1.119981e+00  1.396993e+00
-2.504291e-01  2.689306e-01 -4.389484e-01  1.600098e+00
-2.222246e-01  2.381050e-01 -1.093567e+00  8.593289e-01
-2.182674e-01  2.299656e-01 -1.502102e+00  3.894447e-01
-1.912984e-01  2.299118e-01 -2.842291e-01  3.361220e-01
-1.946674e-01  2.071844e-01 -2.328533e-01  2.208768e-01
-1.900706e-01  1.972873e-01 -7.750251e-01  3.430717e-01
-1.994646e-01  1.999695e-01 -8.673713e-01  1.925202e-01
-5.695145e-01  3.022094e-01 -3.055739e-01  8.990161e-01
-3.969892e-01  2.109124e-01 -2.277367e-01  1.088593e+00
-6.352784e-01  4.390535e-01 -8.781452e-01  7.711367e-01
-6.793733e-01  5.504896e-01 -1.362978e+00  3.264949e-01
-6.490230e-01  3.849531e-01 -2.394550e-01  4.451441e-01
-6.380236e-01  3.529109e-01 -2.043107e-01  2.281474e-01
-6.540606e-01  4.281488e-01 -6.749915e-01  3.731337e-01
-6.555545e-01  4.408310e-01 -7.798228e-01  1.923429e-01
-7.808267e-01  1.775934e-01 -3.512509e-01  9.591932e-01
-6.272465e-01  1.801564e-01 -3.215178e-01  1.378390e+00
-7.184108e-01  2.018574e-01 -9.735309e-01  8.278549e-01
-7.398278e-01  2.179561e-01 -1.422215e+00  3.624361e-01
-7.629641e-01  1.877649e-01 -2.477837e-01  4.069099e-01
-6.830439e-01  1.853456e-01 -2.109773e-01  2.077787e-01
-7.404134e-01  1.845986e-01 -7.099211e-01  3.519899e-01
-7.059181e-01  1.857595e-01 -8.157672e-01  1.851442e-01
-3.167737e-01  9.130063e-01 -2.835372e-01 -9.379209e-01
-2.429344e-01  7.887537e-01 -2.214924e-01 -1.205194e+00
-3.105234e-01  9.383618e-01 -8.198919e-01 -8.090706e-01
-3.094429e-01  1.069883e+00 -1.212356e+00 -3.310950e-01
-3.318928e-01  9.257903e-01 -2.073285e-01 -4.766002e-01
-1.049324e+00  1.401835e+00 -2.657133e-01 -2.732311e-01
-2.973418e-01  9.512075e-01 -5.392264e-01 -3.413181e-01
-3.366007e-01  9.961845e-01 -7.567129e-01 -1.956399e-01
-2.839382e-01  1.360398e+00 -2.918727e-01 -1.036337e+00
-3.570703e-01  8.410234e-01 -3.487858e-01 -1.601812e+00
-2.920898e-01  1.213754e+00 -9.049770e-01 -1.012881e+00
-3.466956e-01  1.508268e+00 -1.041012e+00 -4.277045e-01
-2.550483e-01  1.194502e+00 -1.627824e-01 -3.772254e-01
-4.332055e-01  1.662079e+00 -2.497687e-01 -3.217830e-01
-2.168006e-01  1.178916e+00 -3.679206e-01 -2.532428e-01
-3.082768e-01  1.420530e+00 -6.119200e-01 -2.180087e-01
-8.614633e-01  7.573605e-01 -2.855501e-01 -8.970160e-01
-1.155560e+00  1.019119e+00 -2.717591e-01 -9.956379e-01
-8.650075e-01  7.794005e-01 -8.384073e-01 -7.949681e-01
-9.813994e-01  9.324967e-01 -1.164980e+00 -3.737708e-01
-8.757355e-01  7.479134e-01 -2.245009e-01 -4.565883e-01
-1.074995e+00  8.860291e-01 -2.245369e-01 -2.644624e-01
-8.454714e-01  7.509265e-01 -6.002914e-01 -3.759888e-01
-9.465535e-01  8.371624e-01 -6.918112e-01 -2.081361e-01
-1.228040e+00  2.769268e-01 -2.996864e-01 -1.001750e+00
-1.006318e+00  4.614111e-01 -3.305756e-01 -1.496757e+00
-1.219751e+00  3.122390e-01 -8.926039e-01 -8.821941e-01
-1.344188e+00  3.597344e-01 -1.221508e+00 -3.727014e-01
-1.271126e+00  2.642810e-01 -2.215112e-01 -4.651833e-01
-1.590071e+00  4.617035e-01 -2.400703e-01 -2.813281e-01
-1.238987e+00  2.598093e-01 -6.099449e-01 -3.745301e-01
-1.376760e+00  3.570452e-01 -6.989867e-01 -2.127640e-01
-2.173087e-01  4.312198e-01 -3.585007e-01 -8.912223e-01
-1.686021e-01  3.267649e-01 -2.623066e-01 -1.097685e+00
-2.383104e-01  5.287223e-01 -9.099772e-01 -7.824759e-01
-2.486505e-01  6.477314e-01 -1.382927e+00 -3.369155e-01
-2.191424e-01  4.647500e-01 -2.571258e-01 -4.399140e-01
-2.198848e-01  3.847181e-01 -2.233984e-01 -2.774894e-01
-2.245016e-01  5.215255e-01 -6.926180e-01 -3.750787e-01
-2.331131e-01  5.305372e-01 -8.149555e-01 -1.961426e-01
-2.751671e-01  3.050290e-01 -1.119981e+00 -1.396993e+00
-2.504291e-01  2.689306e-01 -4.389484e-01 -1.600098e+00
-2.222246e-01  2.381050e-01 -1.093567e+00 -8.593289e-01
-2.182674e-01  2.299656e-01 -1.502102e+00 -3.894447e-01
-1.912984e-01  2.299118e-01 -2.842291e-01 -3.361220e-01
-1.946674e-01  2.071844e-01 -2.328533e-01 -2.208768e-01
-1.900706e-01  1.972873e-01 -7.750251e-01 -3.430717e-01
-1.994646e-01  1.999695e-01 -8.673713e-01 -1.925202e-01
-5.695145e-01  3.022094e-01 -3.055739e-01 -8.990161e-01
-3.969892e-01  2.109124e-01 -2.277367e-01 -1.088593e+00
-6.352784e-01  4.390535e-01 -8.781452e-01 -7.711367e-01
-6.793733e-01  5.504896e-01 -1.362978e+00 -3.264949e-01
-6.490230e-01  3.849531e-01 -2.394550e-01 -4.451441e-01
-6.380236e-01  3.529109e-01 -2.043107e-01 -2.281474e-01
-6.540606e-01  4.281488e-01 -6.749915e-01 -3.731337e-01
-6.555545e-01  4.408310e-01 -7.798228e-01 -1.923429e-01
-7.808267e-01  1.775934e-01 -3.512509e-01 -9.591932e-01
-6.272465e-01  1.801564e-01 -3.215178e-01 -1.378390e+00
-7.184108e-01  2.018574e-01 -9.735309e-01 -8.278549e-01
-7.398278e-01  2.179561e-01 -1.422215e+00 -3.624361e-01
-7.629641e-01  1.877649e-01 -2.477837e-01 -4.069099e-01
-6.830439e-01  1.853456e-01 -2.109773e-01 -2.077787e-01
-7.404134e-01  1.845986e-01 -7.099211e-01 -3.519899e-01
-7.059181e-01  1.857595e-01 -8.157672e-01 -1.851442e-01
-3.167737e-01 -9.130063e-01  2.835372e-01  9.379209e-01
-2.429344e-01 -7.887537e-01  2.214924e-01  1.205194e+00
-3.105234e-01 -9.383618e-01  8.198919e-01  8.090706e-01
-3.094429e-01 -1.069883e+00  1.212356e+00  3.310950e-01
-3.318928e-01 -9.257903e-01  2.073285e-01  4.766002e-01
-1.049324e+00 -1.401835e+00  2.657133e-01  2.732311e-01
-2.973418e-01 -9.512075e-01  5.392264e-01  3.413181e-01
-3.366007e-01 -9.961845e-01  7.567129e-01  1.956399e-01
-2.839382e-01 -1.360398e+00  2.918727e-01  1.036337e+00
-3.570703e-01 -8.410234e-01  3.487858e-01  1.601812e+00
-2.920898e-01 -1.213754e+00  9.049770e-01  1.012881e+00
-3.466956e-01 -1.508268e+00  1.041012e+00  4.277045e-01
-2.550483e-01 -1.194502e+00  1.627824e-01  3.772254e-01
-4.332055e-01 -1.662079e+00  2.497687e-01  3.217830e-01
-2.168006e-01 -1.178916e+00  3.679206e-01  2.532428e-01
-3.082768e-01 -1.420530e+00  6.119200e-01  2.180087e-01
-8.614633e-01 -7.573605e-01  2.855501e-01  8.970160e-01
-1.155560e+00 -1.019119e+00  2.717591e-01  9.956379e-01
-8.650075e-01 -7.794005e-01  8.384073e-01  7.949681e-01
-9.813994e-01 -9.324967e-01  1.164980e+00  3.737708e-01
-8.757355e-01 -7.479134e-01  2.245009e-01  4.565883e-01
-1.074995e+00 -8.860291e-01  2.245369e-01  2.644624e-01
-8.454714e-01 -7.509265e-01  6.002914e-01  3.759888e-01
-9.465535e-01 -8.371624e-01  6.918112e-01  2.081361e-01
-1.228040e+00 -2.769268e-01  2.996864e-01  1.001750e+00
-1.006318e+00 -4.614111e-01  3.305756e-01  1.496757e+00
-1.219751e+00 -3.122390e-01  8.926039e-01  8.821941e-01
-1.344188e+00 -3.597344e-01  1.221508e+00  3.727014e-01
-1.271126e+00 -2.642810e-01  2.215112e-01  4.651833e-01
-1.590071e+00 -4.617035e-01  2.400703e-01  2.813281e-01
-1.238987e+00 -2.598093e-01  6.099449e-01  3.745301e-01
-1.376760e+00 -3.570452e-01  6.989867e-01  2.127640e-01
-2.173087e-01 -4.312198e-01  3.585007e-01  8.912223e-01
-1.686021e-01 -3.267649e-01  2.623066e-01  1.097685e+00
-2.383104e-01 -5.287223e-01  9.099772e-01  7.824759e-01
-2.486505e-01 -6.477314e-01  1.382927e+00  3.369155e-01
-2.191424e-01 -4.647500e-01  2.571258e-01  4.399140e-01
-2.198848e-01 -3.847181e-01  2.233984e-01  2.774894e-01
-2.245016e-01 -5.215255e-01  6.926180e-01  3.750787e-01
-2.331131e-01 -5.305372e-01  8.149555e-01  1.961426e-01
-2.751671e-01 -3.050290e-01  1.119981e+00  1.396993e+00
-2.504291e-01 -2.689306e-01  4.389484e-01  1.600098e+00
-2.222246e-01 -2.381050e-01  1.093567e+00  8.593289e-01
-2.182674e-01 -2.299656e-01  1.502102e+00  3.894447e-01
-1.912984e-01 -2.299118e-01  2.842291e-01  3.361220e-01
-1.946674e-01 -2.071844e-01  2.328533e-01  2.208768e-01
-1.900706e-01 -1.972873e-01  7.750251e-01  3.430717e-01
-1.994646e-01 -1.999695e-01  8.673713e-01  1.925202e-01
-5.695145e-01 -3.022094e-01  3.055739e-01  8.990161e-01
-3.969892e-01 -2.109124e-01  2.277367e-01  1.088593e+00
-6.352784e-01 -4.390535e-01  8.781452e-01  7.711367e-01
-6.793733e-01 -5.504896e-01  1.362978e+00  3.264949e-01
-6.490230e-01 -3.849531e-01  2.394550e-01  4.451441e-01
-6.380236e-01 -3.529109e-01  2.043107e-01  2.281474e-01
-6.540606e-01 -4.281488e-01  6.749915e-01  3.731337e-01
-6.555545e-01 -4.408310e-01  7.798228e-01  1.923429e-01
-7.808267e-01 -1.775934e-01  3.512509e-01  9.591932e-01
-6.272465e-01 -1.801564e-01  3.215178e-01  1.378390e+00
-7.184108e-01 -2.018574e-01  9.735309e-01  8.278549e-01
-7.398278e-01 -2.179561e-01  1.422215e+00  3.624361e-01
-7.629641e-01 -1.877649e-01  2.477837e-01  4.069099e-01
-6.830439e-01 -1.853456e-01  2.109773e-01  2.077787e-01
-7.404134e-01 -1.845986e-01  7.099211e-01  3.519899e-01
-7.059181e-01 -1.857595e-01  8.157672e-01  1.851442e-01
-3.167737e-01 -9.130063e-01  2.835372e-01 -9.379209e-01
-2.429344e-01 -7.887537e-01  2.214924e-01 -1.205194e+00
-3.105234e-01 -9.383618e-01  8.198919e-01 -8.090706e-01
-3.094429e-01 -1.069883e+00  1.212356e+00 -3.310950e-01
-3.318928e-01 -9.257903e-01  2.073285e-01 -4.766002e-01
-1.049324e+00 -1.401835e+00  2.657133e-01 -2.732311e-01
-2.973418e-01 -9.512075e-01  5.392264e-01 -3.413181e-01
-3.366007e-01 -9.961845e-01  7.567129e-01 -1.956399e-01
-2.839382e-01 -1.360398e+00  2.918727e-01 -1.036337e+00
-3.570703e-01 -8.410234e-01  3.487858e-01 -1.601812e+00
-2.920898e-01 -1.213754e+00  9.049770e-01 -1.012881e+00
-3.466956e-01 -1.508268e+00  1.041012e+00 -4.277045e-01
-2.550483e-01 -1.194502e+00  1.627824e-01 -3.772254e-01
-4.332055e-01 -1.662079e+00  2.497687e-01 -3.217830e-01
-2.168006e-01 -1.178916e+00  3.679206e-01 -2.532428e-01
-3.082768e-01 -1.420530e+00  6.119200e-01 -2.180087e-01
-8.614633e-01 -7.573605e-01  2.855501e-01 -8.970160e-01
-1.155560e+00 -1.019119e+00  2.717591e-01 -9.956379e-01
-8.650075e-01 -7.794005e-01  8.384073e-01 -7.949681e-01
-9.813994e-01 -9.324967e-01  1.164980e+00 -3.737708e-01
-8.757355e-01 -7.479134e-01  2.245009e-01 -4.565883e-01
-1.074995e+00 -8.860291e-01  2.245369e-01 -2.644624e-01
-8.454714e-01 -7.509265e-01  6.002914e-01 -3.759888e-01
-9.465535e-01 -8.371624e-01  6.918112e-01 -2.081361e-01
-1.228040e+00 -2.769268e-01  2.996864e-01 -1.001750e+00
-1.006318e+00 -4.614111e-01  3.305756e-01 -1.496757e+00
-1.219751e+00 -3.122390e-01  8.926039e-01 -8.821941e-01
-1.344188e+00 -3.597344e-01  1.221508e+00 -3.727014e-01
-1.271126e+00 -2.642810e-01  2.215112e-01 -4.651833e-01
-1.590071e+00 -4.617035e-01  2.400703e-01 -2.813281e-01
-1.238987e+00 -2.598093e-01  6.099449e-01 -3.745301e-01
-1.376760e+00 -3.570452e-01  6.989867e-01 -2.127640e-01
-2.173087e-01 -4.312198e-01  3.585007e-01 -8.912223e-01
-1.686021e-01 -3.267649e-01  2.623066e-01 -1.097685e+00
-2.383104e-01 -5.287223e-01  9.099772e-01 -7.824759e-01
-2.486505e-01 -6.477314e-01  1.382927e+00 -3.369155e-01
-2.191424e-01 -4.647500e-01  2.571258e-01 -4.399140e-01
-2.198848e-01 -3.847181e-01  2.233984e-01 -2.774894e-01
-2.245016e-01 -5.215255e-01  6.926180e-01 -3.750787e-01
-2.331131e-01 -5.305372e-01  8.149555e-01 -1.961426e-01
-2.751671e-01 -3.050290e-01  1.119981e+00 -1.396993e+00
-2.504291e-01 -2.689306e-01  4.389484e-01 -1.600098e+00
-2.222246e-01 -2.381050e-01  1.093567e+00 -8.593289e-01
-2.182674e-01 -2.299656e-01  1.502102e+00 -3.894447e-01
-1.912984e-01 -2.299118e-01  2.842291e-01 -3.361220e-01
-1.946674e-01 -2.071844e-01  2.328533e-01 -2.208768e-01
-1.900706e-01 -1.972873e-01  7.750251e-01 -3.430717e-01
-1.994646e-01 -1.999695e-01  8.673713e-01 -1.925202e-01
-5.695145e-01 -3.022094e-01  3.055739e-01 -8.990161e-01
-3.969892e-01 -2.109124e-01  2.277367e-01 -1.088593e+00
-6.352784e-01 -4.390535e-01  8.781452e-01 -7.711367e-01
-6.793733e-01 -5.504896e-01  1.362978e+00 -3.264949e-01
-6.490230e-01 -3.849531e-01  2.394550e-01 -4.451441e-01
-6.380236e-01 -3.529109e-01  2.043107e-01 -2.281474e-01
-6.540606e-01 -4.281488e-01  6.749915e-01 -3.731337e-01
-6.555545e-01 -4.408310e-01  7.798228e-01 -1.923429e-01
-7.808267e-01 -1.775934e-01  3.512509e-01 -9.591932e-01
-6.272465e-01 -1.801564e-01  3.215178e-01 -1.378390e+00
-7.184108e-01 -2.018574e-01  9.735309e-01 -8.278549e-01
-7.398278e-01 -2.179561e-01  1.422215e+00 -3.624361e-01
-7.629641e-01 -1.877649e-01  2.477837e-01 -4.069099e-01
-6.830439e-01 -1.853456e-01  2.109773e-01 -2.077787e-01
-7.404134e-01 -1.845986e-01  7.099211e-01 -3.519899e-01
-7.059181e-01 -1.857595e-01  8.157672e-01 -1.851442e-01
-3.167737e-01 -9.130063e-01 -2.835372e-01  9.379209e-01
-2.429344e-01 -7.887537e-01 -2.214924e-01  1.205194e+00
-3.105234e-01 -9.383618e-01 -8.198919e-01  8.090706e-01
-3.094429e-01 -1.069883e+00 -1.212356e+00  3.310950e-01
-3.318928e-01 -9.257903e-01 -2.073285e-01  4.766002e-01
-1.049324e+00 -1.401835e+00 -2.657133e-01  2.732311e-01
-2.973418e-01 -9.512075e-01 -5.392264e-01  3.413181e-01
-3.366007e-01 -9.961845e-01 -7.567129e-01  1.956399e-01
-2.839382e-01 -1.360398e+00 -2.918727e-01  1.036337e+00
-3.570703e-01 -8.410234e-01 -3.487858e-01  1.601812e+00
-2.920898e-01 -1.213754e+00 -9.049770e-01  1.012881e+00
-3.466956e-01 -1.508268e+00 -1.041012e+00  4.277045e-01
-2.550483e-01 -1.194502e+00 -1.627824e-01  3.772254e-01
-4.332055e-01 -1.662079e+00 -2.497687e-01  3.217830e-01
-2.168006e-01 -1.178916e+00 -3.679206e-01  2.532428e-01
-3.082768e-01 -1.420530e+00 -6.119200e-01  2.180087e-01
-8.614633e-01 -7.573605e-01 -2.855501e-01  8.970160e-01
-1.155560e+00 -1.019119e+00 -2.717591e-01  9.956379e-01
-8.650075e-01 -7.794005e-01 -8.384073e-01  7.949681e-01
-9.813994e-01 -9.324967e-01 -1.164980e+00  3.737708e-01
-8.757355e-01 -7.479134e-01 -2.245009e-01  4.565883e-01
-1.074995e+00 -8.860291e-01 -2.245369e-01  2.644624e-01
-8.454714e-01 -7.509265e-01 -6.002914e-01  3.759888e-01
-9.465535e-01 -8.371624e-01 -6.918112e-01  2.081361e-01
-1.228040e+00 -2.769268e-01 -2.996864e-01  1.001750e+00
-1.006318e+00 -4.614111e-01 -3.305756e-01  1.496757e+00
-1.219751e+00 -3.122390e-01 -8.926039e-01  8.821941e-01
-1.344188e+00 -3.597344e-01 -1.221508e+00  3.727014e-01
-1.271126e+00 -2.642810e-01 -2.215112e-01  4.651833e-01
-1.590071e+00 -4.617035e-01 -2.400703e-01  2.813281e-01
-1.238987e+00 -2.598093e-01 -6.099449e-01  3.745301e-01
-1.376760e+00 -3.570452e-01 -6.989867e-01  2.127640e-01
-2.173087e-01 -4.312198e-01 -3.585007e-01  8.912223e-01
-1.686021e-01 -3.267649e-01 -2.623066e-01  1.097685e+00
-2.383104e-01 -5.287223e-01 -9.099772e-01  7.824759e-01
-2.486505e-01 -6.477314e-01 -1.382927e+00  3.369155e-01
-2.191424e-01 -4.647500e-01 -2.571258e-01  4.399140e-01
-2.198848e-01 -3.847181e-01 -2.233984e-01  2.774894e-01
-2.245016e-01 -5.215255e-01 -6.926180e-01  3.750787e-01
-2.331131e-01 -5.305372e-01 -8.149555e-01  1.961426e-01
-2.751671e-01 -3.050290e-01 -1.119981e+00  1.396993e+00
-2.504291e-01 -2.689306e-01 -4.389484e-01  1.600098e+00
-2.222246e-01 -2.381050e-01 -1.093567e+00  8.593289e-01
-2.182674e-01 -2.299656e-01 -1.502102e+00  3.894447e-01
-1.912984e-01 -2.299118e-01 -2.842291e-01  3.361220e-01
-1.946674e-01 -2.071844e-01 -2.328533e-01  2.208768e-01
-1.900706e-01 -1.972873e-01 -7.750251e-01  3.430717e-01
-1.994646e-01 -1.999695e-01 -8.673713e-01  1.925202e-01
-5.695145e-01 -3.022094e-01 -3.055739e-01  8.990161e-01
-3.969892e-01 -2.109124e-01 -2.277367e-01  1.088593e+00
-6.352784e-01 -4.390535e-01 -8.781452e-01  7.711367e-01
-6.793733e-01 -5.504896e-01 -1.362978e+00  3.264949e-01
-6.490230e-01 -3.849531e-01 -2.394550e-01  4.451441e-01
-6.380236e-01 -3.529109e-01 -2.043107e-01  2.281474e-01
-6.540606e-01 -4.281488e-01 -6.749915e-01  3.731337e-01
-6.555545e-01 -4.408310e-01 -7.798228e-01  1.923429e-01
-7.808267e-01 -1.775934e-01 -3.512509e-01  9.591932e-01
-6.272465e-01 -1.801564e-01 -3.215178e-01  1.378390e+00
-7.184108e-01 -2.018574e-01 -9.735309e-01  8.278549e-01
-7.398278e-01 -2.179561e-01 -1.422215e+00  3.624361e-01
-7.629641e-01 -1.877649e-01 -2.477837e-01  4.069099e-01
-6.830439e-01 -1.853456e-01 -2.109773e-01  2.077787e-01
-7.404134e-01 -1.845986e-01 -7.099211e-01  3.519899e-01
-7.059181e-01 -1.857595e-01 -8.157672e-01  1.851442e-01
-3.167737e-01 -9.130063e-01 -2.835372e-01 -9.379209e-01
-2.429344e-01 -7.887537e-01 -2.214924e-01 -1.205194e+00
-3.105234e-01 -9.383618e-01 -8.198919e-01 -8.090706e-01
-3.094429e-01 -1.069883e+00 -1.212356e+00 -3.310950e-01
-3.318928e-01 -9.257903e-01 -2.073285e-01 -4.766002e-01
-1.049324e+00 -1.401835e+00 -2.657133e-01 -2.732311e-01
-2.973418e-01 -9.512075e-01 -5.392264e-01 -3.413181e-01
-3.366007e-01 -9.961845e-01 -7.567129e-01 -1.956399e-01
-2.839382e-01 -1.360398e+00 -2.918727e-01 -1.036337e+00
-3.570703e-01 -8.410234e-01 -3.487858e-01 -1.601812e+00
-2.920898e-01 -1.213754e+00 -9.049770e-01 -1.012881e+00
-3.466956e-01 -1.508268e+00 -1.041012e+00 -4.277045e-01
-2.550483e-01 -1.194502e+00 -1.627824e-01 -3.772254e-01
-4.332055e-01 -1.662079e+00 -2.497687e-01 -3.217830e-01
-2.168006e-01 -1.178916e+00 -3.679206e-01 -2.532428e-01
-3.082768e-01 -1.420530e+00 -6.119200e-01 -2.180087e-01
-8.614633e-01 -7.573605e-01 -2.855501e-01 -8.970160e-01
-1.155560e+00 -1.019119e+00 -2.717591e-01 -9.956379e-01
-8.650075e-01 -7.794005e-01 -8.384073e-01 -7.949681e-01
-9.813994e-01 -9.324967e-01 -1.164980e+00 -3.737708e-01
-8.757355e-01 -7.479134e-01 -2.245009e-01 -4.565883e-01
-1.074995e+00 -8.860291e-01 -2.245369e-01 -2.644624e-01
-8.454714e-01 -7.509265e-01 -6.002914e-01 -3.759888e-01
-9.465535e-01 -8.371624e-01 -6.918112e-01 -2.081361e-01
-1.228040e+00 -2.769268e-01 -2.996864e-01 -1.001750e+00
-1.006318e+00 -4.614111e-01 -3.305756e-01 -1.496757e+00
-1.219751e+00 -3.122390e-01 -8.926039e-01 -8.821941e-01
-1.344188e+00 -3.597344e-01 -1.221508e+00 -3.727014e-01
-1.271126e+00 -2.642810e-01 -2.215112e-01 -4.651833e-01
-1.590071e+00 -4.617035e-01 -2.400703e-01 -2.813281e-01
-1.238987e+00 -2.598093e-01 -6.099449e-01 -3.745301e-01
-1.376760e+00 -3.570452e-01 -6.989867e-01 -2.127640e-01
-2.173087e-01 -4.312198e-01 -3.585007e-01 -8.912223e-01
-1.686021e-01 -3.267649e-01 -2.623066e-01 -1.097685e+00
-2.383104e-01 -5.287223e-01 -9.099772e-01 -7.824759e-01
-2.486505e-01 -6.477314e-01 -1.382927e+00 -3.369155e-01
-2.191424e-01 -4.647500e-01 -2.571258e-01 -4.399140e-01
-2.198848e-01 -3.847181e-01 -2.233984e-01 -2.774894e-01
-2.245016e-01 -5.215255e-01 -6.926180e-01 -3.750787e-01
-2.331131e-01 -5.305372e-01 -8.149555e-01 -1.961426e-01
-2.751671e-01 -3.050290e-01 -1.119981e+00 -1.396993e+00
-2.504291e-01 -2.689306e-01 -4.389484e-01 -1.600098e+00
-2.222246e-01 -2.381050e-01 -1.093567e+00 -8.593289e-01
-2.182674e-01 -2.299656e-01 -1.502102e+00 -3.894447e-01
-1.912984e-01 -2.299118e-01 -2.842291e-01 -3.361220e-01
-1.946674e-01 -2.071844e-01 -2.328533e-01 -2.208768e-01
-1.900706e-01 -1.972873e-01 -7.750251e-01 -3.430717e-01
-1.994646e-01 -1.999695e-01 -8.673713e-01 -1.925202e-01
-5.695145e-01 -3.022094e-01 -3.055739e-01 -8.990161e-01
-3.969892e-01 -2.109124e-01 -2.277367e-01 -1.088593e+00
-6.352784e-01 -4.390535e-01 -8.781452e-01 -7.711367e-01
-6.793733e-01 -5.504896e-01 -1.362978e+00 -3.264949e-01
-6.490230e-01 -3.849531e-01 -2.394550e-01 -4.451441e-01
-6.380236e-01 -3.529109e-01 -2.043107e-01 -2.281474e-01
-6.540606e-01 -4.281488e-01 -6.749915e-01 -3.731337e-01
-6.555545e-01 -4.408310e-01 -7.798228e-01 -1.923429e-01
-7.808267e-01 -1.775934e-01 -3.512509e-01 -9.591932e-01
-6.272465e-01 -1.801564e-01 -3.215178e-01 -1.378390e+00
-7.184108e-01 -2.018574e-01 -9.735309e-01 -8.278549e-01
-7.398278e-01 -2.179561e-01 -1.422215e+00 -3.624361e-01
-7.629641e-01 -1.877649e-01 -2.477837e-01 -4.069099e-01
-6.830439e-01 -1.853456e-01 -2.109773e-01 -2.077787e-01
-7.404134e-01 -1.845986e-01 -7.099211e-01 -3.519899e-01
-7.059181e-01 -1.857595e-01 -8.157672e-01 -1.851442e-01
