 4.208726e-01  9.354640e-01  9.841473e-01  1.040790e+00
 9.321871e-01  9.233643e-01  9.617055e-01  3.946956e-01
 1.524209e+00  3.932581e-01  3.828916e-01  4.009831e-01
 9.829225e-01  8.609188e-01  3.052348e-01  3.254471e-01
 3.960612e-01  3.014146e-01  1.109719e+00  1.076241e+00
 8.662833e-01  2.968842e-01  1.138213e+00  3.979627e-01
 1.005036e+00  3.314455e-01  3.802934e-01  9.790268e-01
 8.175464e-01  2.651922e-01  3.550869e-01  3.059068e-01
 3.642101e-01  1.062935e+00  3.243628e-01  1.056027e+00
 2.853792e-01  9.005969e-01  9.522644e-01  2.877395e-01
 3.740437e-01  1.484993e+00  3.537467e-01  3.904297e-01
 3.052780e-01  8.603197e-01  3.004821e-01  2.953601e-01
 3.467208e-01  3.708723e-01  3.877223e-01  1.491306e+00
 2.744976e-01  2.892744e-01  1.000985e+00  3.000976e-01
 3.046051e-01  2.892198e-01  3.047102e-01  8.798249e-01
 2.768872e-01  2.909696e-01  3.327480e-01  3.058428e-01
 4.208726e-01  9.354640e-01  9.841473e-01 -1.040790e+00
 9.321871e-01  9.233643e-01  9.617055e-01 -3.946956e-01
 1.524209e+00  3.932581e-01  3.828916e-01 -4.009831e-01
 9.829225e-01  8.609188e-01  3.052348e-01 -3.254471e-01
 3.960612e-01  3.014146e-01  1.109719e+00 -1.076241e+00
 8.662833e-01  2.968842e-01  1.138213e+00 -3.979627e-01
 1.005036e+00  3.314455e-01  3.802934e-01 -9.790268e-01
 8.175464e-01  2.651922e-01  3.550869e-01 -3.059068e-01
 3.642101e-01  1.062935e+00  3.243628e-01 -1.056027e+00
 2.853792e-01  9.005969e-01  9.522644e-01 -2.877395e-01
 3.740437e-01  1.484993e+00  3.537467e-01 -3.904297e-01
 3.052780e-01  8.603197e-01  3.004821e-01 -2.953601e-01
 3.467208e-01  3.708723e-01  3.877223e-01 -1.491306e+00
 2.744976e-01  2.892744e-01  1.000985e+00 -3.000976e-01
 3.046051e-01  2.892198e-01  3.047102e-01 -8.798249e-01
 2.768872e-01  2.909696e-01  3.327480e-01 -3.058428e-01
 4.208726e-01  9.354640e-01 -9.841473e-01  1.040790e+00
 9.321871e-01  9.233643e-01 -9.617055e-01  3.946956e-01
 1.524209e+00  3.932581e-01 -3.828916e-01  4.009831e-01
 9.829225e-01  8.609188e-01 -3.052348e-01  3.254471e-01
 3.960612e-01  3.014146e-01 -1.109719e+00  1.076241e+00
 8.662833e-01  2.968842e-01 -1.138213e+00  3.979627e-01
 1.005036e+00  3.314455e-01 -3.802934e-01  9.790268e-01
 8.175464e-01  2.651922e-01 -3.550869e-01  3.059068e-01
 3.642101e-01  1.062935e+00 -3.243628e-01  1.056027e+00
 2.853792e-01  9.005969e-01 -9.522644e-01  2.877395e-01
 3.740437e-01  1.484993e+00 -3.537467e-01  3.904297e-01
 3.052780e-01  8.603197e-01 -3.004821e-01  2.953601e-01
 3.467208e-01  3.708723e-01 -3.877223e-01  1.491306e+00
 2.744976e-01  2.892744e-01 -1.000985e+00  3.000976e-01
 3.046051e-01  2.892198e-01 -3.047102e-01  8.798249e-01
 2.768872e-01  2.909696e-01 -3.327480e-01  3.058428e-01
 4.208726e-01  9.354640e-01 -9.841473e-01 -1.040790e+00
 9.321871e-01  9.233643e-01 -9.617055e-01 -3.946956e-01
 1.524209e+00  3.932581e-01 -3.828916e-01 -4.009831e-01
 9.829225e-01  8.609188e-01 -3.052348e-01 -3.254471e-01
 3.960612e-01  3.014146e-01 -1.109719e+00 -1.076241e+00
 8.662833e-01  2.968842e-01 -1.138213e+00 -3.979627e-01
 1.005036e+00  3.314455e-01 -3.802934e-01 -9.790268e-01
 8.175464e-01  2.651922e-01 -3.550869e-01 -3.059068e-01
 3.642101e-01  1.062935e+00 -3.243628e-01 -1.056027e+00
 2.853792e-01  9.005969e-01 -9.522644e-01 -2.877395e-01
 3.740437e-01  1.484993e+00 -3.537467e-01 -3.904297e-01
 3.052780e-01  8.603197e-01 -3.004821e-01 -2.953601e-01
 3.467208e-01  3.708723e-01 -3.877223e-01 -1.491306e+00
 2.744976e-01  2.892744e-01 -1.000985e+00 -3.000976e-01
 3.046051e-01  2.892198e-01 -3.047102e-01 -8.798249e-01
 2.768872e-01  2.909696e-01 -3.327480e-01 -3.058428e-01
 4.208726e-01 -9.354640e-01  9.841473e-01  1.040790e+00
 9.321871e-01 -9.233643e-01  9.617055e-01  3.946956e-01
 1.524209e+00 -3.932581e-01  3.828916e-01  4.009831e-01
 9.829225e-01 -8.609188e-01  3.052348e-01  3.254471e-01
 3.960612e-01 -3.014146e-01  1.109719e+00  1.076241e+00
 8.662833e-01 -2.968842e-01  1.138213e+00  3.979627e-01
 1.005036e+00 -3.314455e-01  3.802934e-01  9.790268e-01
 8.175464e-01 -2.651922e-01  3.550869e-01  3.059068e-01
 3.642101e-01 -1.062935e+00  3.243628e-01  1.056027e+00
 2.853792e-01 -9.005969e-01  9.522644e-01  2.877395e-01
 3.740437e-01 -1.484993e+00  3.537467e-01  3.904297e-01
 3.052780e-01 -8.603197e-01  3.004821e-01  2.953601e-01
 3.467208e-01 -3.708723e-01  3.877223e-01  1.491306e+00
 2.744976e-01 -2.892744e-01  1.000985e+00  3.000976e-01
 3.046051e-01 -2.892198e-01  3.047102e-01  8.798249e-01
 2.768872e-01 -2.909696e-01  3.327480e-01  3.058428e-01
 4.208726e-01 -9.354640e-01  9.841473e-01 -1.040790e+00
 9.321871e-01 -9.233643e-01  9.617055e-01 -3.946956e-01
 1.524209e+00 -3.932581e-01  3.828916e-01 -4.009831e-01
 9.829225e-01 -8.609188e-01  3.052348e-01 -3.254471e-01
 3.960612e-01 -3.014146e-01  1.109719e+00 -1.076241e+00
 8.662833e-01 -2.968842e-01  1.138213e+00 -3.979627e-01
 1.005036e+00 -3.314455e-01  3.802934e-01 -9.790268e-01
 8.175464e-01 -2.651922e-01  3.550869e-01 -3.059068e-01
 3.642101e-01 -1.062935e+00  3.243628e-01 -1.056027e+00
 2.853792e-01 -9.005969e-01  9.522644e-01 -2.877395e-01
 3.740437e-01 -1.484993e+00  3.537467e-01 -3.904297e-01
 3.052780e-01 -8.603197e-01  3.004821e-01 -2.953601e-01
 3.467208e-01 -3.708723e-01  3.877223e-01 -1.491306e+00
 2.744976e-01 -2.892744e-01  1.000985e+00 -3.000976e-01
 3.046051e-01 -2.892198e-01  3.047102e-01 -8.798249e-01
 2.768872e-01 -2.909696e-01  3.327480e-01 -3.058428e-01
 4.208726e-01 -9.354640e-01 -9.841473e-01  1.040790e+00
 9.321871e-01 -9.233643e-01 -9.617055e-01  3.946956e-01
 1.524209e+00 -3.932581e-01 -3.828916e-01  4.009831e-01
 9.829225e-01 -8.609188e-01 -3.052348e-01  3.254471e-01
 3.960612e-01 -3.014146e-01 -1.109719e+00  1.076241e+00
 8.662833e-01 -2.968842e-01 -1.138213e+00  3.979627e-01
 1.005036e+00 -3.314455e-01 -3.802934e-01  9.790268e-01
 8.175464e-01 -2.651922e-01 -3.550869e-01  3.059068e-01
 3.642101e-01 -1.062935e+00 -3.243628e-01  1.056027e+00
 2.853792e-01 -9.005969e-01 -9.522644e-01  2.877395e-01
 3.740437e-01 -1.484993e+00 -3.537467e-01  3.904297e-01
 3.052780e-01 -8.603197e-01 -3.004821e-01  2.953601e-01
 3.467208e-01 -3.708723e-01 -3.877223e-01  1.491306e+00
 2.744976e-01 -2.892744e-01 -1.000985e+00  3.000976e-01
 3.046051e-01 -2.892198e-01 -3.047102e-01  8.798249e-01
 2.768872e-01 -2.909696e-01 -3.327480e-01  3.058428e-01
 4.208726e-01 -9.354640e-01 -9.841473e-01 -1.040790e+00
 9.321871e-01 -9.233643e-01 -9.617055e-01 -3.946956e-01
 1.524209e+00 -3.932581e-01 -3.828916e-01 -4.009831e-01
 9.829225e-01 -8.609188e-01 -3.052348e-01 -3.254471e-01
 3.960612e-01 -3.014146e-01 -1.109719e+00 -1.076241e+00
 8.662833e-01 -2.968842e-01 -1.138213e+00 -3.979627e-01
 1.005036e+00 -3.314455e-01 -3.802934e-01 -9.790268e-01
 8.175464e-01 -2.651922e-01 -3.550869e-01 -3.059068e-01
 3.642101e-01 -1.062935e+00 -3.243628e-01 -1.056027e+00
 2.853792e-01 -9.005969e-01 -9.522644e-01 -2.877395e-01
 3.740437e-01 -1.484993e+00 -3.537467e-01 -3.904297e-01
 3.052780e-01 -8.603197e-01 -3.004821e-01 -2.953601e-01
 3.467208e-01 -3.708723e-01 -3.877223e-01 -1.491306e+00
 2.744976e-01 -2.892744e-01 -1.000985e+00 -3.000976e-01
 3.046051e-01 -2.892198e-01 -3.047102e-01 -8.798249e-01
 2.768872e-01 -2.909696e-01 -3.327480e-01 -3.058428e-01
-4.208726e-01  9.354640e-01  9.841473e-01  1.040790e+00
-9.321871e-01  9.233643e-01  9.617055e-01  3.946956e-01
-1.524209e+00  3.932581e-01  3.828916e-01  4.009831e-01
-9.829225e-01  8.609188e-01  3.052348e-01  3.254471e-01
-3.960612e-01  3.014146e-01  1.109719e+00  1.076241e+00
-8.662833e-01  2.968842e-01  1.138213e+00  3.979627e-01
-1.005036e+00  3.314455e-01  3.802934e-01  9.790268e-01
-8.175464e-01  2.651922e-01  3.550869e-01  3.059068e-01
-3.642101e-01  1.062935e+00  3.243628e-01  1.056027e+00
-2.853792e-01  9.005969e-01  9.522644e-01  2.877395e-01
-3.740437e-01  1.484993e+00  3.537467e-01  3.904297e-01
-3.052780e-01  8.603197e-01  3.004821e-01  2.953601e-01
-3.467208e-01  3.708723e-01  3.877223e-01  1.491306e+00
-2.744976e-01  2.892744e-01  1.000985e+00  3.000976e-01
-3.046051e-01  2.892198e-01  3.047102e-01  8.798249e-01
-2.768872e-01  2.909696e-01  3.327480e-01  3.058428e-01
-4.208726e-01  9.354640e-01  9.841473e-01 -1.040790e+00
-9.321871e-01  9.233643e-01  9.617055e-01 -3.946956e-01
-1.524209e+00  3.932581e-01  3.828916e-01 -4.009831e-01
-9.829225e-01  8.609188e-01  3.052348e-01 -3.254471e-01
-3.960612e-01  3.014146e-01  1.109719e+00 -1.076241e+00
-8.662833e-01  2.968842e-01  1.138213e+00 -3.979627e-01
-1.005036e+00  3.314455e-01  3.802934e-01 -9.790268e-01
-8.175464e-01  2.651922e-01  3.550869e-01 -3.059068e-01
-3.642101e-01  1.062935e+00  3.243628e-01 -1.056027e+00
-2.853792e-01  9.005969e-01  9.522644e-01 -2.877395e-01
-3.740437e-01  1.484993e+00  3.537467e-01 -3.904297e-01
-3.052780e-01  8.603197e-01  3.004821e-01 -2.953601e-01
-3.467208e-01  3.708723e-01  3.877223e-01 -1.491306e+00
-2.744976e-01  2.892744e-01  1.000985e+00 -3.000976e-01
-3.046051e-01  2.892198e-01  3.047102e-01 -8.798249e-01
-2.768872e-01  2.909696e-01  3.327480e-01 -3.058428e-01
-4.208726e-01  9.354640e-01 -9.841473e-01  1.040790e+00
-9.321871e-01  9.233643e-01 -9.617055e-01  3.946956e-01
-1.524209e+00  3.932581e-01 -3.828916e-01  4.009831e-01
-9.829225e-01  8.609188e-01 -3.052348e-01  3.254471e-01
-3.960612e-01  3.014146e-01 -1.109719e+00  1.076241e+00
-8.662833e-01  2.968842e-01 -1.138213e+00  3.979627e-01
-1.005036e+00  3.314455e-01 -3.802934e-01  9.790268e-01
-8.175464e-01  2.651922e-01 -3.550869e-01  3.059068e-01
-3.642101e-01  1.062935e+00 -3.243628e-01  1.056027e+00
-2.853792e-01  9.005969e-01 -9.522644e-01  2.877395e-01
-3.740437e-01  1.484993e+00 -3.537467e-01  3.904297e-01
-3.052780e-01  8.603197e-01 -3.004821e-01  2.953601e-01
-3.467208e-01  3.708723e-01 -3.877223e-01  1.491306e+00
-2.744976e-01  2.892744e-01 -1.000985e+00  3.000976e-01
-3.046051e-01  2.892198e-01 -3.047102e-01  8.798249e-01
-2.768872e-01  2.909696e-01 -3.327480e-01  3.058428e-01
-4.208726e-01  9.354640e-01 -9.841473e-01 -1.040790e+00
-9.321871e-01  9.233643e-01 -9.617055e-01 -3.946956e-01
-1.524209e+00  3.932581e-01 -3.828916e-01 -4.009831e-01
-9.829225e-01  8.609188e-01 -3.052348e-01 -3.254471e-01
-3.960612e-01  3.014146e-01 -1.109719e+00 -1.076241e+00
-8.662833e-01  2.968842e-01 -1.138213e+00 -3.979627e-01
-1.005036e+00  3.314455e-01 -3.802934e-01 -9.790268e-01
-8.175464e-01  2.651922e-01 -3.550869e-01 -3.059068e-01
-3.642101e-01  1.062935e+00 -3.243628e-01 -1.056027e+00
-2.853792e-01  9.005969e-01 -9.522644e-01 -2.877395e-01
-3.740437e-01  1.484993e+00 -3.537467e-01 -3.904297e-01
-3.052780e-01  8.603197e-01 -3.004821e-01 -2.953601e-01
-3.467208e-01  3.708723e-01 -3.877223e-01 -1.491306e+00
-2.744976e-01  2.892744e-01 -1.000985e+00 -3.000976e-01
-3.046051e-01  2.892198e-01 -3.047102e-01 -8.798249e-01
-2.768872e-01  2.909696e-01 -3.327480e-01 -3.058428e-01
-4.208726e-01 -9.354640e-01  9.841473e-01  1.040790e+00
-9.321871e-01 -9.233643e-01  9.617055e-01  3.946956e-01
-1.524209e+00 -3.932581e-01  3.828916e-01  4.009831e-01
-9.829225e-01 -8.609188e-01  3.052348e-01  3.254471e-01
-3.960612e-01 -3.014146e-01  1.109719e+00  1.076241e+00
-8.662833e-01 -2.968842e-01  1.138213e+00  3.979627e-01
-1.005036e+00 -3.314455e-01  3.802934e-01  9.790268e-01
-8.175464e-01 -2.651922e-01  3.550869e-01  3.059068e-01
-3.642101e-01 -1.062935e+00  3.243628e-01  1.056027e+00
-2.853792e-01 -9.005969e-01  9.522644e-01  2.877395e-01
-3.740437e-01 -1.484993e+00  3.537467e-01  3.904297e-01
-3.052780e-01 -8.603197e-01  3.004821e-01  2.953601e-01
-3.467208e-01 -3.708723e-01  3.877223e-01  1.491306e+00
-2.744976e-01 -2.892744e-01  1.000985e+00  3.000976e-01
-3.046051e-01 -2.892198e-01  3.047102e-01  8.798249e-01
-2.768872e-01 -2.909696e-01  3.327480e-01  3.058428e-01
-4.208726e-01 -9.354640e-01  9.841473e-01 -1.040790e+00
-9.321871e-01 -9.233643e-01  9.617055e-01 -3.946956e-01
-1.524209e+00 -3.932581e-01  3.828916e-01 -4.009831e-01
-9.829225e-01 -8.609188e-01  3.052348e-01 -3.254471e-01
-3.960612e-01 -3.014146e-01  1.109719e+00 -1.076241e+00
-8.662833e-01 -2.968842e-01  1.138213e+00 -3.979627e-01
-1.005036e+00 -3.314455e-01  3.802934e-01 -9.790268e-01
-8.175464e-01 -2.651922e-01  3.550869e-01 -3.059068e-01
-3.642101e-01 -1.062935e+00  3.243628e-01 -1.056027e+00
-2.853792e-01 -9.005969e-01  9.522644e-01 -2.877395e-01
-3.740437e-01 -1.484993e+00  3.537467e-01 -3.904297e-01
-3.052780e-01 -8.603197e-01  3.004821e-01 -2.953601e-01
-3.467208e-01 -3.708723e-01  3.877223e-01 -1.491306e+00
-2.744976e-01 -2.892744e-01  1.000985e+00 -3.000976e-01
-3.046051e-01 -2.892198e-01  3.047102e-01 -8.798249e-01
-2.768872e-01 -2.909696e-01  3.327480e-01 -3.058428e-01
-4.208726e-01 -9.354640e-01 -9.841473e-01  1.040790e+00
-9.321871e-01 -9.233643e-01 -9.617055e-01  3.946956e-01
-1.524209e+00 -3.932581e-01 -3.828916e-01  4.009831e-01
-9.829225e-01 -8.609188e-01 -3.052348e-01  3.254471e-01
-3.960612e-01 -3.014146e-01 -1.109719e+00  1.076241e+00
-8.662833e-01 -2.968842e-01 -1.138213e+00  3.979627e-01
-1.005036e+00 -3.314455e-01 -3.802934e-01  9.790268e-01
-8.175464e-01 -2.651922e-01 -3.550869e-01  3.059068e-01
-3.642101e-01 -1.062935e+00 -3.243628e-01  1.056027e+00
-2.853792e-01 -9.005969e-01 -9.522644e-01  2.877395e-01
-3.740437e-01 -1.484993e+00 -3.537467e-01  3.904297e-01
-3.052780e-01 -8.603197e-01 -3.004821e-01  2.953601e-01
-3.467208e-01 -3.708723e-01 -3.877223e-01  1.491306e+00
-2.744976e-01 -2.892744e-01 -1.000985e+00  3.000976e-01
-3.046051e-01 -2.892198e-01 -3.047102e-01  8.798249e-01
-2.768872e-01 -2.909696e-01 -3.327480e-01  3.058428e-01
-4.208726e-01 -9.354640e-01 -9.841473e-01 -1.040790e+00
-9.321871e-01 -9.233643e-01 -9.617055e-01 -3.946956e-01
-1.524209e+00 -3.932581e-01 -3.828916e-01 -4.009831e-01
-9.829225e-01 -8.609188e-01 -3.052348e-01 -3.254471e-01
-3.960612e-01 -3.014146e-01 -1.109719e+00 -1.076241e+00
-8.662833e-01 -2.968842e-01 -1.138213e+00 -3.979627e-01
-1.005036e+00 -3.314455e-01 -3.802934e-01 -9.790268e-01
-8.175464e-01 -2.651922e-01 -3.550869e-01 -3.059068e-01
-3.642101e-01 -1.062935e+00 -3.243628e-01 -1.056027e+00
-2.853792e-01 -9.005969e-01 -9.522644e-01 -2.877395e-01
-3.740437e-01 -1.484993e+00 -3.537467e-01 -3.904297e-01
-3.052780e-01 -8.603197e-01 -3.004821e-01 -2.953601e-01
-3.467208e-01 -3.708723e-01 -3.877223e-01 -1.491306e+00
-2.744976e-01 -2.892744e-01 -1.000985e+00 -3.000976e-01
-3.046051e-01 -2.892198e-01 -3.047102e-01 -8.798249e-01
-2.768872e-01 -2.909696e-01 -3.327480e-01 -3.058428e-01
