 4.060190e-01  1.011256e+00  3.709644e-01  9.805025e-01
 3.756967e-01  9.212979e-01  2.559748e-01  1.027722e+00
 5.144143e-01  1.156227e+00  9.214239e-01  7.944503e-01
 4.819828e-01  1.114875e+00  1.136970e+00  3.635822e-01
 4.137040e-01  1.059080e+00  2.153668e-01  4.681684e-01
 3.714240e-01  9.487527e-01  2.490229e-01  3.909837e-01
 6.434492e-01  1.495079e+00  4.021202e-01  3.441151e-01
 4.396365e-01  1.086350e+00  6.867207e-01  2.267602e-01
 2.996188e-01  1.115961e+00  4.450751e-01  1.161379e+00
 3.117518e-01  1.020606e+00  2.811064e-01  1.346564e+00
 3.104642e-01  1.192715e+00  1.016651e+00  9.192386e-01
 2.918689e-01  1.185888e+00  1.224779e+00  3.491514e-01
 2.575615e-01  1.119523e+00  2.012451e-01  3.667634e-01
 2.429702e-01  9.813536e-01  2.455074e-01  2.838966e-01
 3.277596e-01  1.663458e+00  3.810320e-01  3.281455e-01
 2.596349e-01  1.136750e+00  6.815306e-01  2.011756e-01
 9.764484e-01  7.470214e-01  3.453524e-01  9.389207e-01
 9.080611e-01  6.667215e-01  2.454642e-01  9.734012e-01
 1.124866e+00  9.183748e-01  8.449081e-01  7.428942e-01
 1.078207e+00  8.329899e-01  1.062817e+00  3.574594e-01
 9.700176e-01  7.618238e-01  2.077038e-01  4.376561e-01
 9.051920e-01  6.814377e-01  2.337001e-01  3.785846e-01
 1.268147e+00  1.151213e+00  3.617451e-01  3.045455e-01
 1.021381e+00  8.100509e-01  6.179425e-01  2.222380e-01
 1.258428e+00  3.803744e-01  3.653696e-01  1.039467e+00
 1.143227e+00  3.849133e-01  2.517192e-01  1.128130e+00
 1.434730e+00  3.788250e-01  8.404601e-01  7.729629e-01
 1.364964e+00  3.802301e-01  1.072091e+00  3.528073e-01
 1.214555e+00  3.474179e-01  1.898516e-01  3.761180e-01
 1.096649e+00  3.565364e-01  2.206479e-01  3.028297e-01
 1.639314e+00  3.912039e-01  3.436128e-01  2.864192e-01
 1.285315e+00  3.597035e-01  5.751453e-01  2.079194e-01
 2.191885e-01  3.599096e-01  4.700243e-01  1.033807e+00
 2.211654e-01  3.779965e-01  2.730424e-01  1.085140e+00
 2.456941e-01  3.881171e-01  1.101057e+00  7.894756e-01
 2.850801e-01  4.863539e-01  1.370681e+00  3.657939e-01
 2.144856e-01  3.490535e-01  3.020002e-01  4.900361e-01
 2.312426e-01  4.361614e-01  2.693708e-01  4.476784e-01
 2.116494e-01  3.173617e-01  7.911568e-01  3.703509e-01
 2.429379e-01  4.471509e-01  8.426642e-01  2.541243e-01
 2.521310e-01  3.618464e-01  7.061089e-01  1.391043e+00
 2.732531e-01  3.800510e-01  3.494968e-01  1.612074e+00
 2.527356e-01  3.907722e-01  1.270954e+00  1.023763e+00
 2.698868e-01  4.397313e-01  1.597868e+00  3.603084e-01
 2.105603e-01  3.286640e-01  2.682613e-01  3.056968e-01
 2.220643e-01  4.223598e-01  2.522584e-01  2.720871e-01
 2.102530e-01  2.994609e-01  7.448940e-01  2.679656e-01
 2.261598e-01  4.300367e-01  7.926283e-01  2.032245e-01
 5.490542e-01  2.575188e-01  4.464056e-01  9.937708e-01
 5.523538e-01  2.674713e-01  2.711343e-01  1.043926e+00
 6.327209e-01  2.894794e-01  1.039353e+00  7.598314e-01
 7.367378e-01  3.615880e-01  1.263022e+00  3.780334e-01
 5.377680e-01  2.527868e-01  2.982605e-01  4.943774e-01
 5.807180e-01  2.959128e-01  2.672904e-01  4.473116e-01
 5.417558e-01  2.382662e-01  7.538239e-01  3.712521e-01
 6.244961e-01  3.115810e-01  8.043826e-01  2.567411e-01
 7.018678e-01  2.286307e-01  5.994904e-01  1.221856e+00
 7.062737e-01  2.274985e-01  3.256509e-01  1.357938e+00
 7.495905e-01  2.429202e-01  1.151563e+00  9.234853e-01
 8.347189e-01  2.714374e-01  1.380999e+00  3.709288e-01
 6.031657e-01  2.116261e-01  2.670787e-01  3.297702e-01
 6.555765e-01  2.381212e-01  2.554324e-01  2.920545e-01
 5.938366e-01  2.037956e-01  7.121375e-01  2.816324e-01
 6.890891e-01  2.423777e-01  7.541714e-01  2.107935e-01
 4.060190e-01  1.011256e+00  3.709644e-01 -9.805025e-01
 3.756967e-01  9.212979e-01  2.559748e-01 -1.027722e+00
 5.144143e-01  1.156227e+00  9.214239e-01 -7.944503e-01
 4.819828e-01  1.114875e+00  1.136970e+00 -3.635822e-01
 4.137040e-01  1.059080e+00  2.153668e-01 -4.681684e-01
 3.714240e-01  9.487527e-01  2.490229e-01 -3.909837e-01
 6.434492e-01  1.495079e+00  4.021202e-01 -3.441151e-01
 4.396365e-01  1.086350e+00  6.867207e-01 -2.267602e-01
 2.996188e-01  1.115961e+00  4.450751e-01 -1.161379e+00
 3.117518e-01  1.020606e+00  2.811064e-01 -1.346564e+00
 3.104642e-01  1.192715e+00  1.016651e+00 -9.192386e-01
 2.918689e-01  1.185888e+00  1.224779e+00 -3.491514e-01
 2.575615e-01  1.119523e+00  2.012451e-01 -3.667634e-01
 2.429702e-01  9.813536e-01  2.455074e-01 -2.838966e-01
 3.277596e-01  1.663458e+00  3.810320e-01 -3.281455e-01
 2.596349e-01  1.136750e+00  6.815306e-01 -2.011756e-01
 9.764484e-01  7.470214e-01  3.453524e-01 -9.389207e-01
 9.080611e-01  6.667215e-01  2.454642e-01 -9.734012e-01
 1.124866e+00  9.183748e-01  8.449081e-01 -7.428942e-01
 1.078207e+00  8.329899e-01  1.062817e+00 -3.574594e-01
 9.700176e-01  7.618238e-01  2.077038e-01 -4.376561e-01
 9.051920e-01  6.814377e-01  2.337001e-01 -3.785846e-01
 1.268147e+00  1.151213e+00  3.617451e-01 -3.045455e-01
 1.021381e+00  8.100509e-01  6.179425e-01 -2.222380e-01
 1.258428e+00  3.803744e-01  3.653696e-01 -1.039467e+00
 1.143227e+00  3.849133e-01  2.517192e-01 -1.128130e+00
 1.434730e+00  3.788250e-01  8.404601e-01 -7.729629e-01
 1.364964e+00  3.802301e-01  1.072091e+00 -3.528073e-01
 1.214555e+00  3.474179e-01  1.898516e-01 -3.761180e-01
 1.096649e+00  3.565364e-01  2.206479e-01 -3.028297e-01
 1.639314e+00  3.912039e-01  3.436128e-01 -2.864192e-01
 1.285315e+00  3.597035e-01  5.751453e-01 -2.079194e-01
 2.191885e-01  3.599096e-01  4.700243e-01 -1.033807e+00
 2.211654e-01  3.779965e-01  2.730424e-01 -1.085140e+00
 2.456941e-01  3.881171e-01  1.101057e+00 -7.894756e-01
 2.850801e-01  4.863539e-01  1.370681e+00 -3.657939e-01
 2.144856e-01  3.490535e-01  3.020002e-01 -4.900361e-01
 2.312426e-01  4.361614e-01  2.693708e-01 -4.476784e-01
 2.116494e-01  3.173617e-01  7.911568e-01 -3.703509e-01
 2.429379e-01  4.471509e-01  8.426642e-01 -2.541243e-01
 2.521310e-01  3.618464e-01  7.061089e-01 -1.391043e+00
 2.732531e-01  3.800510e-01  3.494968e-01 -1.612074e+00
 2.527356e-01  3.907722e-01  1.270954e+00 -1.023763e+00
 2.698868e-01  4.397313e-01  1.597868e+00 -3.603084e-01
 2.105603e-01  3.286640e-01  2.682613e-01 -3.056968e-01
 2.220643e-01  4.223598e-01  2.522584e-01 -2.720871e-01
 2.102530e-01  2.994609e-01  7.448940e-01 -2.679656e-01
 2.261598e-01  4.300367e-01  7.926283e-01 -2.032245e-01
 5.490542e-01  2.575188e-01  4.464056e-01 -9.937708e-01
 5.523538e-01  2.674713e-01  2.711343e-01 -1.043926e+00
 6.327209e-01  2.894794e-01  1.039353e+00 -7.598314e-01
 7.367378e-01  3.615880e-01  1.263022e+00 -3.780334e-01
 5.377680e-01  2.527868e-01  2.982605e-01 -4.943774e-01
 5.807180e-01  2.959128e-01  2.672904e-01 -4.473116e-01
 5.417558e-01  2.382662e-01  7.538239e-01 -3.712521e-01
 6.244961e-01  3.115810e-01  8.043826e-01 -2.567411e-01
 7.018678e-01  2.286307e-01  5.994904e-01 -1.221856e+00
 7.062737e-01  2.274985e-01  3.256509e-01 -1.357938e+00
 7.495905e-01  2.429202e-01  1.151563e+00 -9.234853e-01
 8.347189e-01  2.714374e-01  1.380999e+00 -3.709288e-01
 6.031657e-01  2.116261e-01  2.670787e-01 -3.297702e-01
 6.555765e-01  2.381212e-01  2.554324e-01 -2.920545e-01
 5.938366e-01  2.037956e-01  7.121375e-01 -2.816324e-01
 6.890891e-01  2.423777e-01  7.541714e-01 -2.107935e-01
 4.060190e-01  1.011256e+00 -3.709644e-01  9.805025e-01
 3.756967e-01  9.212979e-01 -2.559748e-01  1.027722e+00
 5.144143e-01  1.156227e+00 -9.214239e-01  7.944503e-01
 4.819828e-01  1.114875e+00 -1.136970e+00  3.635822e-01
 4.137040e-01  1.059080e+00 -2.153668e-01  4.681684e-01
 3.714240e-01  9.487527e-01 -2.490229e-01  3.909837e-01
 6.434492e-01  1.495079e+00 -4.021202e-01  3.441151e-01
 4.396365e-01  1.086350e+00 -6.867207e-01  2.267602e-01
 2.996188e-01  1.115961e+00 -4.450751e-01  1.161379e+00
 3.117518e-01  1.020606e+00 -2.811064e-01  1.346564e+00
 3.104642e-01  1.192715e+00 -1.016651e+00  9.192386e-01
 2.918689e-01  1.185888e+00 -1.224779e+00  3.491514e-01
 2.575615e-01  1.119523e+00 -2.012451e-01  3.667634e-01
 2.429702e-01  9.813536e-01 -2.455074e-01  2.838966e-01
 3.277596e-01  1.663458e+00 -3.810320e-01  3.281455e-01
 2.596349e-01  1.136750e+00 -6.815306e-01  2.011756e-01
 9.764484e-01  7.470214e-01 -3.453524e-01  9.389207e-01
 9.080611e-01  6.667215e-01 -2.454642e-01  9.734012e-01
 1.124866e+00  9.183748e-01 -8.449081e-01  7.428942e-01
 1.078207e+00  8.329899e-01 -1.062817e+00  3.574594e-01
 9.700176e-01  7.618238e-01 -2.077038e-01  4.376561e-01
 9.051920e-01  6.814377e-01 -2.337001e-01  3.785846e-01
 1.268147e+00  1.151213e+00 -3.617451e-01  3.045455e-01
 1.021381e+00  8.100509e-01 -6.179425e-01  2.222380e-01
 1.258428e+00  3.803744e-01 -3.653696e-01  1.039467e+00
 1.143227e+00  3.849133e-01 -2.517192e-01  1.128130e+00
 1.434730e+00  3.788250e-01 -8.404601e-01  7.729629e-01
 1.364964e+00  3.802301e-01 -1.072091e+00  3.528073e-01
 1.214555e+00  3.474179e-01 -1.898516e-01  3.761180e-01
 1.096649e+00  3.565364e-01 -2.206479e-01  3.028297e-01
 1.639314e+00  3.912039e-01 -3.436128e-01  2.864192e-01
 1.285315e+00  3.597035e-01 -5.751453e-01  2.079194e-01
 2.191885e-01  3.599096e-01 -4.700243e-01  1.033807e+00
 2.211654e-01  3.779965e-01 -2.730424e-01  1.085140e+00
 2.456941e-01  3.881171e-01 -1.101057e+00  7.894756e-01
 2.850801e-01  4.863539e-01 -1.370681e+00  3.657939e-01
 2.144856e-01  3.490535e-01 -3.020002e-01  4.900361e-01
 2.312426e-01  4.361614e-01 -2.693708e-01  4.476784e-01
 2.116494e-01  3.173617e-01 -7.911568e-01  3.703509e-01
 2.429379e-01  4.471509e-01 -8.426642e-01  2.541243e-01
 2.521310e-01  3.618464e-01 -7.061089e-01  1.391043e+00
 2.732531e-01  3.800510e-01 -3.494968e-01  1.612074e+00
 2.527356e-01  3.907722e-01 -1.270954e+00  1.023763e+00
 2.698868e-01  4.397313e-01 -1.597868e+00  3.603084e-01
 2.105603e-01  3.286640e-01 -2.682613e-01  3.056968e-01
 2.220643e-01  4.223598e-01 -2.522584e-01  2.720871e-01
 2.102530e-01  2.994609e-01 -7.448940e-01  2.679656e-01
 2.261598e-01  4.300367e-01 -7.926283e-01  2.032245e-01
 5.490542e-01  2.575188e-01 -4.464056e-01  9.937708e-01
 5.523538e-01  2.674713e-01 -2.711343e-01  1.043926e+00
 6.327209e-01  2.894794e-01 -1.039353e+00  7.598314e-01
 7.367378e-01  3.615880e-01 -1.263022e+00  3.780334e-01
 5.377680e-01  2.527868e-01 -2.982605e-01  4.943774e-01
 5.807180e-01  2.959128e-01 -2.672904e-01  4.473116e-01
 5.417558e-01  2.382662e-01 -7.538239e-01  3.712521e-01
 6.244961e-01  3.115810e-01 -8.043826e-01  2.567411e-01
 7.018678e-01  2.286307e-01 -5.994904e-01  1.221856e+00
 7.062737e-01  2.274985e-01 -3.256509e-01  1.357938e+00
 7.495905e-01  2.429202e-01 -1.151563e+00  9.234853e-01
 8.347189e-01  2.714374e-01 -1.380999e+00  3.709288e-01
 6.031657e-01  2.116261e-01 -2.670787e-01  3.297702e-01
 6.555765e-01  2.381212e-01 -2.554324e-01  2.920545e-01
 5.938366e-01  2.037956e-01 -7.121375e-01  2.816324e-01
 6.890891e-01  2.423777e-01 -7.541714e-01  2.107935e-01
 4.060190e-01  1.011256e+00 -3.709644e-01 -9.805025e-01
 3.756967e-01  9.212979e-01 -2.559748e-01 -1.027722e+00
 5.144143e-01  1.156227e+00 -9.214239e-01 -7.944503e-01
 4.819828e-01  1.114875e+00 -1.136970e+00 -3.635822e-01
 4.137040e-01  1.059080e+00 -2.153668e-01 -4.681684e-01
 3.714240e-01  9.487527e-01 -2.490229e-01 -3.909837e-01
 6.434492e-01  1.495079e+00 -4.021202e-01 -3.441151e-01
 4.396365e-01  1.086350e+00 -6.867207e-01 -2.267602e-01
 2.996188e-01  1.115961e+00 -4.450751e-01 -1.161379e+00
 3.117518e-01  1.020606e+00 -2.811064e-01 -1.346564e+00
 3.104642e-01  1.192715e+00 -1.016651e+00 -9.192386e-01
 2.918689e-01  1.185888e+00 -1.224779e+00 -3.491514e-01
 2.575615e-01  1.119523e+00 -2.012451e-01 -3.667634e-01
 2.429702e-01  9.813536e-01 -2.455074e-01 -2.838966e-01
 3.277596e-01  1.663458e+00 -3.810320e-01 -3.281455e-01
 2.596349e-01  1.136750e+00 -6.815306e-01 -2.011756e-01
 9.764484e-01  7.470214e-01 -3.453524e-01 -9.389207e-01
 9.080611e-01  6.667215e-01 -2.454642e-01 -9.734012e-01
 1.124866e+00  9.183748e-01 -8.449081e-01 -7.428942e-01
 1.078207e+00  8.329899e-01 -1.062817e+00 -3.574594e-01
 9.700176e-01  7.618238e-01 -2.077038e-01 -4.376561e-01
 9.051920e-01  6.814377e-01 -2.337001e-01 -3.785846e-01
 1.268147e+00  1.151213e+00 -3.617451e-01 -3.045455e-01
 1.021381e+00  8.100509e-01 -6.179425e-01 -2.222380e-01
 1.258428e+00  3.803744e-01 -3.653696e-01 -1.039467e+00
 1.143227e+00  3.849133e-01 -2.517192e-01 -1.128130e+00
 1.434730e+00  3.788250e-01 -8.404601e-01 -7.729629e-01
 1.364964e+00  3.802301e-01 -1.072091e+00 -3.528073e-01
 1.214555e+00  3.474179e-01 -1.898516e-01 -3.761180e-01
 1.096649e+00  3.565364e-01 -2.206479e-01 -3.028297e-01
 1.639314e+00  3.912039e-01 -3.436128e-01 -2.864192e-01
 1.285315e+00  3.597035e-01 -5.751453e-01 -2.079194e-01
 2.191885e-01  3.599096e-01 -4.700243e-01 -1.033807e+00
 2.211654e-01  3.779965e-01 -2.730424e-01 -1.085140e+00
 2.456941e-01  3.881171e-01 -1.101057e+00 -7.894756e-01
 2.850801e-01  4.863539e-01 -1.370681e+00 -3.657939e-01
 2.144856e-01  3.490535e-01 -3.020002e-01 -4.900361e-01
 2.312426e-01  4.361614e-01 -2.693708e-01 -4.476784e-01
 2.116494e-01  3.173617e-01 -7.911568e-01 -3.703509e-01
 2.429379e-01  4.471509e-01 -8.426642e-01 -2.541243e-01
 2.521310e-01  3.618464e-01 -7.061089e-01 -1.391043e+00
 2.732531e-01  3.800510e-01 -3.494968e-01 -1.612074e+00
 2.527356e-01  3.907722e-01 -1.270954e+00 -1.023763e+00
 2.698868e-01  4.397313e-01 -1.597868e+00 -3.603084e-01
 2.105603e-01  3.286640e-01 -2.682613e-01 -3.056968e-01
 2.220643e-01  4.223598e-01 -2.522584e-01 -2.720871e-01
 2.102530e-01  2.994609e-01 -7.448940e-01 -2.679656e-01
 2.261598e-01  4.300367e-01 -7.926283e-01 -2.032245e-01
 5.490542e-01  2.575188e-01 -4.464056e-01 -9.937708e-01
 5.523538e-01  2.674713e-01 -2.711343e-01 -1.043926e+00
 6.327209e-01  2.894794e-01 -1.039353e+00 -7.598314e-01
 7.367378e-01  3.615880e-01 -1.263022e+00 -3.780334e-01
 5.377680e-01  2.527868e-01 -2.982605e-01 -4.943774e-01
 5.807180e-01  2.959128e-01 -2.672904e-01 -4.473116e-01
 5.417558e-01  2.382662e-01 -7.538239e-01 -3.712521e-01
 6.244961e-01  3.115810e-01 -8.043826e-01 -2.567411e-01
 7.018678e-01  2.286307e-01 -5.994904e-01 -1.221856e+00
 7.062737e-01  2.274985e-01 -3.256509e-01 -1.357938e+00
 7.495905e-01  2.429202e-01 -1.151563e+00 -9.234853e-01
 8.347189e-01  2.714374e-01 -1.380999e+00 -3.709288e-01
 6.031657e-01  2.116261e-01 -2.670787e-01 -3.297702e-01
 6.555765e-01  2.381212e-01 -2.554324e-01 -2.920545e-01
 5.938366e-01  2.037956e-01 -7.121375e-01 -2.816324e-01
 6.890891e-01  2.423777e-01 -7.541714e-01 -2.107935e-01
 4.060190e-01 -1.011256e+00  3.709644e-01  9.805025e-01
 3.756967e-01 -9.212979e-01  2.559748e-01  1.027722e+00
 5.144143e-01 -1.156227e+00  9.214239e-01  7.944503e-01
 4.819828e-01 -1.114875e+00  1.136970e+00  3.635822e-01
 4.137040e-01 -1.059080e+00  2.153668e-01  4.681684e-01
 3.714240e-01 -9.487527e-01  2.490229e-01  3.909837e-01
 6.434492e-01 -1.495079e+00  4.021202e-01  3.441151e-01
 4.396365e-01 -1.086350e+00  6.867207e-01  2.267602e-01
 2.996188e-01 -1.115961e+00  4.450751e-01  1.161379e+00
 3.117518e-01 -1.020606e+00  2.811064e-01  1.346564e+00
 3.104642e-01 -1.192715e+00  1.016651e+00  9.192386e-01
 2.918689e-01 -1.185888e+00  1.224779e+00  3.491514e-01
 2.575615e-01 -1.119523e+00  2.012451e-01  3.667634e-01
 2.429702e-01 -9.813536e-01  2.455074e-01  2.838966e-01
 3.277596e-01 -1.663458e+00  3.810320e-01  3.281455e-01
 2.596349e-01 -1.136750e+00  6.815306e-01  2.011756e-01
 9.764484e-01 -7.470214e-01  3.453524e-01  9.389207e-01
 9.080611e-01 -6.667215e-01  2.454642e-01  9.734012e-01
 1.124866e+00 -9.183748e-01  8.449081e-01  7.428942e-01
 1.078207e+00 -8.329899e-01  1.062817e+00  3.574594e-01
 9.700176e-01 -7.618238e-01  2.077038e-01  4.376561e-01
 9.051920e-01 -6.814377e-01  2.337001e-01  3.785846e-01
 1.268147e+00 -1.151213e+00  3.617451e-01  3.045455e-01
 1.021381e+00 -8.100509e-01  6.179425e-01  2.222380e-01
 1.258428e+00 -3.803744e-01  3.653696e-01  1.039467e+00
 1.143227e+00 -3.849133e-01  2.517192e-01  1.128130e+00
 1.434730e+00 -3.788250e-01  8.404601e-01  7.729629e-01
 1.364964e+00 -3.802301e-01  1.072091e+00  3.528073e-01
 1.214555e+00 -3.474179e-01  1.898516e-01  3.761180e-01
 1.096649e+00 -3.565364e-01  2.206479e-01  3.028297e-01
 1.639314e+00 -3.912039e-01  3.436128e-01  2.864192e-01
 1.285315e+00 -3.597035e-01  5.751453e-01  2.079194e-01
 2.191885e-01 -3.599096e-01  4.700243e-01  1.033807e+00
 2.211654e-01 -3.779965e-01  2.730424e-01  1.085140e+00
 2.456941e-01 -3.881171e-01  1.101057e+00  7.894756e-01
 2.850801e-01 -4.863539e-01  1.370681e+00  3.657939e-01
 2.144856e-01 -3.490535e-01  3.020002e-01  4.900361e-01
 2.312426e-01 -4.361614e-01  2.693708e-01  4.476784e-01
 2.116494e-01 -3.173617e-01  7.911568e-01  3.703509e-01
 2.429379e-01 -4.471509e-01  8.426642e-01  2.541243e-01
 2.521310e-01 -3.618464e-01  7.061089e-01  1.391043e+00
 2.732531e-01 -3.800510e-01  3.494968e-01  1.612074e+00
 2.527356e-01 -3.907722e-01  1.270954e+00  1.023763e+00
 2.698868e-01 -4.397313e-01  1.597868e+00  3.603084e-01
 2.105603e-01 -3.286640e-01  2.682613e-01  3.056968e-01
 2.220643e-01 -4.223598e-01  2.522584e-01  2.720871e-01
 2.102530e-01 -2.994609e-01  7.448940e-01  2.679656e-01
 2.261598e-01 -4.300367e-01  7.926283e-01  2.032245e-01
 5.490542e-01 -2.575188e-01  4.464056e-01  9.937708e-01
 5.523538e-01 -2.674713e-01  2.711343e-01  1.043926e+00
 6.327209e-01 -2.894794e-01  1.039353e+00  7.598314e-01
 7.367378e-01 -3.615880e-01  1.263022e+00  3.780334e-01
 5.377680e-01 -2.527868e-01  2.982605e-01  4.943774e-01
 5.807180e-01 -2.959128e-01  2.672904e-01  4.473116e-01
 5.417558e-01 -2.382662e-01  7.538239e-01  3.712521e-01
 6.244961e-01 -3.115810e-01  8.043826e-01  2.567411e-01
 7.018678e-01 -2.286307e-01  5.994904e-01  1.221856e+00
 7.062737e-01 -2.274985e-01  3.256509e-01  1.357938e+00
 7.495905e-01 -2.429202e-01  1.151563e+00  9.234853e-01
 8.347189e-01 -2.714374e-01  1.380999e+00  3.709288e-01
 6.031657e-01 -2.116261e-01  2.670787e-01  3.297702e-01
 6.555765e-01 -2.381212e-01  2.554324e-01  2.920545e-01
 5.938366e-01 -2.037956e-01  7.121375e-01  2.816324e-01
 6.890891e-01 -2.423777e-01  7.541714e-01  2.107935e-01
 4.060190e-01 -1.011256e+00  3.709644e-01 -9.805025e-01
 3.756967e-01 -9.212979e-01  2.559748e-01 -1.027722e+00
 5.144143e-01 -1.156227e+00  9.214239e-01 -7.944503e-01
 4.819828e-01 -1.114875e+00  1.136970e+00 -3.635822e-01
 4.137040e-01 -1.059080e+00  2.153668e-01 -4.681684e-01
 3.714240e-01 -9.487527e-01  2.490229e-01 -3.909837e-01
 6.434492e-01 -1.495079e+00  4.021202e-01 -3.441151e-01
 4.396365e-01 -1.086350e+00  6.867207e-01 -2.267602e-01
 2.996188e-01 -1.115961e+00  4.450751e-01 -1.161379e+00
 3.117518e-01 -1.020606e+00  2.811064e-01 -1.346564e+00
 3.104642e-01 -1.192715e+00  1.016651e+00 -9.192386e-01
 2.918689e-01 -1.185888e+00  1.224779e+00 -3.491514e-01
 2.575615e-01 -1.119523e+00  2.012451e-01 -3.667634e-01
 2.429702e-01 -9.813536e-01  2.455074e-01 -2.838966e-01
 3.277596e-01 -1.663458e+00  3.810320e-01 -3.281455e-01
 2.596349e-01 -1.136750e+00  6.815306e-01 -2.011756e-01
 9.764484e-01 -7.470214e-01  3.453524e-01 -9.389207e-01
 9.080611e-01 -6.667215e-01  2.454642e-01 -9.734012e-01
 1.124866e+00 -9.183748e-01  8.449081e-01 -7.428942e-01
 1.078207e+00 -8.329899e-01  1.062817e+00 -3.574594e-01
 9.700176e-01 -7.618238e-01  2.077038e-01 -4.376561e-01
 9.051920e-01 -6.814377e-01  2.337001e-01 -3.785846e-01
 1.268147e+00 -1.151213e+00  3.617451e-01 -3.045455e-01
 1.021381e+00 -8.100509e-01  6.179425e-01 -2.222380e-01
 1.258428e+00 -3.803744e-01  3.653696e-01 -1.039467e+00
 1.143227e+00 -3.849133e-01  2.517192e-01 -1.128130e+00
 1.434730e+00 -3.788250e-01  8.404601e-01 -7.729629e-01
 1.364964e+00 -3.802301e-01  1.072091e+00 -3.528073e-01
 1.214555e+00 -3.474179e-01  1.898516e-01 -3.761180e-01
 1.096649e+00 -3.565364e-01  2.206479e-01 -3.028297e-01
 1.639314e+00 -3.912039e-01  3.436128e-01 -2.864192e-01
 1.285315e+00 -3.597035e-01  5.751453e-01 -2.079194e-01
 2.191885e-01 -3.599096e-01  4.700243e-01 -1.033807e+00
 2.211654e-01 -3.779965e-01  2.730424e-01 -1.085140e+00
 2.456941e-01 -3.881171e-01  1.101057e+00 -7.894756e-01
 2.850801e-01 -4.863539e-01  1.370681e+00 -3.657939e-01
 2.144856e-01 -3.490535e-01  3.020002e-01 -4.900361e-01
 2.312426e-01 -4.361614e-01  2.693708e-01 -4.476784e-01
 2.116494e-01 -3.173617e-01  7.911568e-01 -3.703509e-01
 2.429379e-01 -4.471509e-01  8.426642e-01 -2.541243e-01
 2.521310e-01 -3.618464e-01  7.061089e-01 -1.391043e+00
 2.732531e-01 -3.800510e-01  3.494968e-01 -1.612074e+00
 2.527356e-01 -3.907722e-01  1.270954e+00 -1.023763e+00
 2.698868e-01 -4.397313e-01  1.597868e+00 -3.603084e-01
 2.105603e-01 -3.286640e-01  2.682613e-01 -3.056968e-01
 2.220643e-01 -4.223598e-01  2.522584e-01 -2.720871e-01
 2.102530e-01 -2.994609e-01  7.448940e-01 -2.679656e-01
 2.261598e-01 -4.300367e-01  7.926283e-01 -2.032245e-01
 5.490542e-01 -2.575188e-01  4.464056e-01 -9.937708e-01
 5.523538e-01 -2.674713e-01  2.711343e-01 -1.043926e+00
 6.327209e-01 -2.894794e-01  1.039353e+00 -7.598314e-01
 7.367378e-01 -3.615880e-01  1.263022e+00 -3.780334e-01
 5.377680e-01 -2.527868e-01  2.982605e-01 -4.943774e-01
 5.807180e-01 -2.959128e-01  2.672904e-01 -4.473116e-01
 5.417558e-01 -2.382662e-01  7.538239e-01 -3.712521e-01
 6.244961e-01 -3.115810e-01  8.043826e-01 -2.567411e-01
 7.018678e-01 -2.286307e-01  5.994904e-01 -1.221856e+00
 7.062737e-01 -2.274985e-01  3.256509e-01 -1.357938e+00
 7.495905e-01 -2.429202e-01  1.151563e+00 -9.234853e-01
 8.347189e-01 -2.714374e-01  1.380999e+00 -3.709288e-01
 6.031657e-01 -2.116261e-01  2.670787e-01 -3.297702e-01
 6.555765e-01 -2.381212e-01  2.554324e-01 -2.920545e-01
 5.938366e-01 -2.037956e-01  7.121375e-01 -2.816324e-01
 6.890891e-01 -2.423777e-01  7.541714e-01 -2.107935e-01
 4.060190e-01 -1.011256e+00 -3.709644e-01  9.805025e-01
 3.756967e-01 -9.212979e-01 -2.559748e-01  1.027722e+00
 5.144143e-01 -1.156227e+00 -9.214239e-01  7.944503e-01
 4.819828e-01 -1.114875e+00 -1.136970e+00  3.635822e-01
 4.137040e-01 -1.059080e+00 -2.153668e-01  4.681684e-01
 3.714240e-01 -9.487527e-01 -2.490229e-01  3.909837e-01
 6.434492e-01 -1.495079e+00 -4.021202e-01  3.441151e-01
 4.396365e-01 -1.086350e+00 -6.867207e-01  2.267602e-01
 2.996188e-01 -1.115961e+00 -4.450751e-01  1.161379e+00
 3.117518e-01 -1.020606e+00 -2.811064e-01  1.346564e+00
 3.104642e-01 -1.192715e+00 -1.016651e+00  9.192386e-01
 2.918689e-01 -1.185888e+00 -1.224779e+00  3.491514e-01
 2.575615e-01 -1.119523e+00 -2.012451e-01  3.667634e-01
 2.429702e-01 -9.813536e-01 -2.455074e-01  2.838966e-01
 3.277596e-01 -1.663458e+00 -3.810320e-01  3.281455e-01
 2.596349e-01 -1.136750e+00 -6.815306e-01  2.011756e-01
 9.764484e-01 -7.470214e-01 -3.453524e-01  9.389207e-01
 9.080611e-01 -6.667215e-01 -2.454642e-01  9.734012e-01
 1.124866e+00 -9.183748e-01 -8.449081e-01  7.428942e-01
 1.078207e+00 -8.329899e-01 -1.062817e+00  3.574594e-01
 9.700176e-01 -7.618238e-01 -2.077038e-01  4.376561e-01
 9.051920e-01 -6.814377e-01 -2.337001e-01  3.785846e-01
 1.268147e+00 -1.151213e+00 -3.617451e-01  3.045455e-01
 1.021381e+00 -8.100509e-01 -6.179425e-01  2.222380e-01
 1.258428e+00 -3.803744e-01 -3.653696e-01  1.039467e+00
 1.143227e+00 -3.849133e-01 -2.517192e-01  1.128130e+00
 1.434730e+00 -3.788250e-01 -8.404601e-01  7.729629e-01
 1.364964e+00 -3.802301e-01 -1.072091e+00  3.528073e-01
 1.214555e+00 -3.474179e-01 -1.898516e-01  3.761180e-01
 1.096649e+00 -3.565364e-01 -2.206479e-01  3.028297e-01
 1.639314e+00 -3.912039e-01 -3.436128e-01  2.864192e-01
 1.285315e+00 -3.597035e-01 -5.751453e-01  2.079194e-01
 2.191885e-01 -3.599096e-01 -4.700243e-01  1.033807e+00
 2.211654e-01 -3.779965e-01 -2.730424e-01  1.085140e+00
 2.456941e-01 -3.881171e-01 -1.101057e+00  7.894756e-01
 2.850801e-01 -4.863539e-01 -1.370681e+00  3.657939e-01
 2.144856e-01 -3.490535e-01 -3.020002e-01  4.900361e-01
 2.312426e-01 -4.361614e-01 -2.693708e-01  4.476784e-01
 2.116494e-01 -3.173617e-01 -7.911568e-01  3.703509e-01
 2.429379e-01 -4.471509e-01 -8.426642e-01  2.541243e-01
 2.521310e-01 -3.618464e-01 -7.061089e-01  1.391043e+00
 2.732531e-01 -3.800510e-01 -3.494968e-01  1.612074e+00
 2.527356e-01 -3.907722e-01 -1.270954e+00  1.023763e+00
 2.698868e-01 -4.397313e-01 -1.597868e+00  3.603084e-01
 2.105603e-01 -3.286640e-01 -2.682613e-01  3.056968e-01
 2.220643e-01 -4.223598e-01 -2.522584e-01  2.720871e-01
 2.102530e-01 -2.994609e-01 -7.448940e-01  2.679656e-01
 2.261598e-01 -4.300367e-01 -7.926283e-01  2.032245e-01
 5.490542e-01 -2.575188e-01 -4.464056e-01  9.937708e-01
 5.523538e-01 -2.674713e-01 -2.711343e-01  1.043926e+00
 6.327209e-01 -2.894794e-01 -1.039353e+00  7.598314e-01
 7.367378e-01 -3.615880e-01 -1.263022e+00  3.780334e-01
 5.377680e-01 -2.527868e-01 -2.982605e-01  4.943774e-01
 5.807180e-01 -2.959128e-01 -2.672904e-01  4.473116e-01
 5.417558e-01 -2.382662e-01 -7.538239e-01  3.712521e-01
 6.244961e-01 -3.115810e-01 -8.043826e-01  2.567411e-01
 7.018678e-01 -2.286307e-01 -5.994904e-01  1.221856e+00
 7.062737e-01 -2.274985e-01 -3.256509e-01  1.357938e+00
 7.495905e-01 -2.429202e-01 -1.151563e+00  9.234853e-01
 8.347189e-01 -2.714374e-01 -1.380999e+00  3.709288e-01
 6.031657e-01 -2.116261e-01 -2.670787e-01  3.297702e-01
 6.555765e-01 -2.381212e-01 -2.554324e-01  2.920545e-01
 5.938366e-01 -2.037956e-01 -7.121375e-01  2.816324e-01
 6.890891e-01 -2.423777e-01 -7.541714e-01  2.107935e-01
 4.060190e-01 -1.011256e+00 -3.709644e-01 -9.805025e-01
 3.756967e-01 -9.212979e-01 -2.559748e-01 -1.027722e+00
 5.144143e-01 -1.156227e+00 -9.214239e-01 -7.944503e-01
 4.819828e-01 -1.114875e+00 -1.136970e+00 -3.635822e-01
 4.137040e-01 -1.059080e+00 -2.153668e-01 -4.681684e-01
 3.714240e-01 -9.487527e-01 -2.490229e-01 -3.909837e-01
 6.434492e-01 -1.495079e+00 -4.021202e-01 -3.441151e-01
 4.396365e-01 -1.086350e+00 -6.867207e-01 -2.267602e-01
 2.996188e-01 -1.115961e+00 -4.450751e-01 -1.161379e+00
 3.117518e-01 -1.020606e+00 -2.811064e-01 -1.346564e+00
 3.104642e-01 -1.192715e+00 -1.016651e+00 -9.192386e-01
 2.918689e-01 -1.185888e+00 -1.224779e+00 -3.491514e-01
 2.575615e-01 -1.119523e+00 -2.012451e-01 -3.667634e-01
 2.429702e-01 -9.813536e-01 -2.455074e-01 -2.838966e-01
 3.277596e-01 -1.663458e+00 -3.810320e-01 -3.281455e-01
 2.596349e-01 -1.136750e+00 -6.815306e-01 -2.011756e-01
 9.764484e-01 -7.470214e-01 -3.453524e-01 -9.389207e-01
 9.080611e-01 -6.667215e-01 -2.454642e-01 -9.734012e-01
 1.124866e+00 -9.183748e-01 -8.449081e-01 -7.428942e-01
 1.078207e+00 -8.329899e-01 -1.062817e+00 -3.574594e-01
 9.700176e-01 -7.618238e-01 -2.077038e-01 -4.376561e-01
 9.051920e-01 -6.814377e-01 -2.337001e-01 -3.785846e-01
 1.268147e+00 -1.151213e+00 -3.617451e-01 -3.045455e-01
 1.021381e+00 -8.100509e-01 -6.179425e-01 -2.222380e-01
 1.258428e+00 -3.803744e-01 -3.653696e-01 -1.039467e+00
 1.143227e+00 -3.849133e-01 -2.517192e-01 -1.128130e+00
 1.434730e+00 -3.788250e-01 -8.404601e-01 -7.729629e-01
 1.364964e+00 -3.802301e-01 -1.072091e+00 -3.528073e-01
 1.214555e+00 -3.474179e-01 -1.898516e-01 -3.761180e-01
 1.096649e+00 -3.565364e-01 -2.206479e-01 -3.028297e-01
 1.639314e+00 -3.912039e-01 -3.436128e-01 -2.864192e-01
 1.285315e+00 -3.597035e-01 -5.751453e-01 -2.079194e-01
 2.191885e-01 -3.599096e-01 -4.700243e-01 -1.033807e+00
 2.211654e-01 -3.779965e-01 -2.730424e-01 -1.085140e+00
 2.456941e-01 -3.881171e-01 -1.101057e+00 -7.894756e-01
 2.850801e-01 -4.863539e-01 -1.370681e+00 -3.657939e-01
 2.144856e-01 -3.490535e-01 -3.020002e-01 -4.900361e-01
 2.312426e-01 -4.361614e-01 -2.693708e-01 -4.476784e-01
 2.116494e-01 -3.173617e-01 -7.911568e-01 -3.703509e-01
 2.429379e-01 -4.471509e-01 -8.426642e-01 -2.541243e-01
 2.521310e-01 -3.618464e-01 -7.061089e-01 -1.391043e+00
 2.732531e-01 -3.800510e-01 -3.494968e-01 -1.612074e+00
 2.527356e-01 -3.907722e-01 -1.270954e+00 -1.023763e+00
 2.698868e-01 -4.397313e-01 -1.597868e+00 -3.603084e-01
 2.105603e-01 -3.286640e-01 -2.682613e-01 -3.056968e-01
 2.220643e-01 -4.223598e-01 -2.522584e-01 -2.720871e-01
 2.102530e-01 -2.994609e-01 -7.448940e-01 -2.679656e-01
 2.261598e-01 -4.300367e-01 -7.926283e-01 -2.032245e-01
 5.490542e-01 -2.575188e-01 -4.464056e-01 -9.937708e-01
 5.523538e-01 -2.674713e-01 -2.711343e-01 -1.043926e+00
 6.327209e-01 -2.894794e-01 -1.039353e+00 -7.598314e-01
 7.367378e-01 -3.615880e-01 -1.263022e+00 -3.780334e-01
 5.377680e-01 -2.527868e-01 -2.982605e-01 -4.943774e-01
 5.807180e-01 -2.959128e-01 -2.672904e-01 -4.473116e-01
 5.417558e-01 -2.382662e-01 -7.538239e-01 -3.712521e-01
 6.244961e-01 -3.115810e-01 -8.043826e-01 -2.567411e-01
 7.018678e-01 -2.286307e-01 -5.994904e-01 -1.221856e+00
 7.062737e-01 -2.274985e-01 -3.256509e-01 -1.357938e+00
 7.495905e-01 -2.429202e-01 -1.151563e+00 -9.234853e-01
 8.347189e-01 -2.714374e-01 -1.380999e+00 -3.709288e-01
 6.031657e-01 -2.116261e-01 -2.670787e-01 -3.297702e-01
 6.555765e-01 -2.381212e-01 -2.554324e-01 -2.920545e-01
 5.938366e-01 -2.037956e-01 -7.121375e-01 -2.816324e-01
 6.890891e-01 -2.423777e-01 -7.541714e-01 -2.107935e-01
-4.060190e-01  1.011256e+00  3.709644e-01  9.805025e-01
-3.756967e-01  9.212979e-01  2.559748e-01  1.027722e+00
-5.144143e-01  1.156227e+00  9.214239e-01  7.944503e-01
-4.819828e-01  1.114875e+00  1.136970e+00  3.635822e-01
-4.137040e-01  1.059080e+00  2.153668e-01  4.681684e-01
-3.714240e-01  9.487527e-01  2.490229e-01  3.909837e-01
-6.434492e-01  1.495079e+00  4.021202e-01  3.441151e-01
-4.396365e-01  1.086350e+00  6.867207e-01  2.267602e-01
-2.996188e-01  1.115961e+00  4.450751e-01  1.161379e+00
-3.117518e-01  1.020606e+00  2.811064e-01  1.346564e+00
-3.104642e-01  1.192715e+00  1.016651e+00  9.192386e-01
-2.918689e-01  1.185888e+00  1.224779e+00  3.491514e-01
-2.575615e-01  1.119523e+00  2.012451e-01  3.667634e-01
-2.429702e-01  9.813536e-01  2.455074e-01  2.838966e-01
-3.277596e-01  1.663458e+00  3.810320e-01  3.281455e-01
-2.596349e-01  1.136750e+00  6.815306e-01  2.011756e-01
-9.764484e-01  7.470214e-01  3.453524e-01  9.389207e-01
-9.080611e-01  6.667215e-01  2.454642e-01  9.734012e-01
-1.124866e+00  9.183748e-01  8.449081e-01  7.428942e-01
-1.078207e+00  8.329899e-01  1.062817e+00  3.574594e-01
-9.700176e-01  7.618238e-01  2.077038e-01  4.376561e-01
-9.051920e-01  6.814377e-01  2.337001e-01  3.785846e-01
-1.268147e+00  1.151213e+00  3.617451e-01  3.045455e-01
-1.021381e+00  8.100509e-01  6.179425e-01  2.222380e-01
-1.258428e+00  3.803744e-01  3.653696e-01  1.039467e+00
-1.143227e+00  3.849133e-01  2.517192e-01  1.128130e+00
-1.434730e+00  3.788250e-01  8.404601e-01  7.729629e-01
-1.364964e+00  3.802301e-01  1.072091e+00  3.528073e-01
-1.214555e+00  3.474179e-01  1.898516e-01  3.761180e-01
-1.096649e+00  3.565364e-01  2.206479e-01  3.028297e-01
-1.639314e+00  3.912039e-01  3.436128e-01  2.864192e-01
-1.285315e+00  3.597035e-01  5.751453e-01  2.079194e-01
-2.191885e-01  3.599096e-01  4.700243e-01  1.033807e+00
-2.211654e-01  3.779965e-01  2.730424e-01  1.085140e+00
-2.456941e-01  3.881171e-01  1.101057e+00  7.894756e-01
-2.850801e-01  4.863539e-01  1.370681e+00  3.657939e-01
-2.144856e-01  3.490535e-01  3.020002e-01  4.900361e-01
-2.312426e-01  4.361614e-01  2.693708e-01  4.476784e-01
-2.116494e-01  3.173617e-01  7.911568e-01  3.703509e-01
-2.429379e-01  4.471509e-01  8.426642e-01  2.541243e-01
-2.521310e-01  3.618464e-01  7.061089e-01  1.391043e+00
-2.732531e-01  3.800510e-01  3.494968e-01  1.612074e+00
-2.527356e-01  3.907722e-01  1.270954e+00  1.023763e+00
-2.698868e-01  4.397313e-01  1.597868e+00  3.603084e-01
-2.105603e-01  3.286640e-01  2.682613e-01  3.056968e-01
-2.220643e-01  4.223598e-01  2.522584e-01  2.720871e-01
-2.102530e-01  2.994609e-01  7.448940e-01  2.679656e-01
-2.261598e-01  4.300367e-01  7.926283e-01  2.032245e-01
-5.490542e-01  2.575188e-01  4.464056e-01  9.937708e-01
-5.523538e-01  2.674713e-01  2.711343e-01  1.043926e+00
-6.327209e-01  2.894794e-01  1.039353e+00  7.598314e-01
-7.367378e-01  3.615880e-01  1.263022e+00  3.780334e-01
-5.377680e-01  2.527868e-01  2.982605e-01  4.943774e-01
-5.807180e-01  2.959128e-01  2.672904e-01  4.473116e-01
-5.417558e-01  2.382662e-01  7.538239e-01  3.712521e-01
-6.244961e-01  3.115810e-01  8.043826e-01  2.567411e-01
-7.018678e-01  2.286307e-01  5.994904e-01  1.221856e+00
-7.062737e-01  2.274985e-01  3.256509e-01  1.357938e+00
-7.495905e-01  2.429202e-01  1.151563e+00  9.234853e-01
-8.347189e-01  2.714374e-01  1.380999e+00  3.709288e-01
-6.031657e-01  2.116261e-01  2.670787e-01  3.297702e-01
-6.555765e-01  2.381212e-01  2.554324e-01  2.920545e-01
-5.938366e-01  2.037956e-01  7.121375e-01  2.816324e-01
-6.890891e-01  2.423777e-01  7.541714e-01  2.107935e-01
-4.060190e-01  1.011256e+00  3.709644e-01 -9.805025e-01
-3.756967e-01  9.212979e-01  2.559748e-01 -1.027722e+00
-5.144143e-01  1.156227e+00  9.214239e-01 -7.944503e-01
-4.819828e-01  1.114875e+00  1.136970e+00 -3.635822e-01
-4.137040e-01  1.059080e+00  2.153668e-01 -4.681684e-01
-3.714240e-01  9.487527e-01  2.490229e-01 -3.909837e-01
-6.434492e-01  1.495079e+00  4.021202e-01 -3.441151e-01
-4.396365e-01  1.086350e+00  6.867207e-01 -2.267602e-01
-2.996188e-01  1.115961e+00  4.450751e-01 -1.161379e+00
-3.117518e-01  1.020606e+00  2.811064e-01 -1.346564e+00
-3.104642e-01  1.192715e+00  1.016651e+00 -9.192386e-01
-2.918689e-01  1.185888e+00  1.224779e+00 -3.491514e-01
-2.575615e-01  1.119523e+00  2.012451e-01 -3.667634e-01
-2.429702e-01  9.813536e-01  2.455074e-01 -2.838966e-01
-3.277596e-01  1.663458e+00  3.810320e-01 -3.281455e-01
-2.596349e-01  1.136750e+00  6.815306e-01 -2.011756e-01
-9.764484e-01  7.470214e-01  3.453524e-01 -9.389207e-01
-9.080611e-01  6.667215e-01  2.454642e-01 -9.734012e-01
-1.124866e+00  9.183748e-01  8.449081e-01 -7.428942e-01
-1.078207e+00  8.329899e-01  1.062817e+00 -3.574594e-01
-9.700176e-01  7.618238e-01  2.077038e-01 -4.376561e-01
-9.051920e-01  6.814377e-01  2.337001e-01 -3.785846e-01
-1.268147e+00  1.151213e+00  3.617451e-01 -3.045455e-01
-1.021381e+00  8.100509e-01  6.179425e-01 -2.222380e-01
-1.258428e+00  3.803744e-01  3.653696e-01 -1.039467e+00
-1.143227e+00  3.849133e-01  2.517192e-01 -1.128130e+00
-1.434730e+00  3.788250e-01  8.404601e-01 -7.729629e-01
-1.364964e+00  3.802301e-01  1.072091e+00 -3.528073e-01
-1.214555e+00  3.474179e-01  1.898516e-01 -3.761180e-01
-1.096649e+00  3.565364e-01  2.206479e-01 -3.028297e-01
-1.639314e+00  3.912039e-01  3.436128e-01 -2.864192e-01
-1.285315e+00  3.597035e-01  5.751453e-01 -2.079194e-01
-2.191885e-01  3.599096e-01  4.700243e-01 -1.033807e+00
-2.211654e-01  3.779965e-01  2.730424e-01 -1.085140e+00
-2.456941e-01  3.881171e-01  1.101057e+00 -7.894756e-01
-2.850801e-01  4.863539e-01  1.370681e+00 -3.657939e-01
-2.144856e-01  3.490535e-01  3.020002e-01 -4.900361e-01
-2.312426e-01  4.361614e-01  2.693708e-01 -4.476784e-01
-2.116494e-01  3.173617e-01  7.911568e-01 -3.703509e-01
-2.429379e-01  4.471509e-01  8.426642e-01 -2.541243e-01
-2.521310e-01  3.618464e-01  7.061089e-01 -1.391043e+00
-2.732531e-01  3.800510e-01  3.494968e-01 -1.612074e+00
-2.527356e-01  3.907722e-01  1.270954e+00 -1.023763e+00
-2.698868e-01  4.397313e-01  1.597868e+00 -3.603084e-01
-2.105603e-01  3.286640e-01  2.682613e-01 -3.056968e-01
-2.220643e-01  4.223598e-01  2.522584e-01 -2.720871e-01
-2.102530e-01  2.994609e-01  7.448940e-01 -2.679656e-01
-2.261598e-01  4.300367e-01  7.926283e-01 -2.032245e-01
-5.490542e-01  2.575188e-01  4.464056e-01 -9.937708e-01
-5.523538e-01  2.674713e-01  2.711343e-01 -1.043926e+00
-6.327209e-01  2.894794e-01  1.039353e+00 -7.598314e-01
-7.367378e-01  3.615880e-01  1.263022e+00 -3.780334e-01
-5.377680e-01  2.527868e-01  2.982605e-01 -4.943774e-01
-5.807180e-01  2.959128e-01  2.672904e-01 -4.473116e-01
-5.417558e-01  2.382662e-01  7.538239e-01 -3.712521e-01
-6.244961e-01  3.115810e-01  8.043826e-01 -2.567411e-01
-7.018678e-01  2.286307e-01  5.994904e-01 -1.221856e+00
-7.062737e-01  2.274985e-01  3.256509e-01 -1.357938e+00
-7.495905e-01  2.429202e-01  1.151563e+00 -9.234853e-01
-8.347189e-01  2.714374e-01  1.380999e+00 -3.709288e-01
-6.031657e-01  2.116261e-01  2.670787e-01 -3.297702e-01
-6.555765e-01  2.381212e-01  2.554324e-01 -2.920545e-01
-5.938366e-01  2.037956e-01  7.121375e-01 -2.816324e-01
-6.890891e-01  2.423777e-01  7.541714e-01 -2.107935e-01
-4.060190e-01  1.011256e+00 -3.709644e-01  9.805025e-01
-3.756967e-01  9.212979e-01 -2.559748e-01  1.027722e+00
-5.144143e-01  1.156227e+00 -9.214239e-01  7.944503e-01
-4.819828e-01  1.114875e+00 -1.136970e+00  3.635822e-01
-4.137040e-01  1.059080e+00 -2.153668e-01  4.681684e-01
-3.714240e-01  9.487527e-01 -2.490229e-01  3.909837e-01
-6.434492e-01  1.495079e+00 -4.021202e-01  3.441151e-01
-4.396365e-01  1.086350e+00 -6.867207e-01  2.267602e-01
-2.996188e-01  1.115961e+00 -4.450751e-01  1.161379e+00
-3.117518e-01  1.020606e+00 -2.811064e-01  1.346564e+00
-3.104642e-01  1.192715e+00 -1.016651e+00  9.192386e-01
-2.918689e-01  1.185888e+00 -1.224779e+00  3.491514e-01
-2.575615e-01  1.119523e+00 -2.012451e-01  3.667634e-01
-2.429702e-01  9.813536e-01 -2.455074e-01  2.838966e-01
-3.277596e-01  1.663458e+00 -3.810320e-01  3.281455e-01
-2.596349e-01  1.136750e+00 -6.815306e-01  2.011756e-01
-9.764484e-01  7.470214e-01 -3.453524e-01  9.389207e-01
-9.080611e-01  6.667215e-01 -2.454642e-01  9.734012e-01
-1.124866e+00  9.183748e-01 -8.449081e-01  7.428942e-01
-1.078207e+00  8.329899e-01 -1.062817e+00  3.574594e-01
-9.700176e-01  7.618238e-01 -2.077038e-01  4.376561e-01
-9.051920e-01  6.814377e-01 -2.337001e-01  3.785846e-01
-1.268147e+00  1.151213e+00 -3.617451e-01  3.045455e-01
-1.021381e+00  8.100509e-01 -6.179425e-01  2.222380e-01
-1.258428e+00  3.803744e-01 -3.653696e-01  1.039467e+00
-1.143227e+00  3.849133e-01 -2.517192e-01  1.128130e+00
-1.434730e+00  3.788250e-01 -8.404601e-01  7.729629e-01
-1.364964e+00  3.802301e-01 -1.072091e+00  3.528073e-01
-1.214555e+00  3.474179e-01 -1.898516e-01  3.761180e-01
-1.096649e+00  3.565364e-01 -2.206479e-01  3.028297e-01
-1.639314e+00  3.912039e-01 -3.436128e-01  2.864192e-01
-1.285315e+00  3.597035e-01 -5.751453e-01  2.079194e-01
-2.191885e-01  3.599096e-01 -4.700243e-01  1.033807e+00
-2.211654e-01  3.779965e-01 -2.730424e-01  1.085140e+00
-2.456941e-01  3.881171e-01 -1.101057e+00  7.894756e-01
-2.850801e-01  4.863539e-01 -1.370681e+00  3.657939e-01
-2.144856e-01  3.490535e-01 -3.020002e-01  4.900361e-01
-2.312426e-01  4.361614e-01 -2.693708e-01  4.476784e-01
-2.116494e-01  3.173617e-01 -7.911568e-01  3.703509e-01
-2.429379e-01  4.471509e-01 -8.426642e-01  2.541243e-01
-2.521310e-01  3.618464e-01 -7.061089e-01  1.391043e+00
-2.732531e-01  3.800510e-01 -3.494968e-01  1.612074e+00
-2.527356e-01  3.907722e-01 -1.270954e+00  1.023763e+00
-2.698868e-01  4.397313e-01 -1.597868e+00  3.603084e-01
-2.105603e-01  3.286640e-01 -2.682613e-01  3.056968e-01
-2.220643e-01  4.223598e-01 -2.522584e-01  2.720871e-01
-2.102530e-01  2.994609e-01 -7.448940e-01  2.679656e-01
-2.261598e-01  4.300367e-01 -7.926283e-01  2.032245e-01
-5.490542e-01  2.575188e-01 -4.464056e-01  9.937708e-01
-5.523538e-01  2.674713e-01 -2.711343e-01  1.043926e+00
-6.327209e-01  2.894794e-01 -1.039353e+00  7.598314e-01
-7.367378e-01  3.615880e-01 -1.263022e+00  3.780334e-01
-5.377680e-01  2.527868e-01 -2.982605e-01  4.943774e-01
-5.807180e-01  2.959128e-01 -2.672904e-01  4.473116e-01
-5.417558e-01  2.382662e-01 -7.538239e-01  3.712521e-01
-6.244961e-01  3.115810e-01 -8.043826e-01  2.567411e-01
-7.018678e-01  2.286307e-01 -5.994904e-01  1.221856e+00
-7.062737e-01  2.274985e-01 -3.256509e-01  1.357938e+00
-7.495905e-01  2.429202e-01 -1.151563e+00  9.234853e-01
-8.347189e-01  2.714374e-01 -1.380999e+00  3.709288e-01
-6.031657e-01  2.116261e-01 -2.670787e-01  3.297702e-01
-6.555765e-01  2.381212e-01 -2.554324e-01  2.920545e-01
-5.938366e-01  2.037956e-01 -7.121375e-01  2.816324e-01
-6.890891e-01  2.423777e-01 -7.541714e-01  2.107935e-01
-4.060190e-01  1.011256e+00 -3.709644e-01 -9.805025e-01
-3.756967e-01  9.212979e-01 -2.559748e-01 -1.027722e+00
-5.144143e-01  1.156227e+00 -9.214239e-01 -7.944503e-01
-4.819828e-01  1.114875e+00 -1.136970e+00 -3.635822e-01
-4.137040e-01  1.059080e+00 -2.153668e-01 -4.681684e-01
-3.714240e-01  9.487527e-01 -2.490229e-01 -3.909837e-01
-6.434492e-01  1.495079e+00 -4.021202e-01 -3.441151e-01
-4.396365e-01  1.086350e+00 -6.867207e-01 -2.267602e-01
-2.996188e-01  1.115961e+00 -4.450751e-01 -1.161379e+00
-3.117518e-01  1.020606e+00 -2.811064e-01 -1.346564e+00
-3.104642e-01  1.192715e+00 -1.016651e+00 -9.192386e-01
-2.918689e-01  1.185888e+00 -1.224779e+00 -3.491514e-01
-2.575615e-01  1.119523e+00 -2.012451e-01 -3.667634e-01
-2.429702e-01  9.813536e-01 -2.455074e-01 -2.838966e-01
-3.277596e-01  1.663458e+00 -3.810320e-01 -3.281455e-01
-2.596349e-01  1.136750e+00 -6.815306e-01 -2.011756e-01
-9.764484e-01  7.470214e-01 -3.453524e-01 -9.389207e-01
-9.080611e-01  6.667215e-01 -2.454642e-01 -9.734012e-01
-1.124866e+00  9.183748e-01 -8.449081e-01 -7.428942e-01
-1.078207e+00  8.329899e-01 -1.062817e+00 -3.574594e-01
-9.700176e-01  7.618238e-01 -2.077038e-01 -4.376561e-01
-9.051920e-01  6.814377e-01 -2.337001e-01 -3.785846e-01
-1.268147e+00  1.151213e+00 -3.617451e-01 -3.045455e-01
-1.021381e+00  8.100509e-01 -6.179425e-01 -2.222380e-01
-1.258428e+00  3.803744e-01 -3.653696e-01 -1.039467e+00
-1.143227e+00  3.849133e-01 -2.517192e-01 -1.128130e+00
-1.434730e+00  3.788250e-01 -8.404601e-01 -7.729629e-01
-1.364964e+00  3.802301e-01 -1.072091e+00 -3.528073e-01
-1.214555e+00  3.474179e-01 -1.898516e-01 -3.761180e-01
-1.096649e+00  3.565364e-01 -2.206479e-01 -3.028297e-01
-1.639314e+00  3.912039e-01 -3.436128e-01 -2.864192e-01
-1.285315e+00  3.597035e-01 -5.751453e-01 -2.079194e-01
-2.191885e-01  3.599096e-01 -4.700243e-01 -1.033807e+00
-2.211654e-01  3.779965e-01 -2.730424e-01 -1.085140e+00
-2.456941e-01  3.881171e-01 -1.101057e+00 -7.894756e-01
-2.850801e-01  4.863539e-01 -1.370681e+00 -3.657939e-01
-2.144856e-01  3.490535e-01 -3.020002e-01 -4.900361e-01
-2.312426e-01  4.361614e-01 -2.693708e-01 -4.476784e-01
-2.116494e-01  3.173617e-01 -7.911568e-01 -3.703509e-01
-2.429379e-01  4.471509e-01 -8.426642e-01 -2.541243e-01
-2.521310e-01  3.618464e-01 -7.061089e-01 -1.391043e+00
-2.732531e-01  3.800510e-01 -3.494968e-01 -1.612074e+00
-2.527356e-01  3.907722e-01 -1.270954e+00 -1.023763e+00
-2.698868e-01  4.397313e-01 -1.597868e+00 -3.603084e-01
-2.105603e-01  3.286640e-01 -2.682613e-01 -3.056968e-01
-2.220643e-01  4.223598e-01 -2.522584e-01 -2.720871e-01
-2.102530e-01  2.994609e-01 -7.448940e-01 -2.679656e-01
-2.261598e-01  4.300367e-01 -7.926283e-01 -2.032245e-01
-5.490542e-01  2.575188e-01 -4.464056e-01 -9.937708e-01
-5.523538e-01  2.674713e-01 -2.711343e-01 -1.043926e+00
-6.327209e-01  2.894794e-01 -1.039353e+00 -7.598314e-01
-7.367378e-01  3.615880e-01 -1.263022e+00 -3.780334e-01
-5.377680e-01  2.527868e-01 -2.982605e-01 -4.943774e-01
-5.807180e-01  2.959128e-01 -2.672904e-01 -4.473116e-01
-5.417558e-01  2.382662e-01 -7.538239e-01 -3.712521e-01
-6.244961e-01  3.115810e-01 -8.043826e-01 -2.567411e-01
-7.018678e-01  2.286307e-01 -5.994904e-01 -1.221856e+00
-7.062737e-01  2.274985e-01 -3.256509e-01 -1.357938e+00
-7.495905e-01  2.429202e-01 -1.151563e+00 -9.234853e-01
-8.347189e-01  2.714374e-01 -1.380999e+00 -3.709288e-01
-6.031657e-01  2.116261e-01 -2.670787e-01 -3.297702e-01
-6.555765e-01  2.381212e-01 -2.554324e-01 -2.920545e-01
-5.938366e-01  2.037956e-01 -7.121375e-01 -2.816324e-01
-6.890891e-01  2.423777e-01 -7.541714e-01 -2.107935e-01
-4.060190e-01 -1.011256e+00  3.709644e-01  9.805025e-01
-3.756967e-01 -9.212979e-01  2.559748e-01  1.027722e+00
-5.144143e-01 -1.156227e+00  9.214239e-01  7.944503e-01
-4.819828e-01 -1.114875e+00  1.136970e+00  3.635822e-01
-4.137040e-01 -1.059080e+00  2.153668e-01  4.681684e-01
-3.714240e-01 -9.487527e-01  2.490229e-01  3.909837e-01
-6.434492e-01 -1.495079e+00  4.021202e-01  3.441151e-01
-4.396365e-01 -1.086350e+00  6.867207e-01  2.267602e-01
-2.996188e-01 -1.115961e+00  4.450751e-01  1.161379e+00
-3.117518e-01 -1.020606e+00  2.811064e-01  1.346564e+00
-3.104642e-01 -1.192715e+00  1.016651e+00  9.192386e-01
-2.918689e-01 -1.185888e+00  1.224779e+00  3.491514e-01
-2.575615e-01 -1.119523e+00  2.012451e-01  3.667634e-01
-2.429702e-01 -9.813536e-01  2.455074e-01  2.838966e-01
-3.277596e-01 -1.663458e+00  3.810320e-01  3.281455e-01
-2.596349e-01 -1.136750e+00  6.815306e-01  2.011756e-01
-9.764484e-01 -7.470214e-01  3.453524e-01  9.389207e-01
-9.080611e-01 -6.667215e-01  2.454642e-01  9.734012e-01
-1.124866e+00 -9.183748e-01  8.449081e-01  7.428942e-01
-1.078207e+00 -8.329899e-01  1.062817e+00  3.574594e-01
-9.700176e-01 -7.618238e-01  2.077038e-01  4.376561e-01
-9.051920e-01 -6.814377e-01  2.337001e-01  3.785846e-01
-1.268147e+00 -1.151213e+00  3.617451e-01  3.045455e-01
-1.021381e+00 -8.100509e-01  6.179425e-01  2.222380e-01
-1.258428e+00 -3.803744e-01  3.653696e-01  1.039467e+00
-1.143227e+00 -3.849133e-01  2.517192e-01  1.128130e+00
-1.434730e+00 -3.788250e-01  8.404601e-01  7.729629e-01
-1.364964e+00 -3.802301e-01  1.072091e+00  3.528073e-01
-1.214555e+00 -3.474179e-01  1.898516e-01  3.761180e-01
-1.096649e+00 -3.565364e-01  2.206479e-01  3.028297e-01
-1.639314e+00 -3.912039e-01  3.436128e-01  2.864192e-01
-1.285315e+00 -3.597035e-01  5.751453e-01  2.079194e-01
-2.191885e-01 -3.599096e-01  4.700243e-01  1.033807e+00
-2.211654e-01 -3.779965e-01  2.730424e-01  1.085140e+00
-2.456941e-01 -3.881171e-01  1.101057e+00  7.894756e-01
-2.850801e-01 -4.863539e-01  1.370681e+00  3.657939e-01
-2.144856e-01 -3.490535e-01  3.020002e-01  4.900361e-01
-2.312426e-01 -4.361614e-01  2.693708e-01  4.476784e-01
-2.116494e-01 -3.173617e-01  7.911568e-01  3.703509e-01
-2.429379e-01 -4.471509e-01  8.426642e-01  2.541243e-01
-2.521310e-01 -3.618464e-01  7.061089e-01  1.391043e+00
-2.732531e-01 -3.800510e-01  3.494968e-01  1.612074e+00
-2.527356e-01 -3.907722e-01  1.270954e+00  1.023763e+00
-2.698868e-01 -4.397313e-01  1.597868e+00  3.603084e-01
-2.105603e-01 -3.286640e-01  2.682613e-01  3.056968e-01
-2.220643e-01 -4.223598e-01  2.522584e-01  2.720871e-01
-2.102530e-01 -2.994609e-01  7.448940e-01  2.679656e-01
-2.261598e-01 -4.300367e-01  7.926283e-01  2.032245e-01
-5.490542e-01 -2.575188e-01  4.464056e-01  9.937708e-01
-5.523538e-01 -2.674713e-01  2.711343e-01  1.043926e+00
-6.327209e-01 -2.894794e-01  1.039353e+00  7.598314e-01
-7.367378e-01 -3.615880e-01  1.263022e+00  3.780334e-01
-5.377680e-01 -2.527868e-01  2.982605e-01  4.943774e-01
-5.807180e-01 -2.959128e-01  2.672904e-01  4.473116e-01
-5.417558e-01 -2.382662e-01  7.538239e-01  3.712521e-01
-6.244961e-01 -3.115810e-01  8.043826e-01  2.567411e-01
-7.018678e-01 -2.286307e-01  5.994904e-01  1.221856e+00
-7.062737e-01 -2.274985e-01  3.256509e-01  1.357938e+00
-7.495905e-01 -2.429202e-01  1.151563e+00  9.234853e-01
-8.347189e-01 -2.714374e-01  1.380999e+00  3.709288e-01
-6.031657e-01 -2.116261e-01  2.670787e-01  3.297702e-01
-6.555765e-01 -2.381212e-01  2.554324e-01  2.920545e-01
-5.938366e-01 -2.037956e-01  7.121375e-01  2.816324e-01
-6.890891e-01 -2.423777e-01  7.541714e-01  2.107935e-01
-4.060190e-01 -1.011256e+00  3.709644e-01 -9.805025e-01
-3.756967e-01 -9.212979e-01  2.559748e-01 -1.027722e+00
-5.144143e-01 -1.156227e+00  9.214239e-01 -7.944503e-01
-4.819828e-01 -1.114875e+00  1.136970e+00 -3.635822e-01
-4.137040e-01 -1.059080e+00  2.153668e-01 -4.681684e-01
-3.714240e-01 -9.487527e-01  2.490229e-01 -3.909837e-01
-6.434492e-01 -1.495079e+00  4.021202e-01 -3.441151e-01
-4.396365e-01 -1.086350e+00  6.867207e-01 -2.267602e-01
-2.996188e-01 -1.115961e+00  4.450751e-01 -1.161379e+00
-3.117518e-01 -1.020606e+00  2.811064e-01 -1.346564e+00
-3.104642e-01 -1.192715e+00  1.016651e+00 -9.192386e-01
-2.918689e-01 -1.185888e+00  1.224779e+00 -3.491514e-01
-2.575615e-01 -1.119523e+00  2.012451e-01 -3.667634e-01
-2.429702e-01 -9.813536e-01  2.455074e-01 -2.838966e-01
-3.277596e-01 -1.663458e+00  3.810320e-01 -3.281455e-01
-2.596349e-01 -1.136750e+00  6.815306e-01 -2.011756e-01
-9.764484e-01 -7.470214e-01  3.453524e-01 -9.389207e-01
-9.080611e-01 -6.667215e-01  2.454642e-01 -9.734012e-01
-1.124866e+00 -9.183748e-01  8.449081e-01 -7.428942e-01
-1.078207e+00 -8.329899e-01  1.062817e+00 -3.574594e-01
-9.700176e-01 -7.618238e-01  2.077038e-01 -4.376561e-01
-9.051920e-01 -6.814377e-01  2.337001e-01 -3.785846e-01
-1.268147e+00 -1.151213e+00  3.617451e-01 -3.045455e-01
-1.021381e+00 -8.100509e-01  6.179425e-01 -2.222380e-01
-1.258428e+00 -3.803744e-01  3.653696e-01 -1.039467e+00
-1.143227e+00 -3.849133e-01  2.517192e-01 -1.128130e+00
-1.434730e+00 -3.788250e-01  8.404601e-01 -7.729629e-01
-1.364964e+00 -3.802301e-01  1.072091e+00 -3.528073e-01
-1.214555e+00 -3.474179e-01  1.898516e-01 -3.761180e-01
-1.096649e+00 -3.565364e-01  2.206479e-01 -3.028297e-01
-1.639314e+00 -3.912039e-01  3.436128e-01 -2.864192e-01
-1.285315e+00 -3.597035e-01  5.751453e-01 -2.079194e-01
-2.191885e-01 -3.599096e-01  4.700243e-01 -1.033807e+00
-2.211654e-01 -3.779965e-01  2.730424e-01 -1.085140e+00
-2.456941e-01 -3.881171e-01  1.101057e+00 -7.894756e-01
-2.850801e-01 -4.863539e-01  1.370681e+00 -3.657939e-01
-2.144856e-01 -3.490535e-01  3.020002e-01 -4.900361e-01
-2.312426e-01 -4.361614e-01  2.693708e-01 -4.476784e-01
-2.116494e-01 -3.173617e-01  7.911568e-01 -3.703509e-01
-2.429379e-01 -4.471509e-01  8.426642e-01 -2.541243e-01
-2.521310e-01 -3.618464e-01  7.061089e-01 -1.391043e+00
-2.732531e-01 -3.800510e-01  3.494968e-01 -1.612074e+00
-2.527356e-01 -3.907722e-01  1.270954e+00 -1.023763e+00
-2.698868e-01 -4.397313e-01  1.597868e+00 -3.603084e-01
-2.105603e-01 -3.286640e-01  2.682613e-01 -3.056968e-01
-2.220643e-01 -4.223598e-01  2.522584e-01 -2.720871e-01
-2.102530e-01 -2.994609e-01  7.448940e-01 -2.679656e-01
-2.261598e-01 -4.300367e-01  7.926283e-01 -2.032245e-01
-5.490542e-01 -2.575188e-01  4.464056e-01 -9.937708e-01
-5.523538e-01 -2.674713e-01  2.711343e-01 -1.043926e+00
-6.327209e-01 -2.894794e-01  1.039353e+00 -7.598314e-01
-7.367378e-01 -3.615880e-01  1.263022e+00 -3.780334e-01
-5.377680e-01 -2.527868e-01  2.982605e-01 -4.943774e-01
-5.807180e-01 -2.959128e-01  2.672904e-01 -4.473116e-01
-5.417558e-01 -2.382662e-01  7.538239e-01 -3.712521e-01
-6.244961e-01 -3.115810e-01  8.043826e-01 -2.567411e-01
-7.018678e-01 -2.286307e-01  5.994904e-01 -1.221856e+00
-7.062737e-01 -2.274985e-01  3.256509e-01 -1.357938e+00
-7.495905e-01 -2.429202e-01  1.151563e+00 -9.234853e-01
-8.347189e-01 -2.714374e-01  1.380999e+00 -3.709288e-01
-6.031657e-01 -2.116261e-01  2.670787e-01 -3.297702e-01
-6.555765e-01 -2.381212e-01  2.554324e-01 -2.920545e-01
-5.938366e-01 -2.037956e-01  7.121375e-01 -2.816324e-01
-6.890891e-01 -2.423777e-01  7.541714e-01 -2.107935e-01
-4.060190e-01 -1.011256e+00 -3.709644e-01  9.805025e-01
-3.756967e-01 -9.212979e-01 -2.559748e-01  1.027722e+00
-5.144143e-01 -1.156227e+00 -9.214239e-01  7.944503e-01
-4.819828e-01 -1.114875e+00 -1.136970e+00  3.635822e-01
-4.137040e-01 -1.059080e+00 -2.153668e-01  4.681684e-01
-3.714240e-01 -9.487527e-01 -2.490229e-01  3.909837e-01
-6.434492e-01 -1.495079e+00 -4.021202e-01  3.441151e-01
-4.396365e-01 -1.086350e+00 -6.867207e-01  2.267602e-01
-2.996188e-01 -1.115961e+00 -4.450751e-01  1.161379e+00
-3.117518e-01 -1.020606e+00 -2.811064e-01  1.346564e+00
-3.104642e-01 -1.192715e+00 -1.016651e+00  9.192386e-01
-2.918689e-01 -1.185888e+00 -1.224779e+00  3.491514e-01
-2.575615e-01 -1.119523e+00 -2.012451e-01  3.667634e-01
-2.429702e-01 -9.813536e-01 -2.455074e-01  2.838966e-01
-3.277596e-01 -1.663458e+00 -3.810320e-01  3.281455e-01
-2.596349e-01 -1.136750e+00 -6.815306e-01  2.011756e-01
-9.764484e-01 -7.470214e-01 -3.453524e-01  9.389207e-01
-9.080611e-01 -6.667215e-01 -2.454642e-01  9.734012e-01
-1.124866e+00 -9.183748e-01 -8.449081e-01  7.428942e-01
-1.078207e+00 -8.329899e-01 -1.062817e+00  3.574594e-01
-9.700176e-01 -7.618238e-01 -2.077038e-01  4.376561e-01
-9.051920e-01 -6.814377e-01 -2.337001e-01  3.785846e-01
-1.268147e+00 -1.151213e+00 -3.617451e-01  3.045455e-01
-1.021381e+00 -8.100509e-01 -6.179425e-01  2.222380e-01
-1.258428e+00 -3.803744e-01 -3.653696e-01  1.039467e+00
-1.143227e+00 -3.849133e-01 -2.517192e-01  1.128130e+00
-1.434730e+00 -3.788250e-01 -8.404601e-01  7.729629e-01
-1.364964e+00 -3.802301e-01 -1.072091e+00  3.528073e-01
-1.214555e+00 -3.474179e-01 -1.898516e-01  3.761180e-01
-1.096649e+00 -3.565364e-01 -2.206479e-01  3.028297e-01
-1.639314e+00 -3.912039e-01 -3.436128e-01  2.864192e-01
-1.285315e+00 -3.597035e-01 -5.751453e-01  2.079194e-01
-2.191885e-01 -3.599096e-01 -4.700243e-01  1.033807e+00
-2.211654e-01 -3.779965e-01 -2.730424e-01  1.085140e+00
-2.456941e-01 -3.881171e-01 -1.101057e+00  7.894756e-01
-2.850801e-01 -4.863539e-01 -1.370681e+00  3.657939e-01
-2.144856e-01 -3.490535e-01 -3.020002e-01  4.900361e-01
-2.312426e-01 -4.361614e-01 -2.693708e-01  4.476784e-01
-2.116494e-01 -3.173617e-01 -7.911568e-01  3.703509e-01
-2.429379e-01 -4.471509e-01 -8.426642e-01  2.541243e-01
-2.521310e-01 -3.618464e-01 -7.061089e-01  1.391043e+00
-2.732531e-01 -3.800510e-01 -3.494968e-01  1.612074e+00
-2.527356e-01 -3.907722e-01 -1.270954e+00  1.023763e+00
-2.698868e-01 -4.397313e-01 -1.597868e+00  3.603084e-01
-2.105603e-01 -3.286640e-01 -2.682613e-01  3.056968e-01
-2.220643e-01 -4.223598e-01 -2.522584e-01  2.720871e-01
-2.102530e-01 -2.994609e-01 -7.448940e-01  2.679656e-01
-2.261598e-01 -4.300367e-01 -7.926283e-01  2.032245e-01
-5.490542e-01 -2.575188e-01 -4.464056e-01  9.937708e-01
-5.523538e-01 -2.674713e-01 -2.711343e-01  1.043926e+00
-6.327209e-01 -2.894794e-01 -1.039353e+00  7.598314e-01
-7.367378e-01 -3.615880e-01 -1.263022e+00  3.780334e-01
-5.377680e-01 -2.527868e-01 -2.982605e-01  4.943774e-01
-5.807180e-01 -2.959128e-01 -2.672904e-01  4.473116e-01
-5.417558e-01 -2.382662e-01 -7.538239e-01  3.712521e-01
-6.244961e-01 -3.115810e-01 -8.043826e-01  2.567411e-01
-7.018678e-01 -2.286307e-01 -5.994904e-01  1.221856e+00
-7.062737e-01 -2.274985e-01 -3.256509e-01  1.357938e+00
-7.495905e-01 -2.429202e-01 -1.151563e+00  9.234853e-01
-8.347189e-01 -2.714374e-01 -1.380999e+00  3.709288e-01
-6.031657e-01 -2.116261e-01 -2.670787e-01  3.297702e-01
-6.555765e-01 -2.381212e-01 -2.554324e-01  2.920545e-01
-5.938366e-01 -2.037956e-01 -7.121375e-01  2.816324e-01
-6.890891e-01 -2.423777e-01 -7.541714e-01  2.107935e-01
-4.060190e-01 -1.011256e+00 -3.709644e-01 -9.805025e-01
-3.756967e-01 -9.212979e-01 -2.559748e-01 -1.027722e+00
-5.144143e-01 -1.156227e+00 -9.214239e-01 -7.944503e-01
-4.819828e-01 -1.114875e+00 -1.136970e+00 -3.635822e-01
-4.137040e-01 -1.059080e+00 -2.153668e-01 -4.681684e-01
-3.714240e-01 -9.487527e-01 -2.490229e-01 -3.909837e-01
-6.434492e-01 -1.495079e+00 -4.021202e-01 -3.441151e-01
-4.396365e-01 -1.086350e+00 -6.867207e-01 -2.267602e-01
-2.996188e-01 -1.115961e+00 -4.450751e-01 -1.161379e+00
-3.117518e-01 -1.020606e+00 -2.811064e-01 -1.346564e+00
-3.104642e-01 -1.192715e+00 -1.016651e+00 -9.192386e-01
-2.918689e-01 -1.185888e+00 -1.224779e+00 -3.491514e-01
-2.575615e-01 -1.119523e+00 -2.012451e-01 -3.667634e-01
-2.429702e-01 -9.813536e-01 -2.455074e-01 -2.838966e-01
-3.277596e-01 -1.663458e+00 -3.810320e-01 -3.281455e-01
-2.596349e-01 -1.136750e+00 -6.815306e-01 -2.011756e-01
-9.764484e-01 -7.470214e-01 -3.453524e-01 -9.389207e-01
-9.080611e-01 -6.667215e-01 -2.454642e-01 -9.734012e-01
-1.124866e+00 -9.183748e-01 -8.449081e-01 -7.428942e-01
-1.078207e+00 -8.329899e-01 -1.062817e+00 -3.574594e-01
-9.700176e-01 -7.618238e-01 -2.077038e-01 -4.376561e-01
-9.051920e-01 -6.814377e-01 -2.337001e-01 -3.785846e-01
-1.268147e+00 -1.151213e+00 -3.617451e-01 -3.045455e-01
-1.021381e+00 -8.100509e-01 -6.179425e-01 -2.222380e-01
-1.258428e+00 -3.803744e-01 -3.653696e-01 -1.039467e+00
-1.143227e+00 -3.849133e-01 -2.517192e-01 -1.128130e+00
-1.434730e+00 -3.788250e-01 -8.404601e-01 -7.729629e-01
-1.364964e+00 -3.802301e-01 -1.072091e+00 -3.528073e-01
-1.214555e+00 -3.474179e-01 -1.898516e-01 -3.761180e-01
-1.096649e+00 -3.565364e-01 -2.206479e-01 -3.028297e-01
-1.639314e+00 -3.912039e-01 -3.436128e-01 -2.864192e-01
-1.285315e+00 -3.597035e-01 -5.751453e-01 -2.079194e-01
-2.191885e-01 -3.599096e-01 -4.700243e-01 -1.033807e+00
-2.211654e-01 -3.779965e-01 -2.730424e-01 -1.085140e+00
-2.456941e-01 -3.881171e-01 -1.101057e+00 -7.894756e-01
-2.850801e-01 -4.863539e-01 -1.370681e+00 -3.657939e-01
-2.144856e-01 -3.490535e-01 -3.020002e-01 -4.900361e-01
-2.312426e-01 -4.361614e-01 -2.693708e-01 -4.476784e-01
-2.116494e-01 -3.173617e-01 -7.911568e-01 -3.703509e-01
-2.429379e-01 -4.471509e-01 -8.426642e-01 -2.541243e-01
-2.521310e-01 -3.618464e-01 -7.061089e-01 -1.391043e+00
-2.732531e-01 -3.800510e-01 -3.494968e-01 -1.612074e+00
-2.527356e-01 -3.907722e-01 -1.270954e+00 -1.023763e+00
-2.698868e-01 -4.397313e-01 -1.597868e+00 -3.603084e-01
-2.105603e-01 -3.286640e-01 -2.682613e-01 -3.056968e-01
-2.220643e-01 -4.223598e-01 -2.522584e-01 -2.720871e-01
-2.102530e-01 -2.994609e-01 -7.448940e-01 -2.679656e-01
-2.261598e-01 -4.300367e-01 -7.926283e-01 -2.032245e-01
-5.490542e-01 -2.575188e-01 -4.464056e-01 -9.937708e-01
-5.523538e-01 -2.674713e-01 -2.711343e-01 -1.043926e+00
-6.327209e-01 -2.894794e-01 -1.039353e+00 -7.598314e-01
-7.367378e-01 -3.615880e-01 -1.263022e+00 -3.780334e-01
-5.377680e-01 -2.527868e-01 -2.982605e-01 -4.943774e-01
-5.807180e-01 -2.959128e-01 -2.672904e-01 -4.473116e-01
-5.417558e-01 -2.382662e-01 -7.538239e-01 -3.712521e-01
-6.244961e-01 -3.115810e-01 -8.043826e-01 -2.567411e-01
-7.018678e-01 -2.286307e-01 -5.994904e-01 -1.221856e+00
-7.062737e-01 -2.274985e-01 -3.256509e-01 -1.357938e+00
-7.495905e-01 -2.429202e-01 -1.151563e+00 -9.234853e-01
-8.347189e-01 -2.714374e-01 -1.380999e+00 -3.709288e-01
-6.031657e-01 -2.116261e-01 -2.670787e-01 -3.297702e-01
-6.555765e-01 -2.381212e-01 -2.554324e-01 -2.920545e-01
-5.938366e-01 -2.037956e-01 -7.121375e-01 -2.816324e-01
-6.890891e-01 -2.423777e-01 -7.541714e-01 -2.107935e-01
