 4.018176e-01  1.028397e+00  3.812283e-01  1.147546e+00
 9.054716e-01  9.323854e-01  8.784747e-01  7.578164e-01
 3.700751e-01  1.440773e+00  3.409046e-01  4.086907e-01
 1.010790e+00  1.062574e+00  3.697828e-01  3.304186e-01
 9.333493e-01  3.390733e-01  3.349895e-01  1.080523e+00
 1.079361e+00  3.303927e-01  1.066867e+00  4.105682e-01
 8.595628e-01  2.641422e-01  2.698407e-01  3.437800e-01
 1.427875e+00  3.989621e-01  3.814376e-01  3.562939e-01
 3.336337e-01  3.927707e-01  9.104049e-01  1.291698e+00
 3.543279e-01  9.642563e-01  1.256294e+00  4.655166e-01
 2.710800e-01  8.024594e-01  2.534654e-01  3.351753e-01
 3.087870e-01  7.892927e-01  7.604937e-01  2.692476e-01
 2.937155e-01  2.690646e-01  3.237779e-01  1.029378e+00
 3.881537e-01  3.124613e-01  1.453417e+00  4.262430e-01
 3.025018e-01  2.615496e-01  2.799173e-01  3.702655e-01
 2.945645e-01  2.529244e-01  8.407080e-01  3.148564e-01
 4.018176e-01  1.028397e+00  3.812283e-01 -1.147546e+00
 9.054716e-01  9.323854e-01  8.784747e-01 -7.578164e-01
 3.700751e-01  1.440773e+00  3.409046e-01 -4.086907e-01
 1.010790e+00  1.062574e+00  3.697828e-01 -3.304186e-01
 9.333493e-01  3.390733e-01  3.349895e-01 -1.080523e+00
 1.079361e+00  3.303927e-01  1.066867e+00 -4.105682e-01
 8.595628e-01  2.641422e-01  2.698407e-01 -3.437800e-01
 1.427875e+00  3.989621e-01  3.814376e-01 -3.562939e-01
 3.336337e-01  3.927707e-01  9.104049e-01 -1.291698e+00
 3.543279e-01  9.642563e-01  1.256294e+00 -4.655166e-01
 2.710800e-01  8.024594e-01  2.534654e-01 -3.351753e-01
 3.087870e-01  7.892927e-01  7.604937e-01 -2.692476e-01
 2.937155e-01  2.690646e-01  3.237779e-01 -1.029378e+00
 3.881537e-01  3.124613e-01  1.453417e+00 -4.262430e-01
 3.025018e-01  2.615496e-01  2.799173e-01 -3.702655e-01
 2.945645e-01  2.529244e-01  8.407080e-01 -3.148564e-01
 4.018176e-01  1.028397e+00 -3.812283e-01  1.147546e+00
 9.054716e-01  9.323854e-01 -8.784747e-01  7.578164e-01
 3.700751e-01  1.440773e+00 -3.409046e-01  4.086907e-01
 1.010790e+00  1.062574e+00 -3.697828e-01  3.304186e-01
 9.333493e-01  3.390733e-01 -3.349895e-01  1.080523e+00
 1.079361e+00  3.303927e-01 -1.066867e+00  4.105682e-01
 8.595628e-01  2.641422e-01 -2.698407e-01  3.437800e-01
 1.427875e+00  3.989621e-01 -3.814376e-01  3.562939e-01
 3.336337e-01  3.927707e-01 -9.104049e-01  1.291698e+00
 3.543279e-01  9.642563e-01 -1.256294e+00  4.655166e-01
 2.710800e-01  8.024594e-01 -2.534654e-01  3.351753e-01
 3.087870e-01  7.892927e-01 -7.604937e-01  2.692476e-01
 2.937155e-01  2.690646e-01 -3.237779e-01  1.029378e+00
 3.881537e-01  3.124613e-01 -1.453417e+00  4.262430e-01
 3.025018e-01  2.615496e-01 -2.799173e-01  3.702655e-01
 2.945645e-01  2.529244e-01 -8.407080e-01  3.148564e-01
 4.018176e-01  1.028397e+00 -3.812283e-01 -1.147546e+00
 9.054716e-01  9.323854e-01 -8.784747e-01 -7.578164e-01
 3.700751e-01  1.440773e+00 -3.409046e-01 -4.086907e-01
 1.010790e+00  1.062574e+00 -3.697828e-01 -3.304186e-01
 9.333493e-01  3.390733e-01 -3.349895e-01 -1.080523e+00
 1.079361e+00  3.303927e-01 -1.066867e+00 -4.105682e-01
 8.595628e-01  2.641422e-01 -2.698407e-01 -3.437800e-01
 1.427875e+00  3.989621e-01 -3.814376e-01 -3.562939e-01
 3.336337e-01  3.927707e-01 -9.104049e-01 -1.291698e+00
 3.543279e-01  9.642563e-01 -1.256294e+00 -4.655166e-01
 2.710800e-01  8.024594e-01 -2.534654e-01 -3.351753e-01
 3.087870e-01  7.892927e-01 -7.604937e-01 -2.692476e-01
 2.937155e-01  2.690646e-01 -3.237779e-01 -1.029378e+00
 3.881537e-01  3.124613e-01 -1.453417e+00 -4.262430e-01
 3.025018e-01  2.615496e-01 -2.799173e-01 -3.702655e-01
 2.945645e-01  2.529244e-01 -8.407080e-01 -3.148564e-01
 4.018176e-01 -1.028397e+00  3.812283e-01  1.147546e+00
 9.054716e-01 -9.323854e-01  8.784747e-01  7.578164e-01
 3.700751e-01 -1.440773e+00  3.409046e-01  4.086907e-01
 1.010790e+00 -1.062574e+00  3.697828e-01  3.304186e-01
 9.333493e-01 -3.390733e-01  3.349895e-01  1.080523e+00
 1.079361e+00 -3.303927e-01  1.066867e+00  4.105682e-01
 8.595628e-01 -2.641422e-01  2.698407e-01  3.437800e-01
 1.427875e+00 -3.989621e-01  3.814376e-01  3.562939e-01
 3.336337e-01 -3.927707e-01  9.104049e-01  1.291698e+00
 3.543279e-01 -9.642563e-01  1.256294e+00  4.655166e-01
 2.710800e-01 -8.024594e-01  2.534654e-01  3.351753e-01
 3.087870e-01 -7.892927e-01  7.604937e-01  2.692476e-01
 2.937155e-01 -2.690646e-01  3.237779e-01  1.029378e+00
 3.881537e-01 -3.124613e-01  1.453417e+00  4.262430e-01
 3.025018e-01 -2.615496e-01  2.799173e-01  3.702655e-01
 2.945645e-01 -2.529244e-01  8.407080e-01  3.148564e-01
 4.018176e-01 -1.028397e+00  3.812283e-01 -1.147546e+00
 9.054716e-01 -9.323854e-01  8.784747e-01 -7.578164e-01
 3.700751e-01 -1.440773e+00  3.409046e-01 -4.086907e-01
 1.010790e+00 -1.062574e+00  3.697828e-01 -3.304186e-01
 9.333493e-01 -3.390733e-01  3.349895e-01 -1.080523e+00
 1.079361e+00 -3.303927e-01  1.066867e+00 -4.105682e-01
 8.595628e-01 -2.641422e-01  2.698407e-01 -3.437800e-01
 1.427875e+00 -3.989621e-01  3.814376e-01 -3.562939e-01
 3.336337e-01 -3.927707e-01  9.104049e-01 -1.291698e+00
 3.543279e-01 -9.642563e-01  1.256294e+00 -4.655166e-01
 2.710800e-01 -8.024594e-01  2.534654e-01 -3.351753e-01
 3.087870e-01 -7.892927e-01  7.604937e-01 -2.692476e-01
 2.937155e-01 -2.690646e-01  3.237779e-01 -1.029378e+00
 3.881537e-01 -3.124613e-01  1.453417e+00 -4.262430e-01
 3.025018e-01 -2.615496e-01  2.799173e-01 -3.702655e-01
 2.945645e-01 -2.529244e-01  8.407080e-01 -3.148564e-01
 4.018176e-01 -1.028397e+00 -3.812283e-01  1.147546e+00
 9.054716e-01 -9.323854e-01 -8.784747e-01  7.578164e-01
 3.700751e-01 -1.440773e+00 -3.409046e-01  4.086907e-01
 1.010790e+00 -1.062574e+00 -3.697828e-01  3.304186e-01
 9.333493e-01 -3.390733e-01 -3.349895e-01  1.080523e+00
 1.079361e+00 -3.303927e-01 -1.066867e+00  4.105682e-01
 8.595628e-01 -2.641422e-01 -2.698407e-01  3.437800e-01
 1.427875e+00 -3.989621e-01 -3.814376e-01  3.562939e-01
 3.336337e-01 -3.927707e-01 -9.104049e-01  1.291698e+00
 3.543279e-01 -9.642563e-01 -1.256294e+00  4.655166e-01
 2.710800e-01 -8.024594e-01 -2.534654e-01  3.351753e-01
 3.087870e-01 -7.892927e-01 -7.604937e-01  2.692476e-01
 2.937155e-01 -2.690646e-01 -3.237779e-01  1.029378e+00
 3.881537e-01 -3.124613e-01 -1.453417e+00  4.262430e-01
 3.025018e-01 -2.615496e-01 -2.799173e-01  3.702655e-01
 2.945645e-01 -2.529244e-01 -8.407080e-01  3.148564e-01
 4.018176e-01 -1.028397e+00 -3.812283e-01 -1.147546e+00
 9.054716e-01 -9.323854e-01 -8.784747e-01 -7.578164e-01
 3.700751e-01 -1.440773e+00 -3.409046e-01 -4.086907e-01
 1.010790e+00 -1.062574e+00 -3.697828e-01 -3.304186e-01
 9.333493e-01 -3.390733e-01 -3.349895e-01 -1.080523e+00
 1.079361e+00 -3.303927e-01 -1.066867e+00 -4.105682e-01
 8.595628e-01 -2.641422e-01 -2.698407e-01 -3.437800e-01
 1.427875e+00 -3.989621e-01 -3.814376e-01 -3.562939e-01
 3.336337e-01 -3.927707e-01 -9.104049e-01 -1.291698e+00
 3.543279e-01 -9.642563e-01 -1.256294e+00 -4.655166e-01
 2.710800e-01 -8.024594e-01 -2.534654e-01 -3.351753e-01
 3.087870e-01 -7.892927e-01 -7.604937e-01 -2.692476e-01
 2.937155e-01 -2.690646e-01 -3.237779e-01 -1.029378e+00
 3.881537e-01 -3.124613e-01 -1.453417e+00 -4.262430e-01
 3.025018e-01 -2.615496e-01 -2.799173e-01 -3.702655e-01
 2.945645e-01 -2.529244e-01 -8.407080e-01 -3.148564e-01
-4.018176e-01  1.028397e+00  3.812283e-01  1.147546e+00
-9.054716e-01  9.323854e-01  8.784747e-01  7.578164e-01
-3.700751e-01  1.440773e+00  3.409046e-01  4.086907e-01
-1.010790e+00  1.062574e+00  3.697828e-01  3.304186e-01
-9.333493e-01  3.390733e-01  3.349895e-01  1.080523e+00
-1.079361e+00  3.303927e-01  1.066867e+00  4.105682e-01
-8.595628e-01  2.641422e-01  2.698407e-01  3.437800e-01
-1.427875e+00  3.989621e-01  3.814376e-01  3.562939e-01
-3.336337e-01  3.927707e-01  9.104049e-01  1.291698e+00
-3.543279e-01  9.642563e-01  1.256294e+00  4.655166e-01
-2.710800e-01  8.024594e-01  2.534654e-01  3.351753e-01
-3.087870e-01  7.892927e-01  7.604937e-01  2.692476e-01
-2.937155e-01  2.690646e-01  3.237779e-01  1.029378e+00
-3.881537e-01  3.124613e-01  1.453417e+00  4.262430e-01
-3.025018e-01  2.615496e-01  2.799173e-01  3.702655e-01
-2.945645e-01  2.529244e-01  8.407080e-01  3.148564e-01
-4.018176e-01  1.028397e+00  3.812283e-01 -1.147546e+00
-9.054716e-01  9.323854e-01  8.784747e-01 -7.578164e-01
-3.700751e-01  1.440773e+00  3.409046e-01 -4.086907e-01
-1.010790e+00  1.062574e+00  3.697828e-01 -3.304186e-01
-9.333493e-01  3.390733e-01  3.349895e-01 -1.080523e+00
-1.079361e+00  3.303927e-01  1.066867e+00 -4.105682e-01
-8.595628e-01  2.641422e-01  2.698407e-01 -3.437800e-01
-1.427875e+00  3.989621e-01  3.814376e-01 -3.562939e-01
-3.336337e-01  3.927707e-01  9.104049e-01 -1.291698e+00
-3.543279e-01  9.642563e-01  1.256294e+00 -4.655166e-01
-2.710800e-01  8.024594e-01  2.534654e-01 -3.351753e-01
-3.087870e-01  7.892927e-01  7.604937e-01 -2.692476e-01
-2.937155e-01  2.690646e-01  3.237779e-01 -1.029378e+00
-3.881537e-01  3.124613e-01  1.453417e+00 -4.262430e-01
-3.025018e-01  2.615496e-01  2.799173e-01 -3.702655e-01
-2.945645e-01  2.529244e-01  8.407080e-01 -3.148564e-01
-4.018176e-01  1.028397e+00 -3.812283e-01  1.147546e+00
-9.054716e-01  9.323854e-01 -8.784747e-01  7.578164e-01
-3.700751e-01  1.440773e+00 -3.409046e-01  4.086907e-01
-1.010790e+00  1.062574e+00 -3.697828e-01  3.304186e-01
-9.333493e-01  3.390733e-01 -3.349895e-01  1.080523e+00
-1.079361e+00  3.303927e-01 -1.066867e+00  4.105682e-01
-8.595628e-01  2.641422e-01 -2.698407e-01  3.437800e-01
-1.427875e+00  3.989621e-01 -3.814376e-01  3.562939e-01
-3.336337e-01  3.927707e-01 -9.104049e-01  1.291698e+00
-3.543279e-01  9.642563e-01 -1.256294e+00  4.655166e-01
-2.710800e-01  8.024594e-01 -2.534654e-01  3.351753e-01
-3.087870e-01  7.892927e-01 -7.604937e-01  2.692476e-01
-2.937155e-01  2.690646e-01 -3.237779e-01  1.029378e+00
-3.881537e-01  3.124613e-01 -1.453417e+00  4.262430e-01
-3.025018e-01  2.615496e-01 -2.799173e-01  3.702655e-01
-2.945645e-01  2.529244e-01 -8.407080e-01  3.148564e-01
-4.018176e-01  1.028397e+00 -3.812283e-01 -1.147546e+00
-9.054716e-01  9.323854e-01 -8.784747e-01 -7.578164e-01
-3.700751e-01  1.440773e+00 -3.409046e-01 -4.086907e-01
-1.010790e+00  1.062574e+00 -3.697828e-01 -3.304186e-01
-9.333493e-01  3.390733e-01 -3.349895e-01 -1.080523e+00
-1.079361e+00  3.303927e-01 -1.066867e+00 -4.105682e-01
-8.595628e-01  2.641422e-01 -2.698407e-01 -3.437800e-01
-1.427875e+00  3.989621e-01 -3.814376e-01 -3.562939e-01
-3.336337e-01  3.927707e-01 -9.104049e-01 -1.291698e+00
-3.543279e-01  9.642563e-01 -1.256294e+00 -4.655166e-01
-2.710800e-01  8.024594e-01 -2.534654e-01 -3.351753e-01
-3.087870e-01  7.892927e-01 -7.604937e-01 -2.692476e-01
-2.937155e-01  2.690646e-01 -3.237779e-01 -1.029378e+00
-3.881537e-01  3.124613e-01 -1.453417e+00 -4.262430e-01
-3.025018e-01  2.615496e-01 -2.799173e-01 -3.702655e-01
-2.945645e-01  2.529244e-01 -8.407080e-01 -3.148564e-01
-4.018176e-01 -1.028397e+00  3.812283e-01  1.147546e+00
-9.054716e-01 -9.323854e-01  8.784747e-01  7.578164e-01
-3.700751e-01 -1.440773e+00  3.409046e-01  4.086907e-01
-1.010790e+00 -1.062574e+00  3.697828e-01  3.304186e-01
-9.333493e-01 -3.390733e-01  3.349895e-01  1.080523e+00
-1.079361e+00 -3.303927e-01  1.066867e+00  4.105682e-01
-8.595628e-01 -2.641422e-01  2.698407e-01  3.437800e-01
-1.427875e+00 -3.989621e-01  3.814376e-01  3.562939e-01
-3.336337e-01 -3.927707e-01  9.104049e-01  1.291698e+00
-3.543279e-01 -9.642563e-01  1.256294e+00  4.655166e-01
-2.710800e-01 -8.024594e-01  2.534654e-01  3.351753e-01
-3.087870e-01 -7.892927e-01  7.604937e-01  2.692476e-01
-2.937155e-01 -2.690646e-01  3.237779e-01  1.029378e+00
-3.881537e-01 -3.124613e-01  1.453417e+00  4.262430e-01
-3.025018e-01 -2.615496e-01  2.799173e-01  3.702655e-01
-2.945645e-01 -2.529244e-01  8.407080e-01  3.148564e-01
-4.018176e-01 -1.028397e+00  3.812283e-01 -1.147546e+00
-9.054716e-01 -9.323854e-01  8.784747e-01 -7.578164e-01
-3.700751e-01 -1.440773e+00  3.409046e-01 -4.086907e-01
-1.010790e+00 -1.062574e+00  3.697828e-01 -3.304186e-01
-9.333493e-01 -3.390733e-01  3.349895e-01 -1.080523e+00
-1.079361e+00 -3.303927e-01  1.066867e+00 -4.105682e-01
-8.595628e-01 -2.641422e-01  2.698407e-01 -3.437800e-01
-1.427875e+00 -3.989621e-01  3.814376e-01 -3.562939e-01
-3.336337e-01 -3.927707e-01  9.104049e-01 -1.291698e+00
-3.543279e-01 -9.642563e-01  1.256294e+00 -4.655166e-01
-2.710800e-01 -8.024594e-01  2.534654e-01 -3.351753e-01
-3.087870e-01 -7.892927e-01  7.604937e-01 -2.692476e-01
-2.937155e-01 -2.690646e-01  3.237779e-01 -1.029378e+00
-3.881537e-01 -3.124613e-01  1.453417e+00 -4.262430e-01
-3.025018e-01 -2.615496e-01  2.799173e-01 -3.702655e-01
-2.945645e-01 -2.529244e-01  8.407080e-01 -3.148564e-01
-4.018176e-01 -1.028397e+00 -3.812283e-01  1.147546e+00
-9.054716e-01 -9.323854e-01 -8.784747e-01  7.578164e-01
-3.700751e-01 -1.440773e+00 -3.409046e-01  4.086907e-01
-1.010790e+00 -1.062574e+00 -3.697828e-01  3.304186e-01
-9.333493e-01 -3.390733e-01 -3.349895e-01  1.080523e+00
-1.079361e+00 -3.303927e-01 -1.066867e+00  4.105682e-01
-8.595628e-01 -2.641422e-01 -2.698407e-01  3.437800e-01
-1.427875e+00 -3.989621e-01 -3.814376e-01  3.562939e-01
-3.336337e-01 -3.927707e-01 -9.104049e-01  1.291698e+00
-3.543279e-01 -9.642563e-01 -1.256294e+00  4.655166e-01
-2.710800e-01 -8.024594e-01 -2.534654e-01  3.351753e-01
-3.087870e-01 -7.892927e-01 -7.604937e-01  2.692476e-01
-2.937155e-01 -2.690646e-01 -3.237779e-01  1.029378e+00
-3.881537e-01 -3.124613e-01 -1.453417e+00  4.262430e-01
-3.025018e-01 -2.615496e-01 -2.799173e-01  3.702655e-01
-2.945645e-01 -2.529244e-01 -8.407080e-01  3.148564e-01
-4.018176e-01 -1.028397e+00 -3.812283e-01 -1.147546e+00
-9.054716e-01 -9.323854e-01 -8.784747e-01 -7.578164e-01
-3.700751e-01 -1.440773e+00 -3.409046e-01 -4.086907e-01
-1.010790e+00 -1.062574e+00 -3.697828e-01 -3.304186e-01
-9.333493e-01 -3.390733e-01 -3.349895e-01 -1.080523e+00
-1.079361e+00 -3.303927e-01 -1.066867e+00 -4.105682e-01
-8.595628e-01 -2.641422e-01 -2.698407e-01 -3.437800e-01
-1.427875e+00 -3.989621e-01 -3.814376e-01 -3.562939e-01
-3.336337e-01 -3.927707e-01 -9.104049e-01 -1.291698e+00
-3.543279e-01 -9.642563e-01 -1.256294e+00 -4.655166e-01
-2.710800e-01 -8.024594e-01 -2.534654e-01 -3.351753e-01
-3.087870e-01 -7.892927e-01 -7.604937e-01 -2.692476e-01
-2.937155e-01 -2.690646e-01 -3.237779e-01 -1.029378e+00
-3.881537e-01 -3.124613e-01 -1.453417e+00 -4.262430e-01
-3.025018e-01 -2.615496e-01 -2.799173e-01 -3.702655e-01
-2.945645e-01 -2.529244e-01 -8.407080e-01 -3.148564e-01
