 1.171577e+00  4.906105e-01  4.872437e-01  3.850305e-01
 4.897206e-01  1.171191e+00  3.851956e-01  4.887176e-01
 4.892244e-01  3.852467e-01  1.173179e+00  4.917629e-01
 3.878325e-01  4.859293e-01  4.907110e-01  1.170063e+00
 1.171577e+00  4.906105e-01  4.872437e-01 -3.850305e-01
 4.897206e-01  1.171191e+00  3.851956e-01 -4.887176e-01
 4.892244e-01  3.852467e-01  1.173179e+00 -4.917629e-01
 3.878325e-01  4.859293e-01  4.907110e-01 -1.170063e+00
 1.171577e+00  4.906105e-01 -4.872437e-01  3.850305e-01
 4.897206e-01  1.171191e+00 -3.851956e-01  4.887176e-01
 4.892244e-01  3.852467e-01 -1.173179e+00  4.917629e-01
 3.878325e-01  4.859293e-01 -4.907110e-01  1.170063e+00
 1.171577e+00  4.906105e-01 -4.872437e-01 -3.850305e-01
 4.897206e-01  1.171191e+00 -3.851956e-01 -4.887176e-01
 4.892244e-01  3.852467e-01 -1.173179e+00 -4.917629e-01
 3.878325e-01  4.859293e-01 -4.907110e-01 -1.170063e+00
 1.171577e+00 -4.906105e-01  4.872437e-01  3.850305e-01
 4.897206e-01 -1.171191e+00  3.851956e-01  4.887176e-01
 4.892244e-01 -3.852467e-01  1.173179e+00  4.917629e-01
 3.878325e-01 -4.859293e-01  4.907110e-01  1.170063e+00
 1.171577e+00 -4.906105e-01  4.872437e-01 -3.850305e-01
 4.897206e-01 -1.171191e+00  3.851956e-01 -4.887176e-01
 4.892244e-01 -3.852467e-01  1.173179e+00 -4.917629e-01
 3.878325e-01 -4.859293e-01  4.907110e-01 -1.170063e+00
 1.171577e+00 -4.906105e-01 -4.872437e-01  3.850305e-01
 4.897206e-01 -1.171191e+00 -3.851956e-01  4.887176e-01
 4.892244e-01 -3.852467e-01 -1.173179e+00  4.917629e-01
 3.878325e-01 -4.859293e-01 -4.907110e-01  1.170063e+00
 1.171577e+00 -4.906105e-01 -4.872437e-01 -3.850305e-01
 4.897206e-01 -1.171191e+00 -3.851956e-01 -4.887176e-01
 4.892244e-01 -3.852467e-01 -1.173179e+00 -4.917629e-01
 3.878325e-01 -4.859293e-01 -4.907110e-01 -1.170063e+00
-1.171577e+00  4.906105e-01  4.872437e-01  3.850305e-01
-4.897206e-01  1.171191e+00  3.851956e-01  4.887176e-01
-4.892244e-01  3.852467e-01  1.173179e+00  4.917629e-01
-3.878325e-01  4.859293e-01  4.907110e-01  1.170063e+00
-1.171577e+00  4.906105e-01  4.872437e-01 -3.850305e-01
-4.897206e-01  1.171191e+00  3.851956e-01 -4.887176e-01
-4.892244e-01  3.852467e-01  1.173179e+00 -4.917629e-01
-3.878325e-01  4.859293e-01  4.907110e-01 -1.170063e+00
-1.171577e+00  4.906105e-01 -4.872437e-01  3.850305e-01
-4.897206e-01  1.171191e+00 -3.851956e-01  4.887176e-01
-4.892244e-01  3.852467e-01 -1.173179e+00  4.917629e-01
-3.878325e-01  4.859293e-01 -4.907110e-01  1.170063e+00
-1.171577e+00  4.906105e-01 -4.872437e-01 -3.850305e-01
-4.897206e-01  1.171191e+00 -3.851956e-01 -4.887176e-01
-4.892244e-01  3.852467e-01 -1.173179e+00 -4.917629e-01
-3.878325e-01  4.859293e-01 -4.907110e-01 -1.170063e+00
-1.171577e+00 -4.906105e-01  4.872437e-01  3.850305e-01
-4.897206e-01 -1.171191e+00  3.851956e-01  4.887176e-01
-4.892244e-01 -3.852467e-01  1.173179e+00  4.917629e-01
-3.878325e-01 -4.859293e-01  4.907110e-01  1.170063e+00
-1.171577e+00 -4.906105e-01  4.872437e-01 -3.850305e-01
-4.897206e-01 -1.171191e+00  3.851956e-01 -4.887176e-01
-4.892244e-01 -3.852467e-01  1.173179e+00 -4.917629e-01
-3.878325e-01 -4.859293e-01  4.907110e-01 -1.170063e+00
-1.171577e+00 -4.906105e-01 -4.872437e-01  3.850305e-01
-4.897206e-01 -1.171191e+00 -3.851956e-01  4.887176e-01
-4.892244e-01 -3.852467e-01 -1.173179e+00  4.917629e-01
-3.878325e-01 -4.859293e-01 -4.907110e-01  1.170063e+00
-1.171577e+00 -4.906105e-01 -4.872437e-01 -3.850305e-01
-4.897206e-01 -1.171191e+00 -3.851956e-01 -4.887176e-01
-4.892244e-01 -3.852467e-01 -1.173179e+00 -4.917629e-01
-3.878325e-01 -4.859293e-01 -4.907110e-01 -1.170063e+00
