 4.690193e-01  4.248749e-01  1.175158e+00  4.718415e-01
 1.175006e+00  4.722311e-01  4.687302e-01  4.239283e-01
 4.252647e-01  4.679538e-01  4.709080e-01  1.173614e+00
 4.711962e-01  1.171425e+00  4.244990e-01  4.683945e-01
 4.690193e-01  4.248749e-01  1.175158e+00 -4.718415e-01
 1.175006e+00  4.722311e-01  4.687302e-01 -4.239283e-01
 4.252647e-01  4.679538e-01  4.709080e-01 -1.173614e+00
 4.711962e-01  1.171425e+00  4.244990e-01 -4.683945e-01
 4.690193e-01  4.248749e-01 -1.175158e+00  4.718415e-01
 1.175006e+00  4.722311e-01 -4.687302e-01  4.239283e-01
 4.252647e-01  4.679538e-01 -4.709080e-01  1.173614e+00
 4.711962e-01  1.171425e+00 -4.244990e-01  4.683945e-01
 4.690193e-01  4.248749e-01 -1.175158e+00 -4.718415e-01
 1.175006e+00  4.722311e-01 -4.687302e-01 -4.239283e-01
 4.252647e-01  4.679538e-01 -4.709080e-01 -1.173614e+00
 4.711962e-01  1.171425e+00 -4.244990e-01 -4.683945e-01
 4.690193e-01 -4.248749e-01  1.175158e+00  4.718415e-01
 1.175006e+00 -4.722311e-01  4.687302e-01  4.239283e-01
 4.252647e-01 -4.679538e-01  4.709080e-01  1.173614e+00
 4.711962e-01 -1.171425e+00  4.244990e-01  4.683945e-01
 4.690193e-01 -4.248749e-01  1.175158e+00 -4.718415e-01
 1.175006e+00 -4.722311e-01  4.687302e-01 -4.239283e-01
 4.252647e-01 -4.679538e-01  4.709080e-01 -1.173614e+00
 4.711962e-01 -1.171425e+00  4.244990e-01 -4.683945e-01
 4.690193e-01 -4.248749e-01 -1.175158e+00  4.718415e-01
 1.175006e+00 -4.722311e-01 -4.687302e-01  4.239283e-01
 4.252647e-01 -4.679538e-01 -4.709080e-01  1.173614e+00
 4.711962e-01 -1.171425e+00 -4.244990e-01  4.683945e-01
 4.690193e-01 -4.248749e-01 -1.175158e+00 -4.718415e-01
 1.175006e+00 -4.722311e-01 -4.687302e-01 -4.239283e-01
 4.252647e-01 -4.679538e-01 -4.709080e-01 -1.173614e+00
 4.711962e-01 -1.171425e+00 -4.244990e-01 -4.683945e-01
-4.690193e-01  4.248749e-01  1.175158e+00  4.718415e-01
-1.175006e+00  4.722311e-01  4.687302e-01  4.239283e-01
-4.252647e-01  4.679538e-01  4.709080e-01  1.173614e+00
-4.711962e-01  1.171425e+00  4.244990e-01  4.683945e-01
-4.690193e-01  4.248749e-01  1.175158e+00 -4.718415e-01
-1.175006e+00  4.722311e-01  4.687302e-01 -4.239283e-01
-4.252647e-01  4.679538e-01  4.709080e-01 -1.173614e+00
-4.711962e-01  1.171425e+00  4.244990e-01 -4.683945e-01
-4.690193e-01  4.248749e-01 -1.175158e+00  4.718415e-01
-1.175006e+00  4.722311e-01 -4.687302e-01  4.239283e-01
-4.252647e-01  4.679538e-01 -4.709080e-01  1.173614e+00
-4.711962e-01  1.171425e+00 -4.244990e-01  4.683945e-01
-4.690193e-01  4.248749e-01 -1.175158e+00 -4.718415e-01
-1.175006e+00  4.722311e-01 -4.687302e-01 -4.239283e-01
-4.252647e-01  4.679538e-01 -4.709080e-01 -1.173614e+00
-4.711962e-01  1.171425e+00 -4.244990e-01 -4.683945e-01
-4.690193e-01 -4.248749e-01  1.175158e+00  4.718415e-01
-1.175006e+00 -4.722311e-01  4.687302e-01  4.239283e-01
-4.252647e-01 -4.679538e-01  4.709080e-01  1.173614e+00
-4.711962e-01 -1.171425e+00  4.244990e-01  4.683945e-01
-4.690193e-01 -4.248749e-01  1.175158e+00 -4.718415e-01
-1.175006e+00 -4.722311e-01  4.687302e-01 -4.239283e-01
-4.252647e-01 -4.679538e-01  4.709080e-01 -1.173614e+00
-4.711962e-01 -1.171425e+00  4.244990e-01 -4.683945e-01
-4.690193e-01 -4.248749e-01 -1.175158e+00  4.718415e-01
-1.175006e+00 -4.722311e-01 -4.687302e-01  4.239283e-01
-4.252647e-01 -4.679538e-01 -4.709080e-01  1.173614e+00
-4.711962e-01 -1.171425e+00 -4.244990e-01  4.683945e-01
-4.690193e-01 -4.248749e-01 -1.175158e+00 -4.718415e-01
-1.175006e+00 -4.722311e-01 -4.687302e-01 -4.239283e-01
-4.252647e-01 -4.679538e-01 -4.709080e-01 -1.173614e+00
-4.711962e-01 -1.171425e+00 -4.244990e-01 -4.683945e-01
