 9.242917e-01  1.411533e+00  2.885704e-01  2.997206e-01
 2.866166e-01  1.010022e+00  5.947366e-01  1.401313e+00
 2.788577e-01  9.445776e-01  1.079293e+00  8.302072e-01
 2.678175e-01  9.104238e-01  1.250483e+00  2.800802e-01
 5.733432e-01  1.013201e+00  1.987714e-01  5.550345e-01
 4.735880e-01  9.198783e-01  2.116298e-01  1.767186e-01
 3.900628e-01  9.180619e-01  6.257147e-01  6.022401e-01
 3.522291e-01  8.792086e-01  7.057052e-01  1.942548e-01
 3.536808e-01  1.715199e+00  2.841026e-01  3.336689e-01
 3.396162e-01  1.375827e+00  2.489928e-01  1.154459e+00
 4.210946e-01  1.478621e+00  7.918518e-01  6.958701e-01
 3.690053e-01  1.400457e+00  1.046399e+00  2.404370e-01
 2.382104e-01  1.239029e+00  1.924164e-01  5.632206e-01
 2.023931e-01  1.143988e+00  2.089852e-01  1.690798e-01
 2.138979e-01  1.182110e+00  5.747144e-01  5.828405e-01
 2.179082e-01  1.165713e+00  6.599018e-01  1.823123e-01
 1.399572e+00  9.805816e-01  3.124931e-01  3.297157e-01
 1.142784e+00  1.000124e+00  3.064786e-01  1.041566e+00
 8.207439e-01  8.107176e-01  1.048425e+00  8.758773e-01
 7.850945e-01  7.858630e-01  1.305465e+00  2.920420e-01
 9.839762e-01  7.407310e-01  2.294529e-01  5.222695e-01
 9.031527e-01  6.788272e-01  2.296917e-01  1.639974e-01
 8.905208e-01  7.695236e-01  6.887310e-01  5.596251e-01
 8.732594e-01  7.665514e-01  7.765629e-01  1.825639e-01
 1.694666e+00  3.588338e-01  2.983482e-01  3.313547e-01
 1.348876e+00  3.178558e-01  3.007116e-01  1.151689e+00
 1.071498e+00  2.934525e-01  1.064776e+00  9.134439e-01
 1.039397e+00  2.844067e-01  1.320633e+00  2.979297e-01
 1.230488e+00  2.584794e-01  2.343255e-01  5.534745e-01
 1.128848e+00  2.237750e-01  2.422301e-01  1.723900e-01
 1.215007e+00  2.819438e-01  7.167996e-01  5.786192e-01
 1.171515e+00  2.752016e-01  7.973382e-01  1.866859e-01
 2.003012e-01  5.809769e-01  2.552570e-01  1.037708e+00
 2.739784e-01  7.182304e-01  2.604075e-01  1.341347e+00
 1.804544e-01  5.448598e-01  8.992507e-01  8.298663e-01
 1.854240e-01  5.198625e-01  1.139300e+00  2.694302e-01
 2.455225e-01  5.935118e-01  1.886906e-01  6.584938e-01
 2.268979e-01  5.584551e-01  1.903684e-01  2.130754e-01
 2.434294e-01  5.892172e-01  5.765721e-01  6.005390e-01
 2.231966e-01  5.517664e-01  6.306150e-01  2.058364e-01
 2.172552e-01  1.835306e-01  3.033787e-01  1.119206e+00
 2.652019e-01  2.709628e-01  2.480928e-01  1.604036e+00
 1.845874e-01  1.813526e-01  8.320934e-01  7.846658e-01
 1.925192e-01  1.768313e-01  1.054833e+00  2.586062e-01
 2.245569e-01  1.751610e-01  1.953072e-01  6.755702e-01
 2.017444e-01  1.788481e-01  1.902867e-01  2.165360e-01
 2.156191e-01  1.877969e-01  5.592090e-01  5.928511e-01
 2.001401e-01  1.813151e-01  6.183920e-01  2.088467e-01
 3.214464e-01  3.014858e-01  1.018844e+00  1.430533e+00
 7.697542e-01  6.977361e-01  2.630198e-01  1.275139e+00
 3.124081e-01  3.156174e-01  1.405548e+00  9.159669e-01
 3.163359e-01  3.149700e-01  1.619090e+00  3.176844e-01
 6.810075e-01  4.819117e-01  2.028363e-01  6.787257e-01
 6.303403e-01  4.300086e-01  2.124951e-01  2.114524e-01
 6.521798e-01  4.885369e-01  5.906163e-01  5.982524e-01
 6.213630e-01  4.478833e-01  6.484089e-01  1.989325e-01
 5.995480e-01  1.908473e-01  5.892344e-01  1.179330e+00
 8.283166e-01  2.503566e-01  2.897373e-01  1.399041e+00
 5.956283e-01  1.858980e-01  9.970769e-01  8.116251e-01
 5.890294e-01  1.768246e-01  1.185058e+00  2.749626e-01
 7.299089e-01  1.683763e-01  2.181318e-01  7.297276e-01
 6.659574e-01  1.541015e-01  2.084367e-01  2.207682e-01
 7.050223e-01  1.870237e-01  6.305007e-01  6.159442e-01
 6.702822e-01  1.690933e-01  6.960620e-01  2.093224e-01
 9.242917e-01  1.411533e+00  2.885704e-01 -2.997206e-01
 2.866166e-01  1.010022e+00  5.947366e-01 -1.401313e+00
 2.788577e-01  9.445776e-01  1.079293e+00 -8.302072e-01
 2.678175e-01  9.104238e-01  1.250483e+00 -2.800802e-01
 5.733432e-01  1.013201e+00  1.987714e-01 -5.550345e-01
 4.735880e-01  9.198783e-01  2.116298e-01 -1.767186e-01
 3.900628e-01  9.180619e-01  6.257147e-01 -6.022401e-01
 3.522291e-01  8.792086e-01  7.057052e-01 -1.942548e-01
 3.536808e-01  1.715199e+00  2.841026e-01 -3.336689e-01
 3.396162e-01  1.375827e+00  2.489928e-01 -1.154459e+00
 4.210946e-01  1.478621e+00  7.918518e-01 -6.958701e-01
 3.690053e-01  1.400457e+00  1.046399e+00 -2.404370e-01
 2.382104e-01  1.239029e+00  1.924164e-01 -5.632206e-01
 2.023931e-01  1.143988e+00  2.089852e-01 -1.690798e-01
 2.138979e-01  1.182110e+00  5.747144e-01 -5.828405e-01
 2.179082e-01  1.165713e+00  6.599018e-01 -1.823123e-01
 1.399572e+00  9.805816e-01  3.124931e-01 -3.297157e-01
 1.142784e+00  1.000124e+00  3.064786e-01 -1.041566e+00
 8.207439e-01  8.107176e-01  1.048425e+00 -8.758773e-01
 7.850945e-01  7.858630e-01  1.305465e+00 -2.920420e-01
 9.839762e-01  7.407310e-01  2.294529e-01 -5.222695e-01
 9.031527e-01  6.788272e-01  2.296917e-01 -1.639974e-01
 8.905208e-01  7.695236e-01  6.887310e-01 -5.596251e-01
 8.732594e-01  7.665514e-01  7.765629e-01 -1.825639e-01
 1.694666e+00  3.588338e-01  2.983482e-01 -3.313547e-01
 1.348876e+00  3.178558e-01  3.007116e-01 -1.151689e+00
 1.071498e+00  2.934525e-01  1.064776e+00 -9.134439e-01
 1.039397e+00  2.844067e-01  1.320633e+00 -2.979297e-01
 1.230488e+00  2.584794e-01  2.343255e-01 -5.534745e-01
 1.128848e+00  2.237750e-01  2.422301e-01 -1.723900e-01
 1.215007e+00  2.819438e-01  7.167996e-01 -5.786192e-01
 1.171515e+00  2.752016e-01  7.973382e-01 -1.866859e-01
 2.003012e-01  5.809769e-01  2.552570e-01 -1.037708e+00
 2.739784e-01  7.182304e-01  2.604075e-01 -1.341347e+00
 1.804544e-01  5.448598e-01  8.992507e-01 -8.298663e-01
 1.854240e-01  5.198625e-01  1.139300e+00 -2.694302e-01
 2.455225e-01  5.935118e-01  1.886906e-01 -6.584938e-01
 2.268979e-01  5.584551e-01  1.903684e-01 -2.130754e-01
 2.434294e-01  5.892172e-01  5.765721e-01 -6.005390e-01
 2.231966e-01  5.517664e-01  6.306150e-01 -2.058364e-01
 2.172552e-01  1.835306e-01  3.033787e-01 -1.119206e+00
 2.652019e-01  2.709628e-01  2.480928e-01 -1.604036e+00
 1.845874e-01  1.813526e-01  8.320934e-01 -7.846658e-01
 1.925192e-01  1.768313e-01  1.054833e+00 -2.586062e-01
 2.245569e-01  1.751610e-01  1.953072e-01 -6.755702e-01
 2.017444e-01  1.788481e-01  1.902867e-01 -2.165360e-01
 2.156191e-01  1.877969e-01  5.592090e-01 -5.928511e-01
 2.001401e-01  1.813151e-01  6.183920e-01 -2.088467e-01
 3.214464e-01  3.014858e-01  1.018844e+00 -1.430533e+00
 7.697542e-01  6.977361e-01  2.630198e-01 -1.275139e+00
 3.124081e-01  3.156174e-01  1.405548e+00 -9.159669e-01
 3.163359e-01  3.149700e-01  1.619090e+00 -3.176844e-01
 6.810075e-01  4.819117e-01  2.028363e-01 -6.787257e-01
 6.303403e-01  4.300086e-01  2.124951e-01 -2.114524e-01
 6.521798e-01  4.885369e-01  5.906163e-01 -5.982524e-01
 6.213630e-01  4.478833e-01  6.484089e-01 -1.989325e-01
 5.995480e-01  1.908473e-01  5.892344e-01 -1.179330e+00
 8.283166e-01  2.503566e-01  2.897373e-01 -1.399041e+00
 5.956283e-01  1.858980e-01  9.970769e-01 -8.116251e-01
 5.890294e-01  1.768246e-01  1.185058e+00 -2.749626e-01
 7.299089e-01  1.683763e-01  2.181318e-01 -7.297276e-01
 6.659574e-01  1.541015e-01  2.084367e-01 -2.207682e-01
 7.050223e-01  1.870237e-01  6.305007e-01 -6.159442e-01
 6.702822e-01  1.690933e-01  6.960620e-01 -2.093224e-01
 9.242917e-01  1.411533e+00 -2.885704e-01  2.997206e-01
 2.866166e-01  1.010022e+00 -5.947366e-01  1.401313e+00
 2.788577e-01  9.445776e-01 -1.079293e+00  8.302072e-01
 2.678175e-01  9.104238e-01 -1.250483e+00  2.800802e-01
 5.733432e-01  1.013201e+00 -1.987714e-01  5.550345e-01
 4.735880e-01  9.198783e-01 -2.116298e-01  1.767186e-01
 3.900628e-01  9.180619e-01 -6.257147e-01  6.022401e-01
 3.522291e-01  8.792086e-01 -7.057052e-01  1.942548e-01
 3.536808e-01  1.715199e+00 -2.841026e-01  3.336689e-01
 3.396162e-01  1.375827e+00 -2.489928e-01  1.154459e+00
 4.210946e-01  1.478621e+00 -7.918518e-01  6.958701e-01
 3.690053e-01  1.400457e+00 -1.046399e+00  2.404370e-01
 2.382104e-01  1.239029e+00 -1.924164e-01  5.632206e-01
 2.023931e-01  1.143988e+00 -2.089852e-01  1.690798e-01
 2.138979e-01  1.182110e+00 -5.747144e-01  5.828405e-01
 2.179082e-01  1.165713e+00 -6.599018e-01  1.823123e-01
 1.399572e+00  9.805816e-01 -3.124931e-01  3.297157e-01
 1.142784e+00  1.000124e+00 -3.064786e-01  1.041566e+00
 8.207439e-01  8.107176e-01 -1.048425e+00  8.758773e-01
 7.850945e-01  7.858630e-01 -1.305465e+00  2.920420e-01
 9.839762e-01  7.407310e-01 -2.294529e-01  5.222695e-01
 9.031527e-01  6.788272e-01 -2.296917e-01  1.639974e-01
 8.905208e-01  7.695236e-01 -6.887310e-01  5.596251e-01
 8.732594e-01  7.665514e-01 -7.765629e-01  1.825639e-01
 1.694666e+00  3.588338e-01 -2.983482e-01  3.313547e-01
 1.348876e+00  3.178558e-01 -3.007116e-01  1.151689e+00
 1.071498e+00  2.934525e-01 -1.064776e+00  9.134439e-01
 1.039397e+00  2.844067e-01 -1.320633e+00  2.979297e-01
 1.230488e+00  2.584794e-01 -2.343255e-01  5.534745e-01
 1.128848e+00  2.237750e-01 -2.422301e-01  1.723900e-01
 1.215007e+00  2.819438e-01 -7.167996e-01  5.786192e-01
 1.171515e+00  2.752016e-01 -7.973382e-01  1.866859e-01
 2.003012e-01  5.809769e-01 -2.552570e-01  1.037708e+00
 2.739784e-01  7.182304e-01 -2.604075e-01  1.341347e+00
 1.804544e-01  5.448598e-01 -8.992507e-01  8.298663e-01
 1.854240e-01  5.198625e-01 -1.139300e+00  2.694302e-01
 2.455225e-01  5.935118e-01 -1.886906e-01  6.584938e-01
 2.268979e-01  5.584551e-01 -1.903684e-01  2.130754e-01
 2.434294e-01  5.892172e-01 -5.765721e-01  6.005390e-01
 2.231966e-01  5.517664e-01 -6.306150e-01  2.058364e-01
 2.172552e-01  1.835306e-01 -3.033787e-01  1.119206e+00
 2.652019e-01  2.709628e-01 -2.480928e-01  1.604036e+00
 1.845874e-01  1.813526e-01 -8.320934e-01  7.846658e-01
 1.925192e-01  1.768313e-01 -1.054833e+00  2.586062e-01
 2.245569e-01  1.751610e-01 -1.953072e-01  6.755702e-01
 2.017444e-01  1.788481e-01 -1.902867e-01  2.165360e-01
 2.156191e-01  1.877969e-01 -5.592090e-01  5.928511e-01
 2.001401e-01  1.813151e-01 -6.183920e-01  2.088467e-01
 3.214464e-01  3.014858e-01 -1.018844e+00  1.430533e+00
 7.697542e-01  6.977361e-01 -2.630198e-01  1.275139e+00
 3.124081e-01  3.156174e-01 -1.405548e+00  9.159669e-01
 3.163359e-01  3.149700e-01 -1.619090e+00  3.176844e-01
 6.810075e-01  4.819117e-01 -2.028363e-01  6.787257e-01
 6.303403e-01  4.300086e-01 -2.124951e-01  2.114524e-01
 6.521798e-01  4.885369e-01 -5.906163e-01  5.982524e-01
 6.213630e-01  4.478833e-01 -6.484089e-01  1.989325e-01
 5.995480e-01  1.908473e-01 -5.892344e-01  1.179330e+00
 8.283166e-01  2.503566e-01 -2.897373e-01  1.399041e+00
 5.956283e-01  1.858980e-01 -9.970769e-01  8.116251e-01
 5.890294e-01  1.768246e-01 -1.185058e+00  2.749626e-01
 7.299089e-01  1.683763e-01 -2.181318e-01  7.297276e-01
 6.659574e-01  1.541015e-01 -2.084367e-01  2.207682e-01
 7.050223e-01  1.870237e-01 -6.305007e-01  6.159442e-01
 6.702822e-01  1.690933e-01 -6.960620e-01  2.093224e-01
 9.242917e-01  1.411533e+00 -2.885704e-01 -2.997206e-01
 2.866166e-01  1.010022e+00 -5.947366e-01 -1.401313e+00
 2.788577e-01  9.445776e-01 -1.079293e+00 -8.302072e-01
 2.678175e-01  9.104238e-01 -1.250483e+00 -2.800802e-01
 5.733432e-01  1.013201e+00 -1.987714e-01 -5.550345e-01
 4.735880e-01  9.198783e-01 -2.116298e-01 -1.767186e-01
 3.900628e-01  9.180619e-01 -6.257147e-01 -6.022401e-01
 3.522291e-01  8.792086e-01 -7.057052e-01 -1.942548e-01
 3.536808e-01  1.715199e+00 -2.841026e-01 -3.336689e-01
 3.396162e-01  1.375827e+00 -2.489928e-01 -1.154459e+00
 4.210946e-01  1.478621e+00 -7.918518e-01 -6.958701e-01
 3.690053e-01  1.400457e+00 -1.046399e+00 -2.404370e-01
 2.382104e-01  1.239029e+00 -1.924164e-01 -5.632206e-01
 2.023931e-01  1.143988e+00 -2.089852e-01 -1.690798e-01
 2.138979e-01  1.182110e+00 -5.747144e-01 -5.828405e-01
 2.179082e-01  1.165713e+00 -6.599018e-01 -1.823123e-01
 1.399572e+00  9.805816e-01 -3.124931e-01 -3.297157e-01
 1.142784e+00  1.000124e+00 -3.064786e-01 -1.041566e+00
 8.207439e-01  8.107176e-01 -1.048425e+00 -8.758773e-01
 7.850945e-01  7.858630e-01 -1.305465e+00 -2.920420e-01
 9.839762e-01  7.407310e-01 -2.294529e-01 -5.222695e-01
 9.031527e-01  6.788272e-01 -2.296917e-01 -1.639974e-01
 8.905208e-01  7.695236e-01 -6.887310e-01 -5.596251e-01
 8.732594e-01  7.665514e-01 -7.765629e-01 -1.825639e-01
 1.694666e+00  3.588338e-01 -2.983482e-01 -3.313547e-01
 1.348876e+00  3.178558e-01 -3.007116e-01 -1.151689e+00
 1.071498e+00  2.934525e-01 -1.064776e+00 -9.134439e-01
 1.039397e+00  2.844067e-01 -1.320633e+00 -2.979297e-01
 1.230488e+00  2.584794e-01 -2.343255e-01 -5.534745e-01
 1.128848e+00  2.237750e-01 -2.422301e-01 -1.723900e-01
 1.215007e+00  2.819438e-01 -7.167996e-01 -5.786192e-01
 1.171515e+00  2.752016e-01 -7.973382e-01 -1.866859e-01
 2.003012e-01  5.809769e-01 -2.552570e-01 -1.037708e+00
 2.739784e-01  7.182304e-01 -2.604075e-01 -1.341347e+00
 1.804544e-01  5.448598e-01 -8.992507e-01 -8.298663e-01
 1.854240e-01  5.198625e-01 -1.139300e+00 -2.694302e-01
 2.455225e-01  5.935118e-01 -1.886906e-01 -6.584938e-01
 2.268979e-01  5.584551e-01 -1.903684e-01 -2.130754e-01
 2.434294e-01  5.892172e-01 -5.765721e-01 -6.005390e-01
 2.231966e-01  5.517664e-01 -6.306150e-01 -2.058364e-01
 2.172552e-01  1.835306e-01 -3.033787e-01 -1.119206e+00
 2.652019e-01  2.709628e-01 -2.480928e-01 -1.604036e+00
 1.845874e-01  1.813526e-01 -8.320934e-01 -7.846658e-01
 1.925192e-01  1.768313e-01 -1.054833e+00 -2.586062e-01
 2.245569e-01  1.751610e-01 -1.953072e-01 -6.755702e-01
 2.017444e-01  1.788481e-01 -1.902867e-01 -2.165360e-01
 2.156191e-01  1.877969e-01 -5.592090e-01 -5.928511e-01
 2.001401e-01  1.813151e-01 -6.183920e-01 -2.088467e-01
 3.214464e-01  3.014858e-01 -1.018844e+00 -1.430533e+00
 7.697542e-01  6.977361e-01 -2.630198e-01 -1.275139e+00
 3.124081e-01  3.156174e-01 -1.405548e+00 -9.159669e-01
 3.163359e-01  3.149700e-01 -1.619090e+00 -3.176844e-01
 6.810075e-01  4.819117e-01 -2.028363e-01 -6.787257e-01
 6.303403e-01  4.300086e-01 -2.124951e-01 -2.114524e-01
 6.521798e-01  4.885369e-01 -5.906163e-01 -5.982524e-01
 6.213630e-01  4.478833e-01 -6.484089e-01 -1.989325e-01
 5.995480e-01  1.908473e-01 -5.892344e-01 -1.179330e+00
 8.283166e-01  2.503566e-01 -2.897373e-01 -1.399041e+00
 5.956283e-01  1.858980e-01 -9.970769e-01 -8.116251e-01
 5.890294e-01  1.768246e-01 -1.185058e+00 -2.749626e-01
 7.299089e-01  1.683763e-01 -2.181318e-01 -7.297276e-01
 6.659574e-01  1.541015e-01 -2.084367e-01 -2.207682e-01
 7.050223e-01  1.870237e-01 -6.305007e-01 -6.159442e-01
 6.702822e-01  1.690933e-01 -6.960620e-01 -2.093224e-01
 9.242917e-01 -1.411533e+00  2.885704e-01  2.997206e-01
 2.866166e-01 -1.010022e+00  5.947366e-01  1.401313e+00
 2.788577e-01 -9.445776e-01  1.079293e+00  8.302072e-01
 2.678175e-01 -9.104238e-01  1.250483e+00  2.800802e-01
 5.733432e-01 -1.013201e+00  1.987714e-01  5.550345e-01
 4.735880e-01 -9.198783e-01  2.116298e-01  1.767186e-01
 3.900628e-01 -9.180619e-01  6.257147e-01  6.022401e-01
 3.522291e-01 -8.792086e-01  7.057052e-01  1.942548e-01
 3.536808e-01 -1.715199e+00  2.841026e-01  3.336689e-01
 3.396162e-01 -1.375827e+00  2.489928e-01  1.154459e+00
 4.210946e-01 -1.478621e+00  7.918518e-01  6.958701e-01
 3.690053e-01 -1.400457e+00  1.046399e+00  2.404370e-01
 2.382104e-01 -1.239029e+00  1.924164e-01  5.632206e-01
 2.023931e-01 -1.143988e+00  2.089852e-01  1.690798e-01
 2.138979e-01 -1.182110e+00  5.747144e-01  5.828405e-01
 2.179082e-01 -1.165713e+00  6.599018e-01  1.823123e-01
 1.399572e+00 -9.805816e-01  3.124931e-01  3.297157e-01
 1.142784e+00 -1.000124e+00  3.064786e-01  1.041566e+00
 8.207439e-01 -8.107176e-01  1.048425e+00  8.758773e-01
 7.850945e-01 -7.858630e-01  1.305465e+00  2.920420e-01
 9.839762e-01 -7.407310e-01  2.294529e-01  5.222695e-01
 9.031527e-01 -6.788272e-01  2.296917e-01  1.639974e-01
 8.905208e-01 -7.695236e-01  6.887310e-01  5.596251e-01
 8.732594e-01 -7.665514e-01  7.765629e-01  1.825639e-01
 1.694666e+00 -3.588338e-01  2.983482e-01  3.313547e-01
 1.348876e+00 -3.178558e-01  3.007116e-01  1.151689e+00
 1.071498e+00 -2.934525e-01  1.064776e+00  9.134439e-01
 1.039397e+00 -2.844067e-01  1.320633e+00  2.979297e-01
 1.230488e+00 -2.584794e-01  2.343255e-01  5.534745e-01
 1.128848e+00 -2.237750e-01  2.422301e-01  1.723900e-01
 1.215007e+00 -2.819438e-01  7.167996e-01  5.786192e-01
 1.171515e+00 -2.752016e-01  7.973382e-01  1.866859e-01
 2.003012e-01 -5.809769e-01  2.552570e-01  1.037708e+00
 2.739784e-01 -7.182304e-01  2.604075e-01  1.341347e+00
 1.804544e-01 -5.448598e-01  8.992507e-01  8.298663e-01
 1.854240e-01 -5.198625e-01  1.139300e+00  2.694302e-01
 2.455225e-01 -5.935118e-01  1.886906e-01  6.584938e-01
 2.268979e-01 -5.584551e-01  1.903684e-01  2.130754e-01
 2.434294e-01 -5.892172e-01  5.765721e-01  6.005390e-01
 2.231966e-01 -5.517664e-01  6.306150e-01  2.058364e-01
 2.172552e-01 -1.835306e-01  3.033787e-01  1.119206e+00
 2.652019e-01 -2.709628e-01  2.480928e-01  1.604036e+00
 1.845874e-01 -1.813526e-01  8.320934e-01  7.846658e-01
 1.925192e-01 -1.768313e-01  1.054833e+00  2.586062e-01
 2.245569e-01 -1.751610e-01  1.953072e-01  6.755702e-01
 2.017444e-01 -1.788481e-01  1.902867e-01  2.165360e-01
 2.156191e-01 -1.877969e-01  5.592090e-01  5.928511e-01
 2.001401e-01 -1.813151e-01  6.183920e-01  2.088467e-01
 3.214464e-01 -3.014858e-01  1.018844e+00  1.430533e+00
 7.697542e-01 -6.977361e-01  2.630198e-01  1.275139e+00
 3.124081e-01 -3.156174e-01  1.405548e+00  9.159669e-01
 3.163359e-01 -3.149700e-01  1.619090e+00  3.176844e-01
 6.810075e-01 -4.819117e-01  2.028363e-01  6.787257e-01
 6.303403e-01 -4.300086e-01  2.124951e-01  2.114524e-01
 6.521798e-01 -4.885369e-01  5.906163e-01  5.982524e-01
 6.213630e-01 -4.478833e-01  6.484089e-01  1.989325e-01
 5.995480e-01 -1.908473e-01  5.892344e-01  1.179330e+00
 8.283166e-01 -2.503566e-01  2.897373e-01  1.399041e+00
 5.956283e-01 -1.858980e-01  9.970769e-01  8.116251e-01
 5.890294e-01 -1.768246e-01  1.185058e+00  2.749626e-01
 7.299089e-01 -1.683763e-01  2.181318e-01  7.297276e-01
 6.659574e-01 -1.541015e-01  2.084367e-01  2.207682e-01
 7.050223e-01 -1.870237e-01  6.305007e-01  6.159442e-01
 6.702822e-01 -1.690933e-01  6.960620e-01  2.093224e-01
 9.242917e-01 -1.411533e+00  2.885704e-01 -2.997206e-01
 2.866166e-01 -1.010022e+00  5.947366e-01 -1.401313e+00
 2.788577e-01 -9.445776e-01  1.079293e+00 -8.302072e-01
 2.678175e-01 -9.104238e-01  1.250483e+00 -2.800802e-01
 5.733432e-01 -1.013201e+00  1.987714e-01 -5.550345e-01
 4.735880e-01 -9.198783e-01  2.116298e-01 -1.767186e-01
 3.900628e-01 -9.180619e-01  6.257147e-01 -6.022401e-01
 3.522291e-01 -8.792086e-01  7.057052e-01 -1.942548e-01
 3.536808e-01 -1.715199e+00  2.841026e-01 -3.336689e-01
 3.396162e-01 -1.375827e+00  2.489928e-01 -1.154459e+00
 4.210946e-01 -1.478621e+00  7.918518e-01 -6.958701e-01
 3.690053e-01 -1.400457e+00  1.046399e+00 -2.404370e-01
 2.382104e-01 -1.239029e+00  1.924164e-01 -5.632206e-01
 2.023931e-01 -1.143988e+00  2.089852e-01 -1.690798e-01
 2.138979e-01 -1.182110e+00  5.747144e-01 -5.828405e-01
 2.179082e-01 -1.165713e+00  6.599018e-01 -1.823123e-01
 1.399572e+00 -9.805816e-01  3.124931e-01 -3.297157e-01
 1.142784e+00 -1.000124e+00  3.064786e-01 -1.041566e+00
 8.207439e-01 -8.107176e-01  1.048425e+00 -8.758773e-01
 7.850945e-01 -7.858630e-01  1.305465e+00 -2.920420e-01
 9.839762e-01 -7.407310e-01  2.294529e-01 -5.222695e-01
 9.031527e-01 -6.788272e-01  2.296917e-01 -1.639974e-01
 8.905208e-01 -7.695236e-01  6.887310e-01 -5.596251e-01
 8.732594e-01 -7.665514e-01  7.765629e-01 -1.825639e-01
 1.694666e+00 -3.588338e-01  2.983482e-01 -3.313547e-01
 1.348876e+00 -3.178558e-01  3.007116e-01 -1.151689e+00
 1.071498e+00 -2.934525e-01  1.064776e+00 -9.134439e-01
 1.039397e+00 -2.844067e-01  1.320633e+00 -2.979297e-01
 1.230488e+00 -2.584794e-01  2.343255e-01 -5.534745e-01
 1.128848e+00 -2.237750e-01  2.422301e-01 -1.723900e-01
 1.215007e+00 -2.819438e-01  7.167996e-01 -5.786192e-01
 1.171515e+00 -2.752016e-01  7.973382e-01 -1.866859e-01
 2.003012e-01 -5.809769e-01  2.552570e-01 -1.037708e+00
 2.739784e-01 -7.182304e-01  2.604075e-01 -1.341347e+00
 1.804544e-01 -5.448598e-01  8.992507e-01 -8.298663e-01
 1.854240e-01 -5.198625e-01  1.139300e+00 -2.694302e-01
 2.455225e-01 -5.935118e-01  1.886906e-01 -6.584938e-01
 2.268979e-01 -5.584551e-01  1.903684e-01 -2.130754e-01
 2.434294e-01 -5.892172e-01  5.765721e-01 -6.005390e-01
 2.231966e-01 -5.517664e-01  6.306150e-01 -2.058364e-01
 2.172552e-01 -1.835306e-01  3.033787e-01 -1.119206e+00
 2.652019e-01 -2.709628e-01  2.480928e-01 -1.604036e+00
 1.845874e-01 -1.813526e-01  8.320934e-01 -7.846658e-01
 1.925192e-01 -1.768313e-01  1.054833e+00 -2.586062e-01
 2.245569e-01 -1.751610e-01  1.953072e-01 -6.755702e-01
 2.017444e-01 -1.788481e-01  1.902867e-01 -2.165360e-01
 2.156191e-01 -1.877969e-01  5.592090e-01 -5.928511e-01
 2.001401e-01 -1.813151e-01  6.183920e-01 -2.088467e-01
 3.214464e-01 -3.014858e-01  1.018844e+00 -1.430533e+00
 7.697542e-01 -6.977361e-01  2.630198e-01 -1.275139e+00
 3.124081e-01 -3.156174e-01  1.405548e+00 -9.159669e-01
 3.163359e-01 -3.149700e-01  1.619090e+00 -3.176844e-01
 6.810075e-01 -4.819117e-01  2.028363e-01 -6.787257e-01
 6.303403e-01 -4.300086e-01  2.124951e-01 -2.114524e-01
 6.521798e-01 -4.885369e-01  5.906163e-01 -5.982524e-01
 6.213630e-01 -4.478833e-01  6.484089e-01 -1.989325e-01
 5.995480e-01 -1.908473e-01  5.892344e-01 -1.179330e+00
 8.283166e-01 -2.503566e-01  2.897373e-01 -1.399041e+00
 5.956283e-01 -1.858980e-01  9.970769e-01 -8.116251e-01
 5.890294e-01 -1.768246e-01  1.185058e+00 -2.749626e-01
 7.299089e-01 -1.683763e-01  2.181318e-01 -7.297276e-01
 6.659574e-01 -1.541015e-01  2.084367e-01 -2.207682e-01
 7.050223e-01 -1.870237e-01  6.305007e-01 -6.159442e-01
 6.702822e-01 -1.690933e-01  6.960620e-01 -2.093224e-01
 9.242917e-01 -1.411533e+00 -2.885704e-01  2.997206e-01
 2.866166e-01 -1.010022e+00 -5.947366e-01  1.401313e+00
 2.788577e-01 -9.445776e-01 -1.079293e+00  8.302072e-01
 2.678175e-01 -9.104238e-01 -1.250483e+00  2.800802e-01
 5.733432e-01 -1.013201e+00 -1.987714e-01  5.550345e-01
 4.735880e-01 -9.198783e-01 -2.116298e-01  1.767186e-01
 3.900628e-01 -9.180619e-01 -6.257147e-01  6.022401e-01
 3.522291e-01 -8.792086e-01 -7.057052e-01  1.942548e-01
 3.536808e-01 -1.715199e+00 -2.841026e-01  3.336689e-01
 3.396162e-01 -1.375827e+00 -2.489928e-01  1.154459e+00
 4.210946e-01 -1.478621e+00 -7.918518e-01  6.958701e-01
 3.690053e-01 -1.400457e+00 -1.046399e+00  2.404370e-01
 2.382104e-01 -1.239029e+00 -1.924164e-01  5.632206e-01
 2.023931e-01 -1.143988e+00 -2.089852e-01  1.690798e-01
 2.138979e-01 -1.182110e+00 -5.747144e-01  5.828405e-01
 2.179082e-01 -1.165713e+00 -6.599018e-01  1.823123e-01
 1.399572e+00 -9.805816e-01 -3.124931e-01  3.297157e-01
 1.142784e+00 -1.000124e+00 -3.064786e-01  1.041566e+00
 8.207439e-01 -8.107176e-01 -1.048425e+00  8.758773e-01
 7.850945e-01 -7.858630e-01 -1.305465e+00  2.920420e-01
 9.839762e-01 -7.407310e-01 -2.294529e-01  5.222695e-01
 9.031527e-01 -6.788272e-01 -2.296917e-01  1.639974e-01
 8.905208e-01 -7.695236e-01 -6.887310e-01  5.596251e-01
 8.732594e-01 -7.665514e-01 -7.765629e-01  1.825639e-01
 1.694666e+00 -3.588338e-01 -2.983482e-01  3.313547e-01
 1.348876e+00 -3.178558e-01 -3.007116e-01  1.151689e+00
 1.071498e+00 -2.934525e-01 -1.064776e+00  9.134439e-01
 1.039397e+00 -2.844067e-01 -1.320633e+00  2.979297e-01
 1.230488e+00 -2.584794e-01 -2.343255e-01  5.534745e-01
 1.128848e+00 -2.237750e-01 -2.422301e-01  1.723900e-01
 1.215007e+00 -2.819438e-01 -7.167996e-01  5.786192e-01
 1.171515e+00 -2.752016e-01 -7.973382e-01  1.866859e-01
 2.003012e-01 -5.809769e-01 -2.552570e-01  1.037708e+00
 2.739784e-01 -7.182304e-01 -2.604075e-01  1.341347e+00
 1.804544e-01 -5.448598e-01 -8.992507e-01  8.298663e-01
 1.854240e-01 -5.198625e-01 -1.139300e+00  2.694302e-01
 2.455225e-01 -5.935118e-01 -1.886906e-01  6.584938e-01
 2.268979e-01 -5.584551e-01 -1.903684e-01  2.130754e-01
 2.434294e-01 -5.892172e-01 -5.765721e-01  6.005390e-01
 2.231966e-01 -5.517664e-01 -6.306150e-01  2.058364e-01
 2.172552e-01 -1.835306e-01 -3.033787e-01  1.119206e+00
 2.652019e-01 -2.709628e-01 -2.480928e-01  1.604036e+00
 1.845874e-01 -1.813526e-01 -8.320934e-01  7.846658e-01
 1.925192e-01 -1.768313e-01 -1.054833e+00  2.586062e-01
 2.245569e-01 -1.751610e-01 -1.953072e-01  6.755702e-01
 2.017444e-01 -1.788481e-01 -1.902867e-01  2.165360e-01
 2.156191e-01 -1.877969e-01 -5.592090e-01  5.928511e-01
 2.001401e-01 -1.813151e-01 -6.183920e-01  2.088467e-01
 3.214464e-01 -3.014858e-01 -1.018844e+00  1.430533e+00
 7.697542e-01 -6.977361e-01 -2.630198e-01  1.275139e+00
 3.124081e-01 -3.156174e-01 -1.405548e+00  9.159669e-01
 3.163359e-01 -3.149700e-01 -1.619090e+00  3.176844e-01
 6.810075e-01 -4.819117e-01 -2.028363e-01  6.787257e-01
 6.303403e-01 -4.300086e-01 -2.124951e-01  2.114524e-01
 6.521798e-01 -4.885369e-01 -5.906163e-01  5.982524e-01
 6.213630e-01 -4.478833e-01 -6.484089e-01  1.989325e-01
 5.995480e-01 -1.908473e-01 -5.892344e-01  1.179330e+00
 8.283166e-01 -2.503566e-01 -2.897373e-01  1.399041e+00
 5.956283e-01 -1.858980e-01 -9.970769e-01  8.116251e-01
 5.890294e-01 -1.768246e-01 -1.185058e+00  2.749626e-01
 7.299089e-01 -1.683763e-01 -2.181318e-01  7.297276e-01
 6.659574e-01 -1.541015e-01 -2.084367e-01  2.207682e-01
 7.050223e-01 -1.870237e-01 -6.305007e-01  6.159442e-01
 6.702822e-01 -1.690933e-01 -6.960620e-01  2.093224e-01
 9.242917e-01 -1.411533e+00 -2.885704e-01 -2.997206e-01
 2.866166e-01 -1.010022e+00 -5.947366e-01 -1.401313e+00
 2.788577e-01 -9.445776e-01 -1.079293e+00 -8.302072e-01
 2.678175e-01 -9.104238e-01 -1.250483e+00 -2.800802e-01
 5.733432e-01 -1.013201e+00 -1.987714e-01 -5.550345e-01
 4.735880e-01 -9.198783e-01 -2.116298e-01 -1.767186e-01
 3.900628e-01 -9.180619e-01 -6.257147e-01 -6.022401e-01
 3.522291e-01 -8.792086e-01 -7.057052e-01 -1.942548e-01
 3.536808e-01 -1.715199e+00 -2.841026e-01 -3.336689e-01
 3.396162e-01 -1.375827e+00 -2.489928e-01 -1.154459e+00
 4.210946e-01 -1.478621e+00 -7.918518e-01 -6.958701e-01
 3.690053e-01 -1.400457e+00 -1.046399e+00 -2.404370e-01
 2.382104e-01 -1.239029e+00 -1.924164e-01 -5.632206e-01
 2.023931e-01 -1.143988e+00 -2.089852e-01 -1.690798e-01
 2.138979e-01 -1.182110e+00 -5.747144e-01 -5.828405e-01
 2.179082e-01 -1.165713e+00 -6.599018e-01 -1.823123e-01
 1.399572e+00 -9.805816e-01 -3.124931e-01 -3.297157e-01
 1.142784e+00 -1.000124e+00 -3.064786e-01 -1.041566e+00
 8.207439e-01 -8.107176e-01 -1.048425e+00 -8.758773e-01
 7.850945e-01 -7.858630e-01 -1.305465e+00 -2.920420e-01
 9.839762e-01 -7.407310e-01 -2.294529e-01 -5.222695e-01
 9.031527e-01 -6.788272e-01 -2.296917e-01 -1.639974e-01
 8.905208e-01 -7.695236e-01 -6.887310e-01 -5.596251e-01
 8.732594e-01 -7.665514e-01 -7.765629e-01 -1.825639e-01
 1.694666e+00 -3.588338e-01 -2.983482e-01 -3.313547e-01
 1.348876e+00 -3.178558e-01 -3.007116e-01 -1.151689e+00
 1.071498e+00 -2.934525e-01 -1.064776e+00 -9.134439e-01
 1.039397e+00 -2.844067e-01 -1.320633e+00 -2.979297e-01
 1.230488e+00 -2.584794e-01 -2.343255e-01 -5.534745e-01
 1.128848e+00 -2.237750e-01 -2.422301e-01 -1.723900e-01
 1.215007e+00 -2.819438e-01 -7.167996e-01 -5.786192e-01
 1.171515e+00 -2.752016e-01 -7.973382e-01 -1.866859e-01
 2.003012e-01 -5.809769e-01 -2.552570e-01 -1.037708e+00
 2.739784e-01 -7.182304e-01 -2.604075e-01 -1.341347e+00
 1.804544e-01 -5.448598e-01 -8.992507e-01 -8.298663e-01
 1.854240e-01 -5.198625e-01 -1.139300e+00 -2.694302e-01
 2.455225e-01 -5.935118e-01 -1.886906e-01 -6.584938e-01
 2.268979e-01 -5.584551e-01 -1.903684e-01 -2.130754e-01
 2.434294e-01 -5.892172e-01 -5.765721e-01 -6.005390e-01
 2.231966e-01 -5.517664e-01 -6.306150e-01 -2.058364e-01
 2.172552e-01 -1.835306e-01 -3.033787e-01 -1.119206e+00
 2.652019e-01 -2.709628e-01 -2.480928e-01 -1.604036e+00
 1.845874e-01 -1.813526e-01 -8.320934e-01 -7.846658e-01
 1.925192e-01 -1.768313e-01 -1.054833e+00 -2.586062e-01
 2.245569e-01 -1.751610e-01 -1.953072e-01 -6.755702e-01
 2.017444e-01 -1.788481e-01 -1.902867e-01 -2.165360e-01
 2.156191e-01 -1.877969e-01 -5.592090e-01 -5.928511e-01
 2.001401e-01 -1.813151e-01 -6.183920e-01 -2.088467e-01
 3.214464e-01 -3.014858e-01 -1.018844e+00 -1.430533e+00
 7.697542e-01 -6.977361e-01 -2.630198e-01 -1.275139e+00
 3.124081e-01 -3.156174e-01 -1.405548e+00 -9.159669e-01
 3.163359e-01 -3.149700e-01 -1.619090e+00 -3.176844e-01
 6.810075e-01 -4.819117e-01 -2.028363e-01 -6.787257e-01
 6.303403e-01 -4.300086e-01 -2.124951e-01 -2.114524e-01
 6.521798e-01 -4.885369e-01 -5.906163e-01 -5.982524e-01
 6.213630e-01 -4.478833e-01 -6.484089e-01 -1.989325e-01
 5.995480e-01 -1.908473e-01 -5.892344e-01 -1.179330e+00
 8.283166e-01 -2.503566e-01 -2.897373e-01 -1.399041e+00
 5.956283e-01 -1.858980e-01 -9.970769e-01 -8.116251e-01
 5.890294e-01 -1.768246e-01 -1.185058e+00 -2.749626e-01
 7.299089e-01 -1.683763e-01 -2.181318e-01 -7.297276e-01
 6.659574e-01 -1.541015e-01 -2.084367e-01 -2.207682e-01
 7.050223e-01 -1.870237e-01 -6.305007e-01 -6.159442e-01
 6.702822e-01 -1.690933e-01 -6.960620e-01 -2.093224e-01
-9.242917e-01  1.411533e+00  2.885704e-01  2.997206e-01
-2.866166e-01  1.010022e+00  5.947366e-01  1.401313e+00
-2.788577e-01  9.445776e-01  1.079293e+00  8.302072e-01
-2.678175e-01  9.104238e-01  1.250483e+00  2.800802e-01
-5.733432e-01  1.013201e+00  1.987714e-01  5.550345e-01
-4.735880e-01  9.198783e-01  2.116298e-01  1.767186e-01
-3.900628e-01  9.180619e-01  6.257147e-01  6.022401e-01
-3.522291e-01  8.792086e-01  7.057052e-01  1.942548e-01
-3.536808e-01  1.715199e+00  2.841026e-01  3.336689e-01
-3.396162e-01  1.375827e+00  2.489928e-01  1.154459e+00
-4.210946e-01  1.478621e+00  7.918518e-01  6.958701e-01
-3.690053e-01  1.400457e+00  1.046399e+00  2.404370e-01
-2.382104e-01  1.239029e+00  1.924164e-01  5.632206e-01
-2.023931e-01  1.143988e+00  2.089852e-01  1.690798e-01
-2.138979e-01  1.182110e+00  5.747144e-01  5.828405e-01
-2.179082e-01  1.165713e+00  6.599018e-01  1.823123e-01
-1.399572e+00  9.805816e-01  3.124931e-01  3.297157e-01
-1.142784e+00  1.000124e+00  3.064786e-01  1.041566e+00
-8.207439e-01  8.107176e-01  1.048425e+00  8.758773e-01
-7.850945e-01  7.858630e-01  1.305465e+00  2.920420e-01
-9.839762e-01  7.407310e-01  2.294529e-01  5.222695e-01
-9.031527e-01  6.788272e-01  2.296917e-01  1.639974e-01
-8.905208e-01  7.695236e-01  6.887310e-01  5.596251e-01
-8.732594e-01  7.665514e-01  7.765629e-01  1.825639e-01
-1.694666e+00  3.588338e-01  2.983482e-01  3.313547e-01
-1.348876e+00  3.178558e-01  3.007116e-01  1.151689e+00
-1.071498e+00  2.934525e-01  1.064776e+00  9.134439e-01
-1.039397e+00  2.844067e-01  1.320633e+00  2.979297e-01
-1.230488e+00  2.584794e-01  2.343255e-01  5.534745e-01
-1.128848e+00  2.237750e-01  2.422301e-01  1.723900e-01
-1.215007e+00  2.819438e-01  7.167996e-01  5.786192e-01
-1.171515e+00  2.752016e-01  7.973382e-01  1.866859e-01
-2.003012e-01  5.809769e-01  2.552570e-01  1.037708e+00
-2.739784e-01  7.182304e-01  2.604075e-01  1.341347e+00
-1.804544e-01  5.448598e-01  8.992507e-01  8.298663e-01
-1.854240e-01  5.198625e-01  1.139300e+00  2.694302e-01
-2.455225e-01  5.935118e-01  1.886906e-01  6.584938e-01
-2.268979e-01  5.584551e-01  1.903684e-01  2.130754e-01
-2.434294e-01  5.892172e-01  5.765721e-01  6.005390e-01
-2.231966e-01  5.517664e-01  6.306150e-01  2.058364e-01
-2.172552e-01  1.835306e-01  3.033787e-01  1.119206e+00
-2.652019e-01  2.709628e-01  2.480928e-01  1.604036e+00
-1.845874e-01  1.813526e-01  8.320934e-01  7.846658e-01
-1.925192e-01  1.768313e-01  1.054833e+00  2.586062e-01
-2.245569e-01  1.751610e-01  1.953072e-01  6.755702e-01
-2.017444e-01  1.788481e-01  1.902867e-01  2.165360e-01
-2.156191e-01  1.877969e-01  5.592090e-01  5.928511e-01
-2.001401e-01  1.813151e-01  6.183920e-01  2.088467e-01
-3.214464e-01  3.014858e-01  1.018844e+00  1.430533e+00
-7.697542e-01  6.977361e-01  2.630198e-01  1.275139e+00
-3.124081e-01  3.156174e-01  1.405548e+00  9.159669e-01
-3.163359e-01  3.149700e-01  1.619090e+00  3.176844e-01
-6.810075e-01  4.819117e-01  2.028363e-01  6.787257e-01
-6.303403e-01  4.300086e-01  2.124951e-01  2.114524e-01
-6.521798e-01  4.885369e-01  5.906163e-01  5.982524e-01
-6.213630e-01  4.478833e-01  6.484089e-01  1.989325e-01
-5.995480e-01  1.908473e-01  5.892344e-01  1.179330e+00
-8.283166e-01  2.503566e-01  2.897373e-01  1.399041e+00
-5.956283e-01  1.858980e-01  9.970769e-01  8.116251e-01
-5.890294e-01  1.768246e-01  1.185058e+00  2.749626e-01
-7.299089e-01  1.683763e-01  2.181318e-01  7.297276e-01
-6.659574e-01  1.541015e-01  2.084367e-01  2.207682e-01
-7.050223e-01  1.870237e-01  6.305007e-01  6.159442e-01
-6.702822e-01  1.690933e-01  6.960620e-01  2.093224e-01
-9.242917e-01  1.411533e+00  2.885704e-01 -2.997206e-01
-2.866166e-01  1.010022e+00  5.947366e-01 -1.401313e+00
-2.788577e-01  9.445776e-01  1.079293e+00 -8.302072e-01
-2.678175e-01  9.104238e-01  1.250483e+00 -2.800802e-01
-5.733432e-01  1.013201e+00  1.987714e-01 -5.550345e-01
-4.735880e-01  9.198783e-01  2.116298e-01 -1.767186e-01
-3.900628e-01  9.180619e-01  6.257147e-01 -6.022401e-01
-3.522291e-01  8.792086e-01  7.057052e-01 -1.942548e-01
-3.536808e-01  1.715199e+00  2.841026e-01 -3.336689e-01
-3.396162e-01  1.375827e+00  2.489928e-01 -1.154459e+00
-4.210946e-01  1.478621e+00  7.918518e-01 -6.958701e-01
-3.690053e-01  1.400457e+00  1.046399e+00 -2.404370e-01
-2.382104e-01  1.239029e+00  1.924164e-01 -5.632206e-01
-2.023931e-01  1.143988e+00  2.089852e-01 -1.690798e-01
-2.138979e-01  1.182110e+00  5.747144e-01 -5.828405e-01
-2.179082e-01  1.165713e+00  6.599018e-01 -1.823123e-01
-1.399572e+00  9.805816e-01  3.124931e-01 -3.297157e-01
-1.142784e+00  1.000124e+00  3.064786e-01 -1.041566e+00
-8.207439e-01  8.107176e-01  1.048425e+00 -8.758773e-01
-7.850945e-01  7.858630e-01  1.305465e+00 -2.920420e-01
-9.839762e-01  7.407310e-01  2.294529e-01 -5.222695e-01
-9.031527e-01  6.788272e-01  2.296917e-01 -1.639974e-01
-8.905208e-01  7.695236e-01  6.887310e-01 -5.596251e-01
-8.732594e-01  7.665514e-01  7.765629e-01 -1.825639e-01
-1.694666e+00  3.588338e-01  2.983482e-01 -3.313547e-01
-1.348876e+00  3.178558e-01  3.007116e-01 -1.151689e+00
-1.071498e+00  2.934525e-01  1.064776e+00 -9.134439e-01
-1.039397e+00  2.844067e-01  1.320633e+00 -2.979297e-01
-1.230488e+00  2.584794e-01  2.343255e-01 -5.534745e-01
-1.128848e+00  2.237750e-01  2.422301e-01 -1.723900e-01
-1.215007e+00  2.819438e-01  7.167996e-01 -5.786192e-01
-1.171515e+00  2.752016e-01  7.973382e-01 -1.866859e-01
-2.003012e-01  5.809769e-01  2.552570e-01 -1.037708e+00
-2.739784e-01  7.182304e-01  2.604075e-01 -1.341347e+00
-1.804544e-01  5.448598e-01  8.992507e-01 -8.298663e-01
-1.854240e-01  5.198625e-01  1.139300e+00 -2.694302e-01
-2.455225e-01  5.935118e-01  1.886906e-01 -6.584938e-01
-2.268979e-01  5.584551e-01  1.903684e-01 -2.130754e-01
-2.434294e-01  5.892172e-01  5.765721e-01 -6.005390e-01
-2.231966e-01  5.517664e-01  6.306150e-01 -2.058364e-01
-2.172552e-01  1.835306e-01  3.033787e-01 -1.119206e+00
-2.652019e-01  2.709628e-01  2.480928e-01 -1.604036e+00
-1.845874e-01  1.813526e-01  8.320934e-01 -7.846658e-01
-1.925192e-01  1.768313e-01  1.054833e+00 -2.586062e-01
-2.245569e-01  1.751610e-01  1.953072e-01 -6.755702e-01
-2.017444e-01  1.788481e-01  1.902867e-01 -2.165360e-01
-2.156191e-01  1.877969e-01  5.592090e-01 -5.928511e-01
-2.001401e-01  1.813151e-01  6.183920e-01 -2.088467e-01
-3.214464e-01  3.014858e-01  1.018844e+00 -1.430533e+00
-7.697542e-01  6.977361e-01  2.630198e-01 -1.275139e+00
-3.124081e-01  3.156174e-01  1.405548e+00 -9.159669e-01
-3.163359e-01  3.149700e-01  1.619090e+00 -3.176844e-01
-6.810075e-01  4.819117e-01  2.028363e-01 -6.787257e-01
-6.303403e-01  4.300086e-01  2.124951e-01 -2.114524e-01
-6.521798e-01  4.885369e-01  5.906163e-01 -5.982524e-01
-6.213630e-01  4.478833e-01  6.484089e-01 -1.989325e-01
-5.995480e-01  1.908473e-01  5.892344e-01 -1.179330e+00
-8.283166e-01  2.503566e-01  2.897373e-01 -1.399041e+00
-5.956283e-01  1.858980e-01  9.970769e-01 -8.116251e-01
-5.890294e-01  1.768246e-01  1.185058e+00 -2.749626e-01
-7.299089e-01  1.683763e-01  2.181318e-01 -7.297276e-01
-6.659574e-01  1.541015e-01  2.084367e-01 -2.207682e-01
-7.050223e-01  1.870237e-01  6.305007e-01 -6.159442e-01
-6.702822e-01  1.690933e-01  6.960620e-01 -2.093224e-01
-9.242917e-01  1.411533e+00 -2.885704e-01  2.997206e-01
-2.866166e-01  1.010022e+00 -5.947366e-01  1.401313e+00
-2.788577e-01  9.445776e-01 -1.079293e+00  8.302072e-01
-2.678175e-01  9.104238e-01 -1.250483e+00  2.800802e-01
-5.733432e-01  1.013201e+00 -1.987714e-01  5.550345e-01
-4.735880e-01  9.198783e-01 -2.116298e-01  1.767186e-01
-3.900628e-01  9.180619e-01 -6.257147e-01  6.022401e-01
-3.522291e-01  8.792086e-01 -7.057052e-01  1.942548e-01
-3.536808e-01  1.715199e+00 -2.841026e-01  3.336689e-01
-3.396162e-01  1.375827e+00 -2.489928e-01  1.154459e+00
-4.210946e-01  1.478621e+00 -7.918518e-01  6.958701e-01
-3.690053e-01  1.400457e+00 -1.046399e+00  2.404370e-01
-2.382104e-01  1.239029e+00 -1.924164e-01  5.632206e-01
-2.023931e-01  1.143988e+00 -2.089852e-01  1.690798e-01
-2.138979e-01  1.182110e+00 -5.747144e-01  5.828405e-01
-2.179082e-01  1.165713e+00 -6.599018e-01  1.823123e-01
-1.399572e+00  9.805816e-01 -3.124931e-01  3.297157e-01
-1.142784e+00  1.000124e+00 -3.064786e-01  1.041566e+00
-8.207439e-01  8.107176e-01 -1.048425e+00  8.758773e-01
-7.850945e-01  7.858630e-01 -1.305465e+00  2.920420e-01
-9.839762e-01  7.407310e-01 -2.294529e-01  5.222695e-01
-9.031527e-01  6.788272e-01 -2.296917e-01  1.639974e-01
-8.905208e-01  7.695236e-01 -6.887310e-01  5.596251e-01
-8.732594e-01  7.665514e-01 -7.765629e-01  1.825639e-01
-1.694666e+00  3.588338e-01 -2.983482e-01  3.313547e-01
-1.348876e+00  3.178558e-01 -3.007116e-01  1.151689e+00
-1.071498e+00  2.934525e-01 -1.064776e+00  9.134439e-01
-1.039397e+00  2.844067e-01 -1.320633e+00  2.979297e-01
-1.230488e+00  2.584794e-01 -2.343255e-01  5.534745e-01
-1.128848e+00  2.237750e-01 -2.422301e-01  1.723900e-01
-1.215007e+00  2.819438e-01 -7.167996e-01  5.786192e-01
-1.171515e+00  2.752016e-01 -7.973382e-01  1.866859e-01
-2.003012e-01  5.809769e-01 -2.552570e-01  1.037708e+00
-2.739784e-01  7.182304e-01 -2.604075e-01  1.341347e+00
-1.804544e-01  5.448598e-01 -8.992507e-01  8.298663e-01
-1.854240e-01  5.198625e-01 -1.139300e+00  2.694302e-01
-2.455225e-01  5.935118e-01 -1.886906e-01  6.584938e-01
-2.268979e-01  5.584551e-01 -1.903684e-01  2.130754e-01
-2.434294e-01  5.892172e-01 -5.765721e-01  6.005390e-01
-2.231966e-01  5.517664e-01 -6.306150e-01  2.058364e-01
-2.172552e-01  1.835306e-01 -3.033787e-01  1.119206e+00
-2.652019e-01  2.709628e-01 -2.480928e-01  1.604036e+00
-1.845874e-01  1.813526e-01 -8.320934e-01  7.846658e-01
-1.925192e-01  1.768313e-01 -1.054833e+00  2.586062e-01
-2.245569e-01  1.751610e-01 -1.953072e-01  6.755702e-01
-2.017444e-01  1.788481e-01 -1.902867e-01  2.165360e-01
-2.156191e-01  1.877969e-01 -5.592090e-01  5.928511e-01
-2.001401e-01  1.813151e-01 -6.183920e-01  2.088467e-01
-3.214464e-01  3.014858e-01 -1.018844e+00  1.430533e+00
-7.697542e-01  6.977361e-01 -2.630198e-01  1.275139e+00
-3.124081e-01  3.156174e-01 -1.405548e+00  9.159669e-01
-3.163359e-01  3.149700e-01 -1.619090e+00  3.176844e-01
-6.810075e-01  4.819117e-01 -2.028363e-01  6.787257e-01
-6.303403e-01  4.300086e-01 -2.124951e-01  2.114524e-01
-6.521798e-01  4.885369e-01 -5.906163e-01  5.982524e-01
-6.213630e-01  4.478833e-01 -6.484089e-01  1.989325e-01
-5.995480e-01  1.908473e-01 -5.892344e-01  1.179330e+00
-8.283166e-01  2.503566e-01 -2.897373e-01  1.399041e+00
-5.956283e-01  1.858980e-01 -9.970769e-01  8.116251e-01
-5.890294e-01  1.768246e-01 -1.185058e+00  2.749626e-01
-7.299089e-01  1.683763e-01 -2.181318e-01  7.297276e-01
-6.659574e-01  1.541015e-01 -2.084367e-01  2.207682e-01
-7.050223e-01  1.870237e-01 -6.305007e-01  6.159442e-01
-6.702822e-01  1.690933e-01 -6.960620e-01  2.093224e-01
-9.242917e-01  1.411533e+00 -2.885704e-01 -2.997206e-01
-2.866166e-01  1.010022e+00 -5.947366e-01 -1.401313e+00
-2.788577e-01  9.445776e-01 -1.079293e+00 -8.302072e-01
-2.678175e-01  9.104238e-01 -1.250483e+00 -2.800802e-01
-5.733432e-01  1.013201e+00 -1.987714e-01 -5.550345e-01
-4.735880e-01  9.198783e-01 -2.116298e-01 -1.767186e-01
-3.900628e-01  9.180619e-01 -6.257147e-01 -6.022401e-01
-3.522291e-01  8.792086e-01 -7.057052e-01 -1.942548e-01
-3.536808e-01  1.715199e+00 -2.841026e-01 -3.336689e-01
-3.396162e-01  1.375827e+00 -2.489928e-01 -1.154459e+00
-4.210946e-01  1.478621e+00 -7.918518e-01 -6.958701e-01
-3.690053e-01  1.400457e+00 -1.046399e+00 -2.404370e-01
-2.382104e-01  1.239029e+00 -1.924164e-01 -5.632206e-01
-2.023931e-01  1.143988e+00 -2.089852e-01 -1.690798e-01
-2.138979e-01  1.182110e+00 -5.747144e-01 -5.828405e-01
-2.179082e-01  1.165713e+00 -6.599018e-01 -1.823123e-01
-1.399572e+00  9.805816e-01 -3.124931e-01 -3.297157e-01
-1.142784e+00  1.000124e+00 -3.064786e-01 -1.041566e+00
-8.207439e-01  8.107176e-01 -1.048425e+00 -8.758773e-01
-7.850945e-01  7.858630e-01 -1.305465e+00 -2.920420e-01
-9.839762e-01  7.407310e-01 -2.294529e-01 -5.222695e-01
-9.031527e-01  6.788272e-01 -2.296917e-01 -1.639974e-01
-8.905208e-01  7.695236e-01 -6.887310e-01 -5.596251e-01
-8.732594e-01  7.665514e-01 -7.765629e-01 -1.825639e-01
-1.694666e+00  3.588338e-01 -2.983482e-01 -3.313547e-01
-1.348876e+00  3.178558e-01 -3.007116e-01 -1.151689e+00
-1.071498e+00  2.934525e-01 -1.064776e+00 -9.134439e-01
-1.039397e+00  2.844067e-01 -1.320633e+00 -2.979297e-01
-1.230488e+00  2.584794e-01 -2.343255e-01 -5.534745e-01
-1.128848e+00  2.237750e-01 -2.422301e-01 -1.723900e-01
-1.215007e+00  2.819438e-01 -7.167996e-01 -5.786192e-01
-1.171515e+00  2.752016e-01 -7.973382e-01 -1.866859e-01
-2.003012e-01  5.809769e-01 -2.552570e-01 -1.037708e+00
-2.739784e-01  7.182304e-01 -2.604075e-01 -1.341347e+00
-1.804544e-01  5.448598e-01 -8.992507e-01 -8.298663e-01
-1.854240e-01  5.198625e-01 -1.139300e+00 -2.694302e-01
-2.455225e-01  5.935118e-01 -1.886906e-01 -6.584938e-01
-2.268979e-01  5.584551e-01 -1.903684e-01 -2.130754e-01
-2.434294e-01  5.892172e-01 -5.765721e-01 -6.005390e-01
-2.231966e-01  5.517664e-01 -6.306150e-01 -2.058364e-01
-2.172552e-01  1.835306e-01 -3.033787e-01 -1.119206e+00
-2.652019e-01  2.709628e-01 -2.480928e-01 -1.604036e+00
-1.845874e-01  1.813526e-01 -8.320934e-01 -7.846658e-01
-1.925192e-01  1.768313e-01 -1.054833e+00 -2.586062e-01
-2.245569e-01  1.751610e-01 -1.953072e-01 -6.755702e-01
-2.017444e-01  1.788481e-01 -1.902867e-01 -2.165360e-01
-2.156191e-01  1.877969e-01 -5.592090e-01 -5.928511e-01
-2.001401e-01  1.813151e-01 -6.183920e-01 -2.088467e-01
-3.214464e-01  3.014858e-01 -1.018844e+00 -1.430533e+00
-7.697542e-01  6.977361e-01 -2.630198e-01 -1.275139e+00
-3.124081e-01  3.156174e-01 -1.405548e+00 -9.159669e-01
-3.163359e-01  3.149700e-01 -1.619090e+00 -3.176844e-01
-6.810075e-01  4.819117e-01 -2.028363e-01 -6.787257e-01
-6.303403e-01  4.300086e-01 -2.124951e-01 -2.114524e-01
-6.521798e-01  4.885369e-01 -5.906163e-01 -5.982524e-01
-6.213630e-01  4.478833e-01 -6.484089e-01 -1.989325e-01
-5.995480e-01  1.908473e-01 -5.892344e-01 -1.179330e+00
-8.283166e-01  2.503566e-01 -2.897373e-01 -1.399041e+00
-5.956283e-01  1.858980e-01 -9.970769e-01 -8.116251e-01
-5.890294e-01  1.768246e-01 -1.185058e+00 -2.749626e-01
-7.299089e-01  1.683763e-01 -2.181318e-01 -7.297276e-01
-6.659574e-01  1.541015e-01 -2.084367e-01 -2.207682e-01
-7.050223e-01  1.870237e-01 -6.305007e-01 -6.159442e-01
-6.702822e-01  1.690933e-01 -6.960620e-01 -2.093224e-01
-9.242917e-01 -1.411533e+00  2.885704e-01  2.997206e-01
-2.866166e-01 -1.010022e+00  5.947366e-01  1.401313e+00
-2.788577e-01 -9.445776e-01  1.079293e+00  8.302072e-01
-2.678175e-01 -9.104238e-01  1.250483e+00  2.800802e-01
-5.733432e-01 -1.013201e+00  1.987714e-01  5.550345e-01
-4.735880e-01 -9.198783e-01  2.116298e-01  1.767186e-01
-3.900628e-01 -9.180619e-01  6.257147e-01  6.022401e-01
-3.522291e-01 -8.792086e-01  7.057052e-01  1.942548e-01
-3.536808e-01 -1.715199e+00  2.841026e-01  3.336689e-01
-3.396162e-01 -1.375827e+00  2.489928e-01  1.154459e+00
-4.210946e-01 -1.478621e+00  7.918518e-01  6.958701e-01
-3.690053e-01 -1.400457e+00  1.046399e+00  2.404370e-01
-2.382104e-01 -1.239029e+00  1.924164e-01  5.632206e-01
-2.023931e-01 -1.143988e+00  2.089852e-01  1.690798e-01
-2.138979e-01 -1.182110e+00  5.747144e-01  5.828405e-01
-2.179082e-01 -1.165713e+00  6.599018e-01  1.823123e-01
-1.399572e+00 -9.805816e-01  3.124931e-01  3.297157e-01
-1.142784e+00 -1.000124e+00  3.064786e-01  1.041566e+00
-8.207439e-01 -8.107176e-01  1.048425e+00  8.758773e-01
-7.850945e-01 -7.858630e-01  1.305465e+00  2.920420e-01
-9.839762e-01 -7.407310e-01  2.294529e-01  5.222695e-01
-9.031527e-01 -6.788272e-01  2.296917e-01  1.639974e-01
-8.905208e-01 -7.695236e-01  6.887310e-01  5.596251e-01
-8.732594e-01 -7.665514e-01  7.765629e-01  1.825639e-01
-1.694666e+00 -3.588338e-01  2.983482e-01  3.313547e-01
-1.348876e+00 -3.178558e-01  3.007116e-01  1.151689e+00
-1.071498e+00 -2.934525e-01  1.064776e+00  9.134439e-01
-1.039397e+00 -2.844067e-01  1.320633e+00  2.979297e-01
-1.230488e+00 -2.584794e-01  2.343255e-01  5.534745e-01
-1.128848e+00 -2.237750e-01  2.422301e-01  1.723900e-01
-1.215007e+00 -2.819438e-01  7.167996e-01  5.786192e-01
-1.171515e+00 -2.752016e-01  7.973382e-01  1.866859e-01
-2.003012e-01 -5.809769e-01  2.552570e-01  1.037708e+00
-2.739784e-01 -7.182304e-01  2.604075e-01  1.341347e+00
-1.804544e-01 -5.448598e-01  8.992507e-01  8.298663e-01
-1.854240e-01 -5.198625e-01  1.139300e+00  2.694302e-01
-2.455225e-01 -5.935118e-01  1.886906e-01  6.584938e-01
-2.268979e-01 -5.584551e-01  1.903684e-01  2.130754e-01
-2.434294e-01 -5.892172e-01  5.765721e-01  6.005390e-01
-2.231966e-01 -5.517664e-01  6.306150e-01  2.058364e-01
-2.172552e-01 -1.835306e-01  3.033787e-01  1.119206e+00
-2.652019e-01 -2.709628e-01  2.480928e-01  1.604036e+00
-1.845874e-01 -1.813526e-01  8.320934e-01  7.846658e-01
-1.925192e-01 -1.768313e-01  1.054833e+00  2.586062e-01
-2.245569e-01 -1.751610e-01  1.953072e-01  6.755702e-01
-2.017444e-01 -1.788481e-01  1.902867e-01  2.165360e-01
-2.156191e-01 -1.877969e-01  5.592090e-01  5.928511e-01
-2.001401e-01 -1.813151e-01  6.183920e-01  2.088467e-01
-3.214464e-01 -3.014858e-01  1.018844e+00  1.430533e+00
-7.697542e-01 -6.977361e-01  2.630198e-01  1.275139e+00
-3.124081e-01 -3.156174e-01  1.405548e+00  9.159669e-01
-3.163359e-01 -3.149700e-01  1.619090e+00  3.176844e-01
-6.810075e-01 -4.819117e-01  2.028363e-01  6.787257e-01
-6.303403e-01 -4.300086e-01  2.124951e-01  2.114524e-01
-6.521798e-01 -4.885369e-01  5.906163e-01  5.982524e-01
-6.213630e-01 -4.478833e-01  6.484089e-01  1.989325e-01
-5.995480e-01 -1.908473e-01  5.892344e-01  1.179330e+00
-8.283166e-01 -2.503566e-01  2.897373e-01  1.399041e+00
-5.956283e-01 -1.858980e-01  9.970769e-01  8.116251e-01
-5.890294e-01 -1.768246e-01  1.185058e+00  2.749626e-01
-7.299089e-01 -1.683763e-01  2.181318e-01  7.297276e-01
-6.659574e-01 -1.541015e-01  2.084367e-01  2.207682e-01
-7.050223e-01 -1.870237e-01  6.305007e-01  6.159442e-01
-6.702822e-01 -1.690933e-01  6.960620e-01  2.093224e-01
-9.242917e-01 -1.411533e+00  2.885704e-01 -2.997206e-01
-2.866166e-01 -1.010022e+00  5.947366e-01 -1.401313e+00
-2.788577e-01 -9.445776e-01  1.079293e+00 -8.302072e-01
-2.678175e-01 -9.104238e-01  1.250483e+00 -2.800802e-01
-5.733432e-01 -1.013201e+00  1.987714e-01 -5.550345e-01
-4.735880e-01 -9.198783e-01  2.116298e-01 -1.767186e-01
-3.900628e-01 -9.180619e-01  6.257147e-01 -6.022401e-01
-3.522291e-01 -8.792086e-01  7.057052e-01 -1.942548e-01
-3.536808e-01 -1.715199e+00  2.841026e-01 -3.336689e-01
-3.396162e-01 -1.375827e+00  2.489928e-01 -1.154459e+00
-4.210946e-01 -1.478621e+00  7.918518e-01 -6.958701e-01
-3.690053e-01 -1.400457e+00  1.046399e+00 -2.404370e-01
-2.382104e-01 -1.239029e+00  1.924164e-01 -5.632206e-01
-2.023931e-01 -1.143988e+00  2.089852e-01 -1.690798e-01
-2.138979e-01 -1.182110e+00  5.747144e-01 -5.828405e-01
-2.179082e-01 -1.165713e+00  6.599018e-01 -1.823123e-01
-1.399572e+00 -9.805816e-01  3.124931e-01 -3.297157e-01
-1.142784e+00 -1.000124e+00  3.064786e-01 -1.041566e+00
-8.207439e-01 -8.107176e-01  1.048425e+00 -8.758773e-01
-7.850945e-01 -7.858630e-01  1.305465e+00 -2.920420e-01
-9.839762e-01 -7.407310e-01  2.294529e-01 -5.222695e-01
-9.031527e-01 -6.788272e-01  2.296917e-01 -1.639974e-01
-8.905208e-01 -7.695236e-01  6.887310e-01 -5.596251e-01
-8.732594e-01 -7.665514e-01  7.765629e-01 -1.825639e-01
-1.694666e+00 -3.588338e-01  2.983482e-01 -3.313547e-01
-1.348876e+00 -3.178558e-01  3.007116e-01 -1.151689e+00
-1.071498e+00 -2.934525e-01  1.064776e+00 -9.134439e-01
-1.039397e+00 -2.844067e-01  1.320633e+00 -2.979297e-01
-1.230488e+00 -2.584794e-01  2.343255e-01 -5.534745e-01
-1.128848e+00 -2.237750e-01  2.422301e-01 -1.723900e-01
-1.215007e+00 -2.819438e-01  7.167996e-01 -5.786192e-01
-1.171515e+00 -2.752016e-01  7.973382e-01 -1.866859e-01
-2.003012e-01 -5.809769e-01  2.552570e-01 -1.037708e+00
-2.739784e-01 -7.182304e-01  2.604075e-01 -1.341347e+00
-1.804544e-01 -5.448598e-01  8.992507e-01 -8.298663e-01
-1.854240e-01 -5.198625e-01  1.139300e+00 -2.694302e-01
-2.455225e-01 -5.935118e-01  1.886906e-01 -6.584938e-01
-2.268979e-01 -5.584551e-01  1.903684e-01 -2.130754e-01
-2.434294e-01 -5.892172e-01  5.765721e-01 -6.005390e-01
-2.231966e-01 -5.517664e-01  6.306150e-01 -2.058364e-01
-2.172552e-01 -1.835306e-01  3.033787e-01 -1.119206e+00
-2.652019e-01 -2.709628e-01  2.480928e-01 -1.604036e+00
-1.845874e-01 -1.813526e-01  8.320934e-01 -7.846658e-01
-1.925192e-01 -1.768313e-01  1.054833e+00 -2.586062e-01
-2.245569e-01 -1.751610e-01  1.953072e-01 -6.755702e-01
-2.017444e-01 -1.788481e-01  1.902867e-01 -2.165360e-01
-2.156191e-01 -1.877969e-01  5.592090e-01 -5.928511e-01
-2.001401e-01 -1.813151e-01  6.183920e-01 -2.088467e-01
-3.214464e-01 -3.014858e-01  1.018844e+00 -1.430533e+00
-7.697542e-01 -6.977361e-01  2.630198e-01 -1.275139e+00
-3.124081e-01 -3.156174e-01  1.405548e+00 -9.159669e-01
-3.163359e-01 -3.149700e-01  1.619090e+00 -3.176844e-01
-6.810075e-01 -4.819117e-01  2.028363e-01 -6.787257e-01
-6.303403e-01 -4.300086e-01  2.124951e-01 -2.114524e-01
-6.521798e-01 -4.885369e-01  5.906163e-01 -5.982524e-01
-6.213630e-01 -4.478833e-01  6.484089e-01 -1.989325e-01
-5.995480e-01 -1.908473e-01  5.892344e-01 -1.179330e+00
-8.283166e-01 -2.503566e-01  2.897373e-01 -1.399041e+00
-5.956283e-01 -1.858980e-01  9.970769e-01 -8.116251e-01
-5.890294e-01 -1.768246e-01  1.185058e+00 -2.749626e-01
-7.299089e-01 -1.683763e-01  2.181318e-01 -7.297276e-01
-6.659574e-01 -1.541015e-01  2.084367e-01 -2.207682e-01
-7.050223e-01 -1.870237e-01  6.305007e-01 -6.159442e-01
-6.702822e-01 -1.690933e-01  6.960620e-01 -2.093224e-01
-9.242917e-01 -1.411533e+00 -2.885704e-01  2.997206e-01
-2.866166e-01 -1.010022e+00 -5.947366e-01  1.401313e+00
-2.788577e-01 -9.445776e-01 -1.079293e+00  8.302072e-01
-2.678175e-01 -9.104238e-01 -1.250483e+00  2.800802e-01
-5.733432e-01 -1.013201e+00 -1.987714e-01  5.550345e-01
-4.735880e-01 -9.198783e-01 -2.116298e-01  1.767186e-01
-3.900628e-01 -9.180619e-01 -6.257147e-01  6.022401e-01
-3.522291e-01 -8.792086e-01 -7.057052e-01  1.942548e-01
-3.536808e-01 -1.715199e+00 -2.841026e-01  3.336689e-01
-3.396162e-01 -1.375827e+00 -2.489928e-01  1.154459e+00
-4.210946e-01 -1.478621e+00 -7.918518e-01  6.958701e-01
-3.690053e-01 -1.400457e+00 -1.046399e+00  2.404370e-01
-2.382104e-01 -1.239029e+00 -1.924164e-01  5.632206e-01
-2.023931e-01 -1.143988e+00 -2.089852e-01  1.690798e-01
-2.138979e-01 -1.182110e+00 -5.747144e-01  5.828405e-01
-2.179082e-01 -1.165713e+00 -6.599018e-01  1.823123e-01
-1.399572e+00 -9.805816e-01 -3.124931e-01  3.297157e-01
-1.142784e+00 -1.000124e+00 -3.064786e-01  1.041566e+00
-8.207439e-01 -8.107176e-01 -1.048425e+00  8.758773e-01
-7.850945e-01 -7.858630e-01 -1.305465e+00  2.920420e-01
-9.839762e-01 -7.407310e-01 -2.294529e-01  5.222695e-01
-9.031527e-01 -6.788272e-01 -2.296917e-01  1.639974e-01
-8.905208e-01 -7.695236e-01 -6.887310e-01  5.596251e-01
-8.732594e-01 -7.665514e-01 -7.765629e-01  1.825639e-01
-1.694666e+00 -3.588338e-01 -2.983482e-01  3.313547e-01
-1.348876e+00 -3.178558e-01 -3.007116e-01  1.151689e+00
-1.071498e+00 -2.934525e-01 -1.064776e+00  9.134439e-01
-1.039397e+00 -2.844067e-01 -1.320633e+00  2.979297e-01
-1.230488e+00 -2.584794e-01 -2.343255e-01  5.534745e-01
-1.128848e+00 -2.237750e-01 -2.422301e-01  1.723900e-01
-1.215007e+00 -2.819438e-01 -7.167996e-01  5.786192e-01
-1.171515e+00 -2.752016e-01 -7.973382e-01  1.866859e-01
-2.003012e-01 -5.809769e-01 -2.552570e-01  1.037708e+00
-2.739784e-01 -7.182304e-01 -2.604075e-01  1.341347e+00
-1.804544e-01 -5.448598e-01 -8.992507e-01  8.298663e-01
-1.854240e-01 -5.198625e-01 -1.139300e+00  2.694302e-01
-2.455225e-01 -5.935118e-01 -1.886906e-01  6.584938e-01
-2.268979e-01 -5.584551e-01 -1.903684e-01  2.130754e-01
-2.434294e-01 -5.892172e-01 -5.765721e-01  6.005390e-01
-2.231966e-01 -5.517664e-01 -6.306150e-01  2.058364e-01
-2.172552e-01 -1.835306e-01 -3.033787e-01  1.119206e+00
-2.652019e-01 -2.709628e-01 -2.480928e-01  1.604036e+00
-1.845874e-01 -1.813526e-01 -8.320934e-01  7.846658e-01
-1.925192e-01 -1.768313e-01 -1.054833e+00  2.586062e-01
-2.245569e-01 -1.751610e-01 -1.953072e-01  6.755702e-01
-2.017444e-01 -1.788481e-01 -1.902867e-01  2.165360e-01
-2.156191e-01 -1.877969e-01 -5.592090e-01  5.928511e-01
-2.001401e-01 -1.813151e-01 -6.183920e-01  2.088467e-01
-3.214464e-01 -3.014858e-01 -1.018844e+00  1.430533e+00
-7.697542e-01 -6.977361e-01 -2.630198e-01  1.275139e+00
-3.124081e-01 -3.156174e-01 -1.405548e+00  9.159669e-01
-3.163359e-01 -3.149700e-01 -1.619090e+00  3.176844e-01
-6.810075e-01 -4.819117e-01 -2.028363e-01  6.787257e-01
-6.303403e-01 -4.300086e-01 -2.124951e-01  2.114524e-01
-6.521798e-01 -4.885369e-01 -5.906163e-01  5.982524e-01
-6.213630e-01 -4.478833e-01 -6.484089e-01  1.989325e-01
-5.995480e-01 -1.908473e-01 -5.892344e-01  1.179330e+00
-8.283166e-01 -2.503566e-01 -2.897373e-01  1.399041e+00
-5.956283e-01 -1.858980e-01 -9.970769e-01  8.116251e-01
-5.890294e-01 -1.768246e-01 -1.185058e+00  2.749626e-01
-7.299089e-01 -1.683763e-01 -2.181318e-01  7.297276e-01
-6.659574e-01 -1.541015e-01 -2.084367e-01  2.207682e-01
-7.050223e-01 -1.870237e-01 -6.305007e-01  6.159442e-01
-6.702822e-01 -1.690933e-01 -6.960620e-01  2.093224e-01
-9.242917e-01 -1.411533e+00 -2.885704e-01 -2.997206e-01
-2.866166e-01 -1.010022e+00 -5.947366e-01 -1.401313e+00
-2.788577e-01 -9.445776e-01 -1.079293e+00 -8.302072e-01
-2.678175e-01 -9.104238e-01 -1.250483e+00 -2.800802e-01
-5.733432e-01 -1.013201e+00 -1.987714e-01 -5.550345e-01
-4.735880e-01 -9.198783e-01 -2.116298e-01 -1.767186e-01
-3.900628e-01 -9.180619e-01 -6.257147e-01 -6.022401e-01
-3.522291e-01 -8.792086e-01 -7.057052e-01 -1.942548e-01
-3.536808e-01 -1.715199e+00 -2.841026e-01 -3.336689e-01
-3.396162e-01 -1.375827e+00 -2.489928e-01 -1.154459e+00
-4.210946e-01 -1.478621e+00 -7.918518e-01 -6.958701e-01
-3.690053e-01 -1.400457e+00 -1.046399e+00 -2.404370e-01
-2.382104e-01 -1.239029e+00 -1.924164e-01 -5.632206e-01
-2.023931e-01 -1.143988e+00 -2.089852e-01 -1.690798e-01
-2.138979e-01 -1.182110e+00 -5.747144e-01 -5.828405e-01
-2.179082e-01 -1.165713e+00 -6.599018e-01 -1.823123e-01
-1.399572e+00 -9.805816e-01 -3.124931e-01 -3.297157e-01
-1.142784e+00 -1.000124e+00 -3.064786e-01 -1.041566e+00
-8.207439e-01 -8.107176e-01 -1.048425e+00 -8.758773e-01
-7.850945e-01 -7.858630e-01 -1.305465e+00 -2.920420e-01
-9.839762e-01 -7.407310e-01 -2.294529e-01 -5.222695e-01
-9.031527e-01 -6.788272e-01 -2.296917e-01 -1.639974e-01
-8.905208e-01 -7.695236e-01 -6.887310e-01 -5.596251e-01
-8.732594e-01 -7.665514e-01 -7.765629e-01 -1.825639e-01
-1.694666e+00 -3.588338e-01 -2.983482e-01 -3.313547e-01
-1.348876e+00 -3.178558e-01 -3.007116e-01 -1.151689e+00
-1.071498e+00 -2.934525e-01 -1.064776e+00 -9.134439e-01
-1.039397e+00 -2.844067e-01 -1.320633e+00 -2.979297e-01
-1.230488e+00 -2.584794e-01 -2.343255e-01 -5.534745e-01
-1.128848e+00 -2.237750e-01 -2.422301e-01 -1.723900e-01
-1.215007e+00 -2.819438e-01 -7.167996e-01 -5.786192e-01
-1.171515e+00 -2.752016e-01 -7.973382e-01 -1.866859e-01
-2.003012e-01 -5.809769e-01 -2.552570e-01 -1.037708e+00
-2.739784e-01 -7.182304e-01 -2.604075e-01 -1.341347e+00
-1.804544e-01 -5.448598e-01 -8.992507e-01 -8.298663e-01
-1.854240e-01 -5.198625e-01 -1.139300e+00 -2.694302e-01
-2.455225e-01 -5.935118e-01 -1.886906e-01 -6.584938e-01
-2.268979e-01 -5.584551e-01 -1.903684e-01 -2.130754e-01
-2.434294e-01 -5.892172e-01 -5.765721e-01 -6.005390e-01
-2.231966e-01 -5.517664e-01 -6.306150e-01 -2.058364e-01
-2.172552e-01 -1.835306e-01 -3.033787e-01 -1.119206e+00
-2.652019e-01 -2.709628e-01 -2.480928e-01 -1.604036e+00
-1.845874e-01 -1.813526e-01 -8.320934e-01 -7.846658e-01
-1.925192e-01 -1.768313e-01 -1.054833e+00 -2.586062e-01
-2.245569e-01 -1.751610e-01 -1.953072e-01 -6.755702e-01
-2.017444e-01 -1.788481e-01 -1.902867e-01 -2.165360e-01
-2.156191e-01 -1.877969e-01 -5.592090e-01 -5.928511e-01
-2.001401e-01 -1.813151e-01 -6.183920e-01 -2.088467e-01
-3.214464e-01 -3.014858e-01 -1.018844e+00 -1.430533e+00
-7.697542e-01 -6.977361e-01 -2.630198e-01 -1.275139e+00
-3.124081e-01 -3.156174e-01 -1.405548e+00 -9.159669e-01
-3.163359e-01 -3.149700e-01 -1.619090e+00 -3.176844e-01
-6.810075e-01 -4.819117e-01 -2.028363e-01 -6.787257e-01
-6.303403e-01 -4.300086e-01 -2.124951e-01 -2.114524e-01
-6.521798e-01 -4.885369e-01 -5.906163e-01 -5.982524e-01
-6.213630e-01 -4.478833e-01 -6.484089e-01 -1.989325e-01
-5.995480e-01 -1.908473e-01 -5.892344e-01 -1.179330e+00
-8.283166e-01 -2.503566e-01 -2.897373e-01 -1.399041e+00
-5.956283e-01 -1.858980e-01 -9.970769e-01 -8.116251e-01
-5.890294e-01 -1.768246e-01 -1.185058e+00 -2.749626e-01
-7.299089e-01 -1.683763e-01 -2.181318e-01 -7.297276e-01
-6.659574e-01 -1.541015e-01 -2.084367e-01 -2.207682e-01
-7.050223e-01 -1.870237e-01 -6.305007e-01 -6.159442e-01
-6.702822e-01 -1.690933e-01 -6.960620e-01 -2.093224e-01
