 5.641723e-01  1.121605e+00  4.873105e-01  1.168557e+00
 5.086486e-01  1.171794e+00  1.070404e+00  4.560475e-01
 1.016497e+00  1.110242e+00  3.090293e-01  4.260503e-01
 3.601245e-01  1.367415e+00  3.510385e-01  3.310477e-01
 1.131605e+00  3.807729e-01  5.009803e-01  1.067576e+00
 1.029018e+00  3.938543e-01  1.132020e+00  3.987869e-01
 1.414717e+00  4.321977e-01  3.324958e-01  4.049165e-01
 9.306093e-01  2.751770e-01  4.072798e-01  2.480832e-01
 3.436497e-01  4.219348e-01  3.755856e-01  1.497394e+00
 2.577958e-01  7.390896e-01  9.919918e-01  3.192982e-01
 2.714198e-01  6.036622e-01  2.533204e-01  8.080911e-01
 2.743078e-01  7.445065e-01  3.407845e-01  2.777163e-01
 3.793665e-01  3.075578e-01  9.994808e-01  1.101490e+00
 3.546199e-01  2.764369e-01  1.247389e+00  3.817645e-01
 3.408469e-01  2.079307e-01  3.436693e-01  7.496955e-01
 3.613818e-01  2.365173e-01  3.976358e-01  2.495050e-01
 5.641723e-01  1.121605e+00  4.873105e-01 -1.168557e+00
 5.086486e-01  1.171794e+00  1.070404e+00 -4.560475e-01
 1.016497e+00  1.110242e+00  3.090293e-01 -4.260503e-01
 3.601245e-01  1.367415e+00  3.510385e-01 -3.310477e-01
 1.131605e+00  3.807729e-01  5.009803e-01 -1.067576e+00
 1.029018e+00  3.938543e-01  1.132020e+00 -3.987869e-01
 1.414717e+00  4.321977e-01  3.324958e-01 -4.049165e-01
 9.306093e-01  2.751770e-01  4.072798e-01 -2.480832e-01
 3.436497e-01  4.219348e-01  3.755856e-01 -1.497394e+00
 2.577958e-01  7.390896e-01  9.919918e-01 -3.192982e-01
 2.714198e-01  6.036622e-01  2.533204e-01 -8.080911e-01
 2.743078e-01  7.445065e-01  3.407845e-01 -2.777163e-01
 3.793665e-01  3.075578e-01  9.994808e-01 -1.101490e+00
 3.546199e-01  2.764369e-01  1.247389e+00 -3.817645e-01
 3.408469e-01  2.079307e-01  3.436693e-01 -7.496955e-01
 3.613818e-01  2.365173e-01  3.976358e-01 -2.495050e-01
 5.641723e-01  1.121605e+00 -4.873105e-01  1.168557e+00
 5.086486e-01  1.171794e+00 -1.070404e+00  4.560475e-01
 1.016497e+00  1.110242e+00 -3.090293e-01  4.260503e-01
 3.601245e-01  1.367415e+00 -3.510385e-01  3.310477e-01
 1.131605e+00  3.807729e-01 -5.009803e-01  1.067576e+00
 1.029018e+00  3.938543e-01 -1.132020e+00  3.987869e-01
 1.414717e+00  4.321977e-01 -3.324958e-01  4.049165e-01
 9.306093e-01  2.751770e-01 -4.072798e-01  2.480832e-01
 3.436497e-01  4.219348e-01 -3.755856e-01  1.497394e+00
 2.577958e-01  7.390896e-01 -9.919918e-01  3.192982e-01
 2.714198e-01  6.036622e-01 -2.533204e-01  8.080911e-01
 2.743078e-01  7.445065e-01 -3.407845e-01  2.777163e-01
 3.793665e-01  3.075578e-01 -9.994808e-01  1.101490e+00
 3.546199e-01  2.764369e-01 -1.247389e+00  3.817645e-01
 3.408469e-01  2.079307e-01 -3.436693e-01  7.496955e-01
 3.613818e-01  2.365173e-01 -3.976358e-01  2.495050e-01
 5.641723e-01  1.121605e+00 -4.873105e-01 -1.168557e+00
 5.086486e-01  1.171794e+00 -1.070404e+00 -4.560475e-01
 1.016497e+00  1.110242e+00 -3.090293e-01 -4.260503e-01
 3.601245e-01  1.367415e+00 -3.510385e-01 -3.310477e-01
 1.131605e+00  3.807729e-01 -5.009803e-01 -1.067576e+00
 1.029018e+00  3.938543e-01 -1.132020e+00 -3.987869e-01
 1.414717e+00  4.321977e-01 -3.324958e-01 -4.049165e-01
 9.306093e-01  2.751770e-01 -4.072798e-01 -2.480832e-01
 3.436497e-01  4.219348e-01 -3.755856e-01 -1.497394e+00
 2.577958e-01  7.390896e-01 -9.919918e-01 -3.192982e-01
 2.714198e-01  6.036622e-01 -2.533204e-01 -8.080911e-01
 2.743078e-01  7.445065e-01 -3.407845e-01 -2.777163e-01
 3.793665e-01  3.075578e-01 -9.994808e-01 -1.101490e+00
 3.546199e-01  2.764369e-01 -1.247389e+00 -3.817645e-01
 3.408469e-01  2.079307e-01 -3.436693e-01 -7.496955e-01
 3.613818e-01  2.365173e-01 -3.976358e-01 -2.495050e-01
 5.641723e-01 -1.121605e+00  4.873105e-01  1.168557e+00
 5.086486e-01 -1.171794e+00  1.070404e+00  4.560475e-01
 1.016497e+00 -1.110242e+00  3.090293e-01  4.260503e-01
 3.601245e-01 -1.367415e+00  3.510385e-01  3.310477e-01
 1.131605e+00 -3.807729e-01  5.009803e-01  1.067576e+00
 1.029018e+00 -3.938543e-01  1.132020e+00  3.987869e-01
 1.414717e+00 -4.321977e-01  3.324958e-01  4.049165e-01
 9.306093e-01 -2.751770e-01  4.072798e-01  2.480832e-01
 3.436497e-01 -4.219348e-01  3.755856e-01  1.497394e+00
 2.577958e-01 -7.390896e-01  9.919918e-01  3.192982e-01
 2.714198e-01 -6.036622e-01  2.533204e-01  8.080911e-01
 2.743078e-01 -7.445065e-01  3.407845e-01  2.777163e-01
 3.793665e-01 -3.075578e-01  9.994808e-01  1.101490e+00
 3.546199e-01 -2.764369e-01  1.247389e+00  3.817645e-01
 3.408469e-01 -2.079307e-01  3.436693e-01  7.496955e-01
 3.613818e-01 -2.365173e-01  3.976358e-01  2.495050e-01
 5.641723e-01 -1.121605e+00  4.873105e-01 -1.168557e+00
 5.086486e-01 -1.171794e+00  1.070404e+00 -4.560475e-01
 1.016497e+00 -1.110242e+00  3.090293e-01 -4.260503e-01
 3.601245e-01 -1.367415e+00  3.510385e-01 -3.310477e-01
 1.131605e+00 -3.807729e-01  5.009803e-01 -1.067576e+00
 1.029018e+00 -3.938543e-01  1.132020e+00 -3.987869e-01
 1.414717e+00 -4.321977e-01  3.324958e-01 -4.049165e-01
 9.306093e-01 -2.751770e-01  4.072798e-01 -2.480832e-01
 3.436497e-01 -4.219348e-01  3.755856e-01 -1.497394e+00
 2.577958e-01 -7.390896e-01  9.919918e-01 -3.192982e-01
 2.714198e-01 -6.036622e-01  2.533204e-01 -8.080911e-01
 2.743078e-01 -7.445065e-01  3.407845e-01 -2.777163e-01
 3.793665e-01 -3.075578e-01  9.994808e-01 -1.101490e+00
 3.546199e-01 -2.764369e-01  1.247389e+00 -3.817645e-01
 3.408469e-01 -2.079307e-01  3.436693e-01 -7.496955e-01
 3.613818e-01 -2.365173e-01  3.976358e-01 -2.495050e-01
 5.641723e-01 -1.121605e+00 -4.873105e-01  1.168557e+00
 5.086486e-01 -1.171794e+00 -1.070404e+00  4.560475e-01
 1.016497e+00 -1.110242e+00 -3.090293e-01  4.260503e-01
 3.601245e-01 -1.367415e+00 -3.510385e-01  3.310477e-01
 1.131605e+00 -3.807729e-01 -5.009803e-01  1.067576e+00
 1.029018e+00 -3.938543e-01 -1.132020e+00  3.987869e-01
 1.414717e+00 -4.321977e-01 -3.324958e-01  4.049165e-01
 9.306093e-01 -2.751770e-01 -4.072798e-01  2.480832e-01
 3.436497e-01 -4.219348e-01 -3.755856e-01  1.497394e+00
 2.577958e-01 -7.390896e-01 -9.919918e-01  3.192982e-01
 2.714198e-01 -6.036622e-01 -2.533204e-01  8.080911e-01
 2.743078e-01 -7.445065e-01 -3.407845e-01  2.777163e-01
 3.793665e-01 -3.075578e-01 -9.994808e-01  1.101490e+00
 3.546199e-01 -2.764369e-01 -1.247389e+00  3.817645e-01
 3.408469e-01 -2.079307e-01 -3.436693e-01  7.496955e-01
 3.613818e-01 -2.365173e-01 -3.976358e-01  2.495050e-01
 5.641723e-01 -1.121605e+00 -4.873105e-01 -1.168557e+00
 5.086486e-01 -1.171794e+00 -1.070404e+00 -4.560475e-01
 1.016497e+00 -1.110242e+00 -3.090293e-01 -4.260503e-01
 3.601245e-01 -1.367415e+00 -3.510385e-01 -3.310477e-01
 1.131605e+00 -3.807729e-01 -5.009803e-01 -1.067576e+00
 1.029018e+00 -3.938543e-01 -1.132020e+00 -3.987869e-01
 1.414717e+00 -4.321977e-01 -3.324958e-01 -4.049165e-01
 9.306093e-01 -2.751770e-01 -4.072798e-01 -2.480832e-01
 3.436497e-01 -4.219348e-01 -3.755856e-01 -1.497394e+00
 2.577958e-01 -7.390896e-01 -9.919918e-01 -3.192982e-01
 2.714198e-01 -6.036622e-01 -2.533204e-01 -8.080911e-01
 2.743078e-01 -7.445065e-01 -3.407845e-01 -2.777163e-01
 3.793665e-01 -3.075578e-01 -9.994808e-01 -1.101490e+00
 3.546199e-01 -2.764369e-01 -1.247389e+00 -3.817645e-01
 3.408469e-01 -2.079307e-01 -3.436693e-01 -7.496955e-01
 3.613818e-01 -2.365173e-01 -3.976358e-01 -2.495050e-01
-5.641723e-01  1.121605e+00  4.873105e-01  1.168557e+00
-5.086486e-01  1.171794e+00  1.070404e+00  4.560475e-01
-1.016497e+00  1.110242e+00  3.090293e-01  4.260503e-01
-3.601245e-01  1.367415e+00  3.510385e-01  3.310477e-01
-1.131605e+00  3.807729e-01  5.009803e-01  1.067576e+00
-1.029018e+00  3.938543e-01  1.132020e+00  3.987869e-01
-1.414717e+00  4.321977e-01  3.324958e-01  4.049165e-01
-9.306093e-01  2.751770e-01  4.072798e-01  2.480832e-01
-3.436497e-01  4.219348e-01  3.755856e-01  1.497394e+00
-2.577958e-01  7.390896e-01  9.919918e-01  3.192982e-01
-2.714198e-01  6.036622e-01  2.533204e-01  8.080911e-01
-2.743078e-01  7.445065e-01  3.407845e-01  2.777163e-01
-3.793665e-01  3.075578e-01  9.994808e-01  1.101490e+00
-3.546199e-01  2.764369e-01  1.247389e+00  3.817645e-01
-3.408469e-01  2.079307e-01  3.436693e-01  7.496955e-01
-3.613818e-01  2.365173e-01  3.976358e-01  2.495050e-01
-5.641723e-01  1.121605e+00  4.873105e-01 -1.168557e+00
-5.086486e-01  1.171794e+00  1.070404e+00 -4.560475e-01
-1.016497e+00  1.110242e+00  3.090293e-01 -4.260503e-01
-3.601245e-01  1.367415e+00  3.510385e-01 -3.310477e-01
-1.131605e+00  3.807729e-01  5.009803e-01 -1.067576e+00
-1.029018e+00  3.938543e-01  1.132020e+00 -3.987869e-01
-1.414717e+00  4.321977e-01  3.324958e-01 -4.049165e-01
-9.306093e-01  2.751770e-01  4.072798e-01 -2.480832e-01
-3.436497e-01  4.219348e-01  3.755856e-01 -1.497394e+00
-2.577958e-01  7.390896e-01  9.919918e-01 -3.192982e-01
-2.714198e-01  6.036622e-01  2.533204e-01 -8.080911e-01
-2.743078e-01  7.445065e-01  3.407845e-01 -2.777163e-01
-3.793665e-01  3.075578e-01  9.994808e-01 -1.101490e+00
-3.546199e-01  2.764369e-01  1.247389e+00 -3.817645e-01
-3.408469e-01  2.079307e-01  3.436693e-01 -7.496955e-01
-3.613818e-01  2.365173e-01  3.976358e-01 -2.495050e-01
-5.641723e-01  1.121605e+00 -4.873105e-01  1.168557e+00
-5.086486e-01  1.171794e+00 -1.070404e+00  4.560475e-01
-1.016497e+00  1.110242e+00 -3.090293e-01  4.260503e-01
-3.601245e-01  1.367415e+00 -3.510385e-01  3.310477e-01
-1.131605e+00  3.807729e-01 -5.009803e-01  1.067576e+00
-1.029018e+00  3.938543e-01 -1.132020e+00  3.987869e-01
-1.414717e+00  4.321977e-01 -3.324958e-01  4.049165e-01
-9.306093e-01  2.751770e-01 -4.072798e-01  2.480832e-01
-3.436497e-01  4.219348e-01 -3.755856e-01  1.497394e+00
-2.577958e-01  7.390896e-01 -9.919918e-01  3.192982e-01
-2.714198e-01  6.036622e-01 -2.533204e-01  8.080911e-01
-2.743078e-01  7.445065e-01 -3.407845e-01  2.777163e-01
-3.793665e-01  3.075578e-01 -9.994808e-01  1.101490e+00
-3.546199e-01  2.764369e-01 -1.247389e+00  3.817645e-01
-3.408469e-01  2.079307e-01 -3.436693e-01  7.496955e-01
-3.613818e-01  2.365173e-01 -3.976358e-01  2.495050e-01
-5.641723e-01  1.121605e+00 -4.873105e-01 -1.168557e+00
-5.086486e-01  1.171794e+00 -1.070404e+00 -4.560475e-01
-1.016497e+00  1.110242e+00 -3.090293e-01 -4.260503e-01
-3.601245e-01  1.367415e+00 -3.510385e-01 -3.310477e-01
-1.131605e+00  3.807729e-01 -5.009803e-01 -1.067576e+00
-1.029018e+00  3.938543e-01 -1.132020e+00 -3.987869e-01
-1.414717e+00  4.321977e-01 -3.324958e-01 -4.049165e-01
-9.306093e-01  2.751770e-01 -4.072798e-01 -2.480832e-01
-3.436497e-01  4.219348e-01 -3.755856e-01 -1.497394e+00
-2.577958e-01  7.390896e-01 -9.919918e-01 -3.192982e-01
-2.714198e-01  6.036622e-01 -2.533204e-01 -8.080911e-01
-2.743078e-01  7.445065e-01 -3.407845e-01 -2.777163e-01
-3.793665e-01  3.075578e-01 -9.994808e-01 -1.101490e+00
-3.546199e-01  2.764369e-01 -1.247389e+00 -3.817645e-01
-3.408469e-01  2.079307e-01 -3.436693e-01 -7.496955e-01
-3.613818e-01  2.365173e-01 -3.976358e-01 -2.495050e-01
-5.641723e-01 -1.121605e+00  4.873105e-01  1.168557e+00
-5.086486e-01 -1.171794e+00  1.070404e+00  4.560475e-01
-1.016497e+00 -1.110242e+00  3.090293e-01  4.260503e-01
-3.601245e-01 -1.367415e+00  3.510385e-01  3.310477e-01
-1.131605e+00 -3.807729e-01  5.009803e-01  1.067576e+00
-1.029018e+00 -3.938543e-01  1.132020e+00  3.987869e-01
-1.414717e+00 -4.321977e-01  3.324958e-01  4.049165e-01
-9.306093e-01 -2.751770e-01  4.072798e-01  2.480832e-01
-3.436497e-01 -4.219348e-01  3.755856e-01  1.497394e+00
-2.577958e-01 -7.390896e-01  9.919918e-01  3.192982e-01
-2.714198e-01 -6.036622e-01  2.533204e-01  8.080911e-01
-2.743078e-01 -7.445065e-01  3.407845e-01  2.777163e-01
-3.793665e-01 -3.075578e-01  9.994808e-01  1.101490e+00
-3.546199e-01 -2.764369e-01  1.247389e+00  3.817645e-01
-3.408469e-01 -2.079307e-01  3.436693e-01  7.496955e-01
-3.613818e-01 -2.365173e-01  3.976358e-01  2.495050e-01
-5.641723e-01 -1.121605e+00  4.873105e-01 -1.168557e+00
-5.086486e-01 -1.171794e+00  1.070404e+00 -4.560475e-01
-1.016497e+00 -1.110242e+00  3.090293e-01 -4.260503e-01
-3.601245e-01 -1.367415e+00  3.510385e-01 -3.310477e-01
-1.131605e+00 -3.807729e-01  5.009803e-01 -1.067576e+00
-1.029018e+00 -3.938543e-01  1.132020e+00 -3.987869e-01
-1.414717e+00 -4.321977e-01  3.324958e-01 -4.049165e-01
-9.306093e-01 -2.751770e-01  4.072798e-01 -2.480832e-01
-3.436497e-01 -4.219348e-01  3.755856e-01 -1.497394e+00
-2.577958e-01 -7.390896e-01  9.919918e-01 -3.192982e-01
-2.714198e-01 -6.036622e-01  2.533204e-01 -8.080911e-01
-2.743078e-01 -7.445065e-01  3.407845e-01 -2.777163e-01
-3.793665e-01 -3.075578e-01  9.994808e-01 -1.101490e+00
-3.546199e-01 -2.764369e-01  1.247389e+00 -3.817645e-01
-3.408469e-01 -2.079307e-01  3.436693e-01 -7.496955e-01
-3.613818e-01 -2.365173e-01  3.976358e-01 -2.495050e-01
-5.641723e-01 -1.121605e+00 -4.873105e-01  1.168557e+00
-5.086486e-01 -1.171794e+00 -1.070404e+00  4.560475e-01
-1.016497e+00 -1.110242e+00 -3.090293e-01  4.260503e-01
-3.601245e-01 -1.367415e+00 -3.510385e-01  3.310477e-01
-1.131605e+00 -3.807729e-01 -5.009803e-01  1.067576e+00
-1.029018e+00 -3.938543e-01 -1.132020e+00  3.987869e-01
-1.414717e+00 -4.321977e-01 -3.324958e-01  4.049165e-01
-9.306093e-01 -2.751770e-01 -4.072798e-01  2.480832e-01
-3.436497e-01 -4.219348e-01 -3.755856e-01  1.497394e+00
-2.577958e-01 -7.390896e-01 -9.919918e-01  3.192982e-01
-2.714198e-01 -6.036622e-01 -2.533204e-01  8.080911e-01
-2.743078e-01 -7.445065e-01 -3.407845e-01  2.777163e-01
-3.793665e-01 -3.075578e-01 -9.994808e-01  1.101490e+00
-3.546199e-01 -2.764369e-01 -1.247389e+00  3.817645e-01
-3.408469e-01 -2.079307e-01 -3.436693e-01  7.496955e-01
-3.613818e-01 -2.365173e-01 -3.976358e-01  2.495050e-01
-5.641723e-01 -1.121605e+00 -4.873105e-01 -1.168557e+00
-5.086486e-01 -1.171794e+00 -1.070404e+00 -4.560475e-01
-1.016497e+00 -1.110242e+00 -3.090293e-01 -4.260503e-01
-3.601245e-01 -1.367415e+00 -3.510385e-01 -3.310477e-01
-1.131605e+00 -3.807729e-01 -5.009803e-01 -1.067576e+00
-1.029018e+00 -3.938543e-01 -1.132020e+00 -3.987869e-01
-1.414717e+00 -4.321977e-01 -3.324958e-01 -4.049165e-01
-9.306093e-01 -2.751770e-01 -4.072798e-01 -2.480832e-01
-3.436497e-01 -4.219348e-01 -3.755856e-01 -1.497394e+00
-2.577958e-01 -7.390896e-01 -9.919918e-01 -3.192982e-01
-2.714198e-01 -6.036622e-01 -2.533204e-01 -8.080911e-01
-2.743078e-01 -7.445065e-01 -3.407845e-01 -2.777163e-01
-3.793665e-01 -3.075578e-01 -9.994808e-01 -1.101490e+00
-3.546199e-01 -2.764369e-01 -1.247389e+00 -3.817645e-01
-3.408469e-01 -2.079307e-01 -3.436693e-01 -7.496955e-01
-3.613818e-01 -2.365173e-01 -3.976358e-01 -2.495050e-01
