 5.095704e-01  3.684472e-01  1.159486e+00  5.126208e-01
 1.158015e+00  5.135402e-01  5.090047e-01  3.664546e-01
 3.702037e-01  5.113795e-01  5.136032e-01  1.161238e+00
 5.127075e-01  1.154947e+00  3.676803e-01  5.064754e-01
 5.095704e-01  3.684472e-01  1.159486e+00 -5.126208e-01
 1.158015e+00  5.135402e-01  5.090047e-01 -3.664546e-01
 3.702037e-01  5.113795e-01  5.136032e-01 -1.161238e+00
 5.127075e-01  1.154947e+00  3.676803e-01 -5.064754e-01
 5.095704e-01  3.684472e-01 -1.159486e+00  5.126208e-01
 1.158015e+00  5.135402e-01 -5.090047e-01  3.664546e-01
 3.702037e-01  5.113795e-01 -5.136032e-01  1.161238e+00
 5.127075e-01  1.154947e+00 -3.676803e-01  5.064754e-01
 5.095704e-01  3.684472e-01 -1.159486e+00 -5.126208e-01
 1.158015e+00  5.135402e-01 -5.090047e-01 -3.664546e-01
 3.702037e-01  5.113795e-01 -5.136032e-01 -1.161238e+00
 5.127075e-01  1.154947e+00 -3.676803e-01 -5.064754e-01
 5.095704e-01 -3.684472e-01  1.159486e+00  5.126208e-01
 1.158015e+00 -5.135402e-01  5.090047e-01  3.664546e-01
 3.702037e-01 -5.113795e-01  5.136032e-01  1.161238e+00
 5.127075e-01 -1.154947e+00  3.676803e-01  5.064754e-01
 5.095704e-01 -3.684472e-01  1.159486e+00 -5.126208e-01
 1.158015e+00 -5.135402e-01  5.090047e-01 -3.664546e-01
 3.702037e-01 -5.113795e-01  5.136032e-01 -1.161238e+00
 5.127075e-01 -1.154947e+00  3.676803e-01 -5.064754e-01
 5.095704e-01 -3.684472e-01 -1.159486e+00  5.126208e-01
 1.158015e+00 -5.135402e-01 -5.090047e-01  3.664546e-01
 3.702037e-01 -5.113795e-01 -5.136032e-01  1.161238e+00
 5.127075e-01 -1.154947e+00 -3.676803e-01  5.064754e-01
 5.095704e-01 -3.684472e-01 -1.159486e+00 -5.126208e-01
 1.158015e+00 -5.135402e-01 -5.090047e-01 -3.664546e-01
 3.702037e-01 -5.113795e-01 -5.136032e-01 -1.161238e+00
 5.127075e-01 -1.154947e+00 -3.676803e-01 -5.064754e-01
-5.095704e-01  3.684472e-01  1.159486e+00  5.126208e-01
-1.158015e+00  5.135402e-01  5.090047e-01  3.664546e-01
-3.702037e-01  5.113795e-01  5.136032e-01  1.161238e+00
-5.127075e-01  1.154947e+00  3.676803e-01  5.064754e-01
-5.095704e-01  3.684472e-01  1.159486e+00 -5.126208e-01
-1.158015e+00  5.135402e-01  5.090047e-01 -3.664546e-01
-3.702037e-01  5.113795e-01  5.136032e-01 -1.161238e+00
-5.127075e-01  1.154947e+00  3.676803e-01 -5.064754e-01
-5.095704e-01  3.684472e-01 -1.159486e+00  5.126208e-01
-1.158015e+00  5.135402e-01 -5.090047e-01  3.664546e-01
-3.702037e-01  5.113795e-01 -5.136032e-01  1.161238e+00
-5.127075e-01  1.154947e+00 -3.676803e-01  5.064754e-01
-5.095704e-01  3.684472e-01 -1.159486e+00 -5.126208e-01
-1.158015e+00  5.135402e-01 -5.090047e-01 -3.664546e-01
-3.702037e-01  5.113795e-01 -5.136032e-01 -1.161238e+00
-5.127075e-01  1.154947e+00 -3.676803e-01 -5.064754e-01
-5.095704e-01 -3.684472e-01  1.159486e+00  5.126208e-01
-1.158015e+00 -5.135402e-01  5.090047e-01  3.664546e-01
-3.702037e-01 -5.113795e-01  5.136032e-01  1.161238e+00
-5.127075e-01 -1.154947e+00  3.676803e-01  5.064754e-01
-5.095704e-01 -3.684472e-01  1.159486e+00 -5.126208e-01
-1.158015e+00 -5.135402e-01  5.090047e-01 -3.664546e-01
-3.702037e-01 -5.113795e-01  5.136032e-01 -1.161238e+00
-5.127075e-01 -1.154947e+00  3.676803e-01 -5.064754e-01
-5.095704e-01 -3.684472e-01 -1.159486e+00  5.126208e-01
-1.158015e+00 -5.135402e-01 -5.090047e-01  3.664546e-01
-3.702037e-01 -5.113795e-01 -5.136032e-01  1.161238e+00
-5.127075e-01 -1.154947e+00 -3.676803e-01  5.064754e-01
-5.095704e-01 -3.684472e-01 -1.159486e+00 -5.126208e-01
-1.158015e+00 -5.135402e-01 -5.090047e-01 -3.664546e-01
-3.702037e-01 -5.113795e-01 -5.136032e-01 -1.161238e+00
-5.127075e-01 -1.154947e+00 -3.676803e-01 -5.064754e-01
