 2.421854e-01  8.118868e-01  8.243370e-01  1.334742e+00
 2.474832e-01  8.075398e-01  2.789715e-01  1.534679e+00
 2.829252e-01  7.913265e-01  1.288318e+00  8.893014e-01
 2.841276e-01  8.133510e-01  1.414820e+00  2.943985e-01
 8.554241e-01  1.285482e+00  2.192183e-01  3.156660e-01
 5.248723e-01  9.821642e-01  2.127602e-01  2.071277e-01
 9.003302e-01  1.288764e+00  7.016268e-01  2.963290e-01
 5.279315e-01  9.739096e-01  6.512225e-01  2.031869e-01
 2.792457e-01  1.271246e+00  2.473882e-01  7.696856e-01
 3.218187e-01  1.293431e+00  2.904204e-01  1.221175e+00
 2.831766e-01  1.268214e+00  8.054507e-01  7.764544e-01
 2.688012e-01  1.206763e+00  1.146589e+00  2.891953e-01
 3.215241e-01  1.567829e+00  2.133825e-01  3.097033e-01
 1.852815e-01  1.142270e+00  2.145513e-01  2.265895e-01
 3.365223e-01  1.597622e+00  6.730881e-01  3.053826e-01
 1.952381e-01  1.147645e+00  6.630899e-01  2.189583e-01
 1.472330e+00  8.601081e-01  2.536698e-01  2.691060e-01
 1.061696e+00  1.041384e+00  2.946293e-01  1.034665e+00
 8.504098e-01  8.640558e-01  1.016578e+00  8.179139e-01
 7.999195e-01  7.608082e-01  1.242033e+00  2.715563e-01
 1.028805e+00  7.571102e-01  2.207118e-01  5.192778e-01
 9.050039e-01  6.703532e-01  2.243409e-01  1.715742e-01
 1.154843e+00  7.848281e-01  7.130053e-01  4.893247e-01
 8.903298e-01  6.791015e-01  7.285397e-01  1.829990e-01
 1.625872e+00  2.851384e-01  2.913260e-01  3.239303e-01
 1.344127e+00  3.188110e-01  2.875333e-01  1.102266e+00
 1.132267e+00  2.957230e-01  1.016486e+00  8.633742e-01
 1.066127e+00  2.756310e-01  1.264191e+00  2.842369e-01
 1.147356e+00  2.476956e-01  2.114875e-01  5.695204e-01
 1.062193e+00  2.157139e-01  2.304743e-01  1.789399e-01
 1.148538e+00  2.395084e-01  6.549376e-01  5.828152e-01
 1.108749e+00  2.331982e-01  7.405993e-01  1.874865e-01
 1.906911e-01  6.845437e-01  2.836806e-01  9.890207e-01
 2.889274e-01  2.837631e-01  3.106947e-01  1.692312e+00
 2.097744e-01  6.569166e-01  8.674687e-01  7.345991e-01
 2.072724e-01  5.937932e-01  1.066011e+00  2.424011e-01
 2.008196e-01  6.058182e-01  2.009018e-01  6.085106e-01
 2.142012e-01  5.946726e-01  1.989661e-01  2.008428e-01
 2.026546e-01  5.879068e-01  5.820361e-01  5.566688e-01
 2.209184e-01  5.925033e-01  6.283148e-01  1.933488e-01
 2.053687e-01  2.330329e-01  6.330102e-01  1.146071e+00
 2.563656e-01  1.971468e-01  2.107002e-01  1.246614e+00
 1.959402e-01  2.193926e-01  1.029456e+00  8.011449e-01
 1.918728e-01  1.994996e-01  1.085438e+00  2.558692e-01
 2.047629e-01  1.862882e-01  2.030646e-01  6.792656e-01
 1.897931e-01  1.811813e-01  2.004677e-01  2.149963e-01
 2.035338e-01  1.775692e-01  5.972173e-01  6.102440e-01
 1.934359e-01  1.802181e-01  6.362709e-01  2.050842e-01
 6.037133e-01  6.784121e-01  2.416118e-01  9.688601e-01
 8.189604e-01  6.213563e-01  2.997966e-01  1.355008e+00
 6.285962e-01  6.503756e-01  7.223116e-01  8.504722e-01
 3.157133e-01  2.534642e-01  1.644232e+00  3.439751e-01
 6.274484e-01  5.588090e-01  2.038702e-01  6.350556e-01
 5.874836e-01  4.812733e-01  2.103364e-01  2.141705e-01
 6.175351e-01  5.217482e-01  5.915329e-01  5.981979e-01
 5.938765e-01  4.824235e-01  6.400359e-01  2.137744e-01
 6.240718e-01  2.281551e-01  8.734346e-01  1.296957e+00
 7.913763e-01  1.889191e-01  2.806059e-01  1.243477e+00
 6.256930e-01  2.239314e-01  1.088424e+00  7.855448e-01
 5.925162e-01  1.976694e-01  1.184111e+00  2.625775e-01
 6.642485e-01  1.751819e-01  1.998414e-01  6.697396e-01
 6.154404e-01  1.609487e-01  2.121001e-01  2.180852e-01
 6.598899e-01  1.682592e-01  6.279890e-01  6.410170e-01
 6.293763e-01  1.659273e-01  6.888461e-01  2.125790e-01
 2.421854e-01  8.118868e-01  8.243370e-01 -1.334742e+00
 2.474832e-01  8.075398e-01  2.789715e-01 -1.534679e+00
 2.829252e-01  7.913265e-01  1.288318e+00 -8.893014e-01
 2.841276e-01  8.133510e-01  1.414820e+00 -2.943985e-01
 8.554241e-01  1.285482e+00  2.192183e-01 -3.156660e-01
 5.248723e-01  9.821642e-01  2.127602e-01 -2.071277e-01
 9.003302e-01  1.288764e+00  7.016268e-01 -2.963290e-01
 5.279315e-01  9.739096e-01  6.512225e-01 -2.031869e-01
 2.792457e-01  1.271246e+00  2.473882e-01 -7.696856e-01
 3.218187e-01  1.293431e+00  2.904204e-01 -1.221175e+00
 2.831766e-01  1.268214e+00  8.054507e-01 -7.764544e-01
 2.688012e-01  1.206763e+00  1.146589e+00 -2.891953e-01
 3.215241e-01  1.567829e+00  2.133825e-01 -3.097033e-01
 1.852815e-01  1.142270e+00  2.145513e-01 -2.265895e-01
 3.365223e-01  1.597622e+00  6.730881e-01 -3.053826e-01
 1.952381e-01  1.147645e+00  6.630899e-01 -2.189583e-01
 1.472330e+00  8.601081e-01  2.536698e-01 -2.691060e-01
 1.061696e+00  1.041384e+00  2.946293e-01 -1.034665e+00
 8.504098e-01  8.640558e-01  1.016578e+00 -8.179139e-01
 7.999195e-01  7.608082e-01  1.242033e+00 -2.715563e-01
 1.028805e+00  7.571102e-01  2.207118e-01 -5.192778e-01
 9.050039e-01  6.703532e-01  2.243409e-01 -1.715742e-01
 1.154843e+00  7.848281e-01  7.130053e-01 -4.893247e-01
 8.903298e-01  6.791015e-01  7.285397e-01 -1.829990e-01
 1.625872e+00  2.851384e-01  2.913260e-01 -3.239303e-01
 1.344127e+00  3.188110e-01  2.875333e-01 -1.102266e+00
 1.132267e+00  2.957230e-01  1.016486e+00 -8.633742e-01
 1.066127e+00  2.756310e-01  1.264191e+00 -2.842369e-01
 1.147356e+00  2.476956e-01  2.114875e-01 -5.695204e-01
 1.062193e+00  2.157139e-01  2.304743e-01 -1.789399e-01
 1.148538e+00  2.395084e-01  6.549376e-01 -5.828152e-01
 1.108749e+00  2.331982e-01  7.405993e-01 -1.874865e-01
 1.906911e-01  6.845437e-01  2.836806e-01 -9.890207e-01
 2.889274e-01  2.837631e-01  3.106947e-01 -1.692312e+00
 2.097744e-01  6.569166e-01  8.674687e-01 -7.345991e-01
 2.072724e-01  5.937932e-01  1.066011e+00 -2.424011e-01
 2.008196e-01  6.058182e-01  2.009018e-01 -6.085106e-01
 2.142012e-01  5.946726e-01  1.989661e-01 -2.008428e-01
 2.026546e-01  5.879068e-01  5.820361e-01 -5.566688e-01
 2.209184e-01  5.925033e-01  6.283148e-01 -1.933488e-01
 2.053687e-01  2.330329e-01  6.330102e-01 -1.146071e+00
 2.563656e-01  1.971468e-01  2.107002e-01 -1.246614e+00
 1.959402e-01  2.193926e-01  1.029456e+00 -8.011449e-01
 1.918728e-01  1.994996e-01  1.085438e+00 -2.558692e-01
 2.047629e-01  1.862882e-01  2.030646e-01 -6.792656e-01
 1.897931e-01  1.811813e-01  2.004677e-01 -2.149963e-01
 2.035338e-01  1.775692e-01  5.972173e-01 -6.102440e-01
 1.934359e-01  1.802181e-01  6.362709e-01 -2.050842e-01
 6.037133e-01  6.784121e-01  2.416118e-01 -9.688601e-01
 8.189604e-01  6.213563e-01  2.997966e-01 -1.355008e+00
 6.285962e-01  6.503756e-01  7.223116e-01 -8.504722e-01
 3.157133e-01  2.534642e-01  1.644232e+00 -3.439751e-01
 6.274484e-01  5.588090e-01  2.038702e-01 -6.350556e-01
 5.874836e-01  4.812733e-01  2.103364e-01 -2.141705e-01
 6.175351e-01  5.217482e-01  5.915329e-01 -5.981979e-01
 5.938765e-01  4.824235e-01  6.400359e-01 -2.137744e-01
 6.240718e-01  2.281551e-01  8.734346e-01 -1.296957e+00
 7.913763e-01  1.889191e-01  2.806059e-01 -1.243477e+00
 6.256930e-01  2.239314e-01  1.088424e+00 -7.855448e-01
 5.925162e-01  1.976694e-01  1.184111e+00 -2.625775e-01
 6.642485e-01  1.751819e-01  1.998414e-01 -6.697396e-01
 6.154404e-01  1.609487e-01  2.121001e-01 -2.180852e-01
 6.598899e-01  1.682592e-01  6.279890e-01 -6.410170e-01
 6.293763e-01  1.659273e-01  6.888461e-01 -2.125790e-01
 2.421854e-01  8.118868e-01 -8.243370e-01  1.334742e+00
 2.474832e-01  8.075398e-01 -2.789715e-01  1.534679e+00
 2.829252e-01  7.913265e-01 -1.288318e+00  8.893014e-01
 2.841276e-01  8.133510e-01 -1.414820e+00  2.943985e-01
 8.554241e-01  1.285482e+00 -2.192183e-01  3.156660e-01
 5.248723e-01  9.821642e-01 -2.127602e-01  2.071277e-01
 9.003302e-01  1.288764e+00 -7.016268e-01  2.963290e-01
 5.279315e-01  9.739096e-01 -6.512225e-01  2.031869e-01
 2.792457e-01  1.271246e+00 -2.473882e-01  7.696856e-01
 3.218187e-01  1.293431e+00 -2.904204e-01  1.221175e+00
 2.831766e-01  1.268214e+00 -8.054507e-01  7.764544e-01
 2.688012e-01  1.206763e+00 -1.146589e+00  2.891953e-01
 3.215241e-01  1.567829e+00 -2.133825e-01  3.097033e-01
 1.852815e-01  1.142270e+00 -2.145513e-01  2.265895e-01
 3.365223e-01  1.597622e+00 -6.730881e-01  3.053826e-01
 1.952381e-01  1.147645e+00 -6.630899e-01  2.189583e-01
 1.472330e+00  8.601081e-01 -2.536698e-01  2.691060e-01
 1.061696e+00  1.041384e+00 -2.946293e-01  1.034665e+00
 8.504098e-01  8.640558e-01 -1.016578e+00  8.179139e-01
 7.999195e-01  7.608082e-01 -1.242033e+00  2.715563e-01
 1.028805e+00  7.571102e-01 -2.207118e-01  5.192778e-01
 9.050039e-01  6.703532e-01 -2.243409e-01  1.715742e-01
 1.154843e+00  7.848281e-01 -7.130053e-01  4.893247e-01
 8.903298e-01  6.791015e-01 -7.285397e-01  1.829990e-01
 1.625872e+00  2.851384e-01 -2.913260e-01  3.239303e-01
 1.344127e+00  3.188110e-01 -2.875333e-01  1.102266e+00
 1.132267e+00  2.957230e-01 -1.016486e+00  8.633742e-01
 1.066127e+00  2.756310e-01 -1.264191e+00  2.842369e-01
 1.147356e+00  2.476956e-01 -2.114875e-01  5.695204e-01
 1.062193e+00  2.157139e-01 -2.304743e-01  1.789399e-01
 1.148538e+00  2.395084e-01 -6.549376e-01  5.828152e-01
 1.108749e+00  2.331982e-01 -7.405993e-01  1.874865e-01
 1.906911e-01  6.845437e-01 -2.836806e-01  9.890207e-01
 2.889274e-01  2.837631e-01 -3.106947e-01  1.692312e+00
 2.097744e-01  6.569166e-01 -8.674687e-01  7.345991e-01
 2.072724e-01  5.937932e-01 -1.066011e+00  2.424011e-01
 2.008196e-01  6.058182e-01 -2.009018e-01  6.085106e-01
 2.142012e-01  5.946726e-01 -1.989661e-01  2.008428e-01
 2.026546e-01  5.879068e-01 -5.820361e-01  5.566688e-01
 2.209184e-01  5.925033e-01 -6.283148e-01  1.933488e-01
 2.053687e-01  2.330329e-01 -6.330102e-01  1.146071e+00
 2.563656e-01  1.971468e-01 -2.107002e-01  1.246614e+00
 1.959402e-01  2.193926e-01 -1.029456e+00  8.011449e-01
 1.918728e-01  1.994996e-01 -1.085438e+00  2.558692e-01
 2.047629e-01  1.862882e-01 -2.030646e-01  6.792656e-01
 1.897931e-01  1.811813e-01 -2.004677e-01  2.149963e-01
 2.035338e-01  1.775692e-01 -5.972173e-01  6.102440e-01
 1.934359e-01  1.802181e-01 -6.362709e-01  2.050842e-01
 6.037133e-01  6.784121e-01 -2.416118e-01  9.688601e-01
 8.189604e-01  6.213563e-01 -2.997966e-01  1.355008e+00
 6.285962e-01  6.503756e-01 -7.223116e-01  8.504722e-01
 3.157133e-01  2.534642e-01 -1.644232e+00  3.439751e-01
 6.274484e-01  5.588090e-01 -2.038702e-01  6.350556e-01
 5.874836e-01  4.812733e-01 -2.103364e-01  2.141705e-01
 6.175351e-01  5.217482e-01 -5.915329e-01  5.981979e-01
 5.938765e-01  4.824235e-01 -6.400359e-01  2.137744e-01
 6.240718e-01  2.281551e-01 -8.734346e-01  1.296957e+00
 7.913763e-01  1.889191e-01 -2.806059e-01  1.243477e+00
 6.256930e-01  2.239314e-01 -1.088424e+00  7.855448e-01
 5.925162e-01  1.976694e-01 -1.184111e+00  2.625775e-01
 6.642485e-01  1.751819e-01 -1.998414e-01  6.697396e-01
 6.154404e-01  1.609487e-01 -2.121001e-01  2.180852e-01
 6.598899e-01  1.682592e-01 -6.279890e-01  6.410170e-01
 6.293763e-01  1.659273e-01 -6.888461e-01  2.125790e-01
 2.421854e-01  8.118868e-01 -8.243370e-01 -1.334742e+00
 2.474832e-01  8.075398e-01 -2.789715e-01 -1.534679e+00
 2.829252e-01  7.913265e-01 -1.288318e+00 -8.893014e-01
 2.841276e-01  8.133510e-01 -1.414820e+00 -2.943985e-01
 8.554241e-01  1.285482e+00 -2.192183e-01 -3.156660e-01
 5.248723e-01  9.821642e-01 -2.127602e-01 -2.071277e-01
 9.003302e-01  1.288764e+00 -7.016268e-01 -2.963290e-01
 5.279315e-01  9.739096e-01 -6.512225e-01 -2.031869e-01
 2.792457e-01  1.271246e+00 -2.473882e-01 -7.696856e-01
 3.218187e-01  1.293431e+00 -2.904204e-01 -1.221175e+00
 2.831766e-01  1.268214e+00 -8.054507e-01 -7.764544e-01
 2.688012e-01  1.206763e+00 -1.146589e+00 -2.891953e-01
 3.215241e-01  1.567829e+00 -2.133825e-01 -3.097033e-01
 1.852815e-01  1.142270e+00 -2.145513e-01 -2.265895e-01
 3.365223e-01  1.597622e+00 -6.730881e-01 -3.053826e-01
 1.952381e-01  1.147645e+00 -6.630899e-01 -2.189583e-01
 1.472330e+00  8.601081e-01 -2.536698e-01 -2.691060e-01
 1.061696e+00  1.041384e+00 -2.946293e-01 -1.034665e+00
 8.504098e-01  8.640558e-01 -1.016578e+00 -8.179139e-01
 7.999195e-01  7.608082e-01 -1.242033e+00 -2.715563e-01
 1.028805e+00  7.571102e-01 -2.207118e-01 -5.192778e-01
 9.050039e-01  6.703532e-01 -2.243409e-01 -1.715742e-01
 1.154843e+00  7.848281e-01 -7.130053e-01 -4.893247e-01
 8.903298e-01  6.791015e-01 -7.285397e-01 -1.829990e-01
 1.625872e+00  2.851384e-01 -2.913260e-01 -3.239303e-01
 1.344127e+00  3.188110e-01 -2.875333e-01 -1.102266e+00
 1.132267e+00  2.957230e-01 -1.016486e+00 -8.633742e-01
 1.066127e+00  2.756310e-01 -1.264191e+00 -2.842369e-01
 1.147356e+00  2.476956e-01 -2.114875e-01 -5.695204e-01
 1.062193e+00  2.157139e-01 -2.304743e-01 -1.789399e-01
 1.148538e+00  2.395084e-01 -6.549376e-01 -5.828152e-01
 1.108749e+00  2.331982e-01 -7.405993e-01 -1.874865e-01
 1.906911e-01  6.845437e-01 -2.836806e-01 -9.890207e-01
 2.889274e-01  2.837631e-01 -3.106947e-01 -1.692312e+00
 2.097744e-01  6.569166e-01 -8.674687e-01 -7.345991e-01
 2.072724e-01  5.937932e-01 -1.066011e+00 -2.424011e-01
 2.008196e-01  6.058182e-01 -2.009018e-01 -6.085106e-01
 2.142012e-01  5.946726e-01 -1.989661e-01 -2.008428e-01
 2.026546e-01  5.879068e-01 -5.820361e-01 -5.566688e-01
 2.209184e-01  5.925033e-01 -6.283148e-01 -1.933488e-01
 2.053687e-01  2.330329e-01 -6.330102e-01 -1.146071e+00
 2.563656e-01  1.971468e-01 -2.107002e-01 -1.246614e+00
 1.959402e-01  2.193926e-01 -1.029456e+00 -8.011449e-01
 1.918728e-01  1.994996e-01 -1.085438e+00 -2.558692e-01
 2.047629e-01  1.862882e-01 -2.030646e-01 -6.792656e-01
 1.897931e-01  1.811813e-01 -2.004677e-01 -2.149963e-01
 2.035338e-01  1.775692e-01 -5.972173e-01 -6.102440e-01
 1.934359e-01  1.802181e-01 -6.362709e-01 -2.050842e-01
 6.037133e-01  6.784121e-01 -2.416118e-01 -9.688601e-01
 8.189604e-01  6.213563e-01 -2.997966e-01 -1.355008e+00
 6.285962e-01  6.503756e-01 -7.223116e-01 -8.504722e-01
 3.157133e-01  2.534642e-01 -1.644232e+00 -3.439751e-01
 6.274484e-01  5.588090e-01 -2.038702e-01 -6.350556e-01
 5.874836e-01  4.812733e-01 -2.103364e-01 -2.141705e-01
 6.175351e-01  5.217482e-01 -5.915329e-01 -5.981979e-01
 5.938765e-01  4.824235e-01 -6.400359e-01 -2.137744e-01
 6.240718e-01  2.281551e-01 -8.734346e-01 -1.296957e+00
 7.913763e-01  1.889191e-01 -2.806059e-01 -1.243477e+00
 6.256930e-01  2.239314e-01 -1.088424e+00 -7.855448e-01
 5.925162e-01  1.976694e-01 -1.184111e+00 -2.625775e-01
 6.642485e-01  1.751819e-01 -1.998414e-01 -6.697396e-01
 6.154404e-01  1.609487e-01 -2.121001e-01 -2.180852e-01
 6.598899e-01  1.682592e-01 -6.279890e-01 -6.410170e-01
 6.293763e-01  1.659273e-01 -6.888461e-01 -2.125790e-01
 2.421854e-01 -8.118868e-01  8.243370e-01  1.334742e+00
 2.474832e-01 -8.075398e-01  2.789715e-01  1.534679e+00
 2.829252e-01 -7.913265e-01  1.288318e+00  8.893014e-01
 2.841276e-01 -8.133510e-01  1.414820e+00  2.943985e-01
 8.554241e-01 -1.285482e+00  2.192183e-01  3.156660e-01
 5.248723e-01 -9.821642e-01  2.127602e-01  2.071277e-01
 9.003302e-01 -1.288764e+00  7.016268e-01  2.963290e-01
 5.279315e-01 -9.739096e-01  6.512225e-01  2.031869e-01
 2.792457e-01 -1.271246e+00  2.473882e-01  7.696856e-01
 3.218187e-01 -1.293431e+00  2.904204e-01  1.221175e+00
 2.831766e-01 -1.268214e+00  8.054507e-01  7.764544e-01
 2.688012e-01 -1.206763e+00  1.146589e+00  2.891953e-01
 3.215241e-01 -1.567829e+00  2.133825e-01  3.097033e-01
 1.852815e-01 -1.142270e+00  2.145513e-01  2.265895e-01
 3.365223e-01 -1.597622e+00  6.730881e-01  3.053826e-01
 1.952381e-01 -1.147645e+00  6.630899e-01  2.189583e-01
 1.472330e+00 -8.601081e-01  2.536698e-01  2.691060e-01
 1.061696e+00 -1.041384e+00  2.946293e-01  1.034665e+00
 8.504098e-01 -8.640558e-01  1.016578e+00  8.179139e-01
 7.999195e-01 -7.608082e-01  1.242033e+00  2.715563e-01
 1.028805e+00 -7.571102e-01  2.207118e-01  5.192778e-01
 9.050039e-01 -6.703532e-01  2.243409e-01  1.715742e-01
 1.154843e+00 -7.848281e-01  7.130053e-01  4.893247e-01
 8.903298e-01 -6.791015e-01  7.285397e-01  1.829990e-01
 1.625872e+00 -2.851384e-01  2.913260e-01  3.239303e-01
 1.344127e+00 -3.188110e-01  2.875333e-01  1.102266e+00
 1.132267e+00 -2.957230e-01  1.016486e+00  8.633742e-01
 1.066127e+00 -2.756310e-01  1.264191e+00  2.842369e-01
 1.147356e+00 -2.476956e-01  2.114875e-01  5.695204e-01
 1.062193e+00 -2.157139e-01  2.304743e-01  1.789399e-01
 1.148538e+00 -2.395084e-01  6.549376e-01  5.828152e-01
 1.108749e+00 -2.331982e-01  7.405993e-01  1.874865e-01
 1.906911e-01 -6.845437e-01  2.836806e-01  9.890207e-01
 2.889274e-01 -2.837631e-01  3.106947e-01  1.692312e+00
 2.097744e-01 -6.569166e-01  8.674687e-01  7.345991e-01
 2.072724e-01 -5.937932e-01  1.066011e+00  2.424011e-01
 2.008196e-01 -6.058182e-01  2.009018e-01  6.085106e-01
 2.142012e-01 -5.946726e-01  1.989661e-01  2.008428e-01
 2.026546e-01 -5.879068e-01  5.820361e-01  5.566688e-01
 2.209184e-01 -5.925033e-01  6.283148e-01  1.933488e-01
 2.053687e-01 -2.330329e-01  6.330102e-01  1.146071e+00
 2.563656e-01 -1.971468e-01  2.107002e-01  1.246614e+00
 1.959402e-01 -2.193926e-01  1.029456e+00  8.011449e-01
 1.918728e-01 -1.994996e-01  1.085438e+00  2.558692e-01
 2.047629e-01 -1.862882e-01  2.030646e-01  6.792656e-01
 1.897931e-01 -1.811813e-01  2.004677e-01  2.149963e-01
 2.035338e-01 -1.775692e-01  5.972173e-01  6.102440e-01
 1.934359e-01 -1.802181e-01  6.362709e-01  2.050842e-01
 6.037133e-01 -6.784121e-01  2.416118e-01  9.688601e-01
 8.189604e-01 -6.213563e-01  2.997966e-01  1.355008e+00
 6.285962e-01 -6.503756e-01  7.223116e-01  8.504722e-01
 3.157133e-01 -2.534642e-01  1.644232e+00  3.439751e-01
 6.274484e-01 -5.588090e-01  2.038702e-01  6.350556e-01
 5.874836e-01 -4.812733e-01  2.103364e-01  2.141705e-01
 6.175351e-01 -5.217482e-01  5.915329e-01  5.981979e-01
 5.938765e-01 -4.824235e-01  6.400359e-01  2.137744e-01
 6.240718e-01 -2.281551e-01  8.734346e-01  1.296957e+00
 7.913763e-01 -1.889191e-01  2.806059e-01  1.243477e+00
 6.256930e-01 -2.239314e-01  1.088424e+00  7.855448e-01
 5.925162e-01 -1.976694e-01  1.184111e+00  2.625775e-01
 6.642485e-01 -1.751819e-01  1.998414e-01  6.697396e-01
 6.154404e-01 -1.609487e-01  2.121001e-01  2.180852e-01
 6.598899e-01 -1.682592e-01  6.279890e-01  6.410170e-01
 6.293763e-01 -1.659273e-01  6.888461e-01  2.125790e-01
 2.421854e-01 -8.118868e-01  8.243370e-01 -1.334742e+00
 2.474832e-01 -8.075398e-01  2.789715e-01 -1.534679e+00
 2.829252e-01 -7.913265e-01  1.288318e+00 -8.893014e-01
 2.841276e-01 -8.133510e-01  1.414820e+00 -2.943985e-01
 8.554241e-01 -1.285482e+00  2.192183e-01 -3.156660e-01
 5.248723e-01 -9.821642e-01  2.127602e-01 -2.071277e-01
 9.003302e-01 -1.288764e+00  7.016268e-01 -2.963290e-01
 5.279315e-01 -9.739096e-01  6.512225e-01 -2.031869e-01
 2.792457e-01 -1.271246e+00  2.473882e-01 -7.696856e-01
 3.218187e-01 -1.293431e+00  2.904204e-01 -1.221175e+00
 2.831766e-01 -1.268214e+00  8.054507e-01 -7.764544e-01
 2.688012e-01 -1.206763e+00  1.146589e+00 -2.891953e-01
 3.215241e-01 -1.567829e+00  2.133825e-01 -3.097033e-01
 1.852815e-01 -1.142270e+00  2.145513e-01 -2.265895e-01
 3.365223e-01 -1.597622e+00  6.730881e-01 -3.053826e-01
 1.952381e-01 -1.147645e+00  6.630899e-01 -2.189583e-01
 1.472330e+00 -8.601081e-01  2.536698e-01 -2.691060e-01
 1.061696e+00 -1.041384e+00  2.946293e-01 -1.034665e+00
 8.504098e-01 -8.640558e-01  1.016578e+00 -8.179139e-01
 7.999195e-01 -7.608082e-01  1.242033e+00 -2.715563e-01
 1.028805e+00 -7.571102e-01  2.207118e-01 -5.192778e-01
 9.050039e-01 -6.703532e-01  2.243409e-01 -1.715742e-01
 1.154843e+00 -7.848281e-01  7.130053e-01 -4.893247e-01
 8.903298e-01 -6.791015e-01  7.285397e-01 -1.829990e-01
 1.625872e+00 -2.851384e-01  2.913260e-01 -3.239303e-01
 1.344127e+00 -3.188110e-01  2.875333e-01 -1.102266e+00
 1.132267e+00 -2.957230e-01  1.016486e+00 -8.633742e-01
 1.066127e+00 -2.756310e-01  1.264191e+00 -2.842369e-01
 1.147356e+00 -2.476956e-01  2.114875e-01 -5.695204e-01
 1.062193e+00 -2.157139e-01  2.304743e-01 -1.789399e-01
 1.148538e+00 -2.395084e-01  6.549376e-01 -5.828152e-01
 1.108749e+00 -2.331982e-01  7.405993e-01 -1.874865e-01
 1.906911e-01 -6.845437e-01  2.836806e-01 -9.890207e-01
 2.889274e-01 -2.837631e-01  3.106947e-01 -1.692312e+00
 2.097744e-01 -6.569166e-01  8.674687e-01 -7.345991e-01
 2.072724e-01 -5.937932e-01  1.066011e+00 -2.424011e-01
 2.008196e-01 -6.058182e-01  2.009018e-01 -6.085106e-01
 2.142012e-01 -5.946726e-01  1.989661e-01 -2.008428e-01
 2.026546e-01 -5.879068e-01  5.820361e-01 -5.566688e-01
 2.209184e-01 -5.925033e-01  6.283148e-01 -1.933488e-01
 2.053687e-01 -2.330329e-01  6.330102e-01 -1.146071e+00
 2.563656e-01 -1.971468e-01  2.107002e-01 -1.246614e+00
 1.959402e-01 -2.193926e-01  1.029456e+00 -8.011449e-01
 1.918728e-01 -1.994996e-01  1.085438e+00 -2.558692e-01
 2.047629e-01 -1.862882e-01  2.030646e-01 -6.792656e-01
 1.897931e-01 -1.811813e-01  2.004677e-01 -2.149963e-01
 2.035338e-01 -1.775692e-01  5.972173e-01 -6.102440e-01
 1.934359e-01 -1.802181e-01  6.362709e-01 -2.050842e-01
 6.037133e-01 -6.784121e-01  2.416118e-01 -9.688601e-01
 8.189604e-01 -6.213563e-01  2.997966e-01 -1.355008e+00
 6.285962e-01 -6.503756e-01  7.223116e-01 -8.504722e-01
 3.157133e-01 -2.534642e-01  1.644232e+00 -3.439751e-01
 6.274484e-01 -5.588090e-01  2.038702e-01 -6.350556e-01
 5.874836e-01 -4.812733e-01  2.103364e-01 -2.141705e-01
 6.175351e-01 -5.217482e-01  5.915329e-01 -5.981979e-01
 5.938765e-01 -4.824235e-01  6.400359e-01 -2.137744e-01
 6.240718e-01 -2.281551e-01  8.734346e-01 -1.296957e+00
 7.913763e-01 -1.889191e-01  2.806059e-01 -1.243477e+00
 6.256930e-01 -2.239314e-01  1.088424e+00 -7.855448e-01
 5.925162e-01 -1.976694e-01  1.184111e+00 -2.625775e-01
 6.642485e-01 -1.751819e-01  1.998414e-01 -6.697396e-01
 6.154404e-01 -1.609487e-01  2.121001e-01 -2.180852e-01
 6.598899e-01 -1.682592e-01  6.279890e-01 -6.410170e-01
 6.293763e-01 -1.659273e-01  6.888461e-01 -2.125790e-01
 2.421854e-01 -8.118868e-01 -8.243370e-01  1.334742e+00
 2.474832e-01 -8.075398e-01 -2.789715e-01  1.534679e+00
 2.829252e-01 -7.913265e-01 -1.288318e+00  8.893014e-01
 2.841276e-01 -8.133510e-01 -1.414820e+00  2.943985e-01
 8.554241e-01 -1.285482e+00 -2.192183e-01  3.156660e-01
 5.248723e-01 -9.821642e-01 -2.127602e-01  2.071277e-01
 9.003302e-01 -1.288764e+00 -7.016268e-01  2.963290e-01
 5.279315e-01 -9.739096e-01 -6.512225e-01  2.031869e-01
 2.792457e-01 -1.271246e+00 -2.473882e-01  7.696856e-01
 3.218187e-01 -1.293431e+00 -2.904204e-01  1.221175e+00
 2.831766e-01 -1.268214e+00 -8.054507e-01  7.764544e-01
 2.688012e-01 -1.206763e+00 -1.146589e+00  2.891953e-01
 3.215241e-01 -1.567829e+00 -2.133825e-01  3.097033e-01
 1.852815e-01 -1.142270e+00 -2.145513e-01  2.265895e-01
 3.365223e-01 -1.597622e+00 -6.730881e-01  3.053826e-01
 1.952381e-01 -1.147645e+00 -6.630899e-01  2.189583e-01
 1.472330e+00 -8.601081e-01 -2.536698e-01  2.691060e-01
 1.061696e+00 -1.041384e+00 -2.946293e-01  1.034665e+00
 8.504098e-01 -8.640558e-01 -1.016578e+00  8.179139e-01
 7.999195e-01 -7.608082e-01 -1.242033e+00  2.715563e-01
 1.028805e+00 -7.571102e-01 -2.207118e-01  5.192778e-01
 9.050039e-01 -6.703532e-01 -2.243409e-01  1.715742e-01
 1.154843e+00 -7.848281e-01 -7.130053e-01  4.893247e-01
 8.903298e-01 -6.791015e-01 -7.285397e-01  1.829990e-01
 1.625872e+00 -2.851384e-01 -2.913260e-01  3.239303e-01
 1.344127e+00 -3.188110e-01 -2.875333e-01  1.102266e+00
 1.132267e+00 -2.957230e-01 -1.016486e+00  8.633742e-01
 1.066127e+00 -2.756310e-01 -1.264191e+00  2.842369e-01
 1.147356e+00 -2.476956e-01 -2.114875e-01  5.695204e-01
 1.062193e+00 -2.157139e-01 -2.304743e-01  1.789399e-01
 1.148538e+00 -2.395084e-01 -6.549376e-01  5.828152e-01
 1.108749e+00 -2.331982e-01 -7.405993e-01  1.874865e-01
 1.906911e-01 -6.845437e-01 -2.836806e-01  9.890207e-01
 2.889274e-01 -2.837631e-01 -3.106947e-01  1.692312e+00
 2.097744e-01 -6.569166e-01 -8.674687e-01  7.345991e-01
 2.072724e-01 -5.937932e-01 -1.066011e+00  2.424011e-01
 2.008196e-01 -6.058182e-01 -2.009018e-01  6.085106e-01
 2.142012e-01 -5.946726e-01 -1.989661e-01  2.008428e-01
 2.026546e-01 -5.879068e-01 -5.820361e-01  5.566688e-01
 2.209184e-01 -5.925033e-01 -6.283148e-01  1.933488e-01
 2.053687e-01 -2.330329e-01 -6.330102e-01  1.146071e+00
 2.563656e-01 -1.971468e-01 -2.107002e-01  1.246614e+00
 1.959402e-01 -2.193926e-01 -1.029456e+00  8.011449e-01
 1.918728e-01 -1.994996e-01 -1.085438e+00  2.558692e-01
 2.047629e-01 -1.862882e-01 -2.030646e-01  6.792656e-01
 1.897931e-01 -1.811813e-01 -2.004677e-01  2.149963e-01
 2.035338e-01 -1.775692e-01 -5.972173e-01  6.102440e-01
 1.934359e-01 -1.802181e-01 -6.362709e-01  2.050842e-01
 6.037133e-01 -6.784121e-01 -2.416118e-01  9.688601e-01
 8.189604e-01 -6.213563e-01 -2.997966e-01  1.355008e+00
 6.285962e-01 -6.503756e-01 -7.223116e-01  8.504722e-01
 3.157133e-01 -2.534642e-01 -1.644232e+00  3.439751e-01
 6.274484e-01 -5.588090e-01 -2.038702e-01  6.350556e-01
 5.874836e-01 -4.812733e-01 -2.103364e-01  2.141705e-01
 6.175351e-01 -5.217482e-01 -5.915329e-01  5.981979e-01
 5.938765e-01 -4.824235e-01 -6.400359e-01  2.137744e-01
 6.240718e-01 -2.281551e-01 -8.734346e-01  1.296957e+00
 7.913763e-01 -1.889191e-01 -2.806059e-01  1.243477e+00
 6.256930e-01 -2.239314e-01 -1.088424e+00  7.855448e-01
 5.925162e-01 -1.976694e-01 -1.184111e+00  2.625775e-01
 6.642485e-01 -1.751819e-01 -1.998414e-01  6.697396e-01
 6.154404e-01 -1.609487e-01 -2.121001e-01  2.180852e-01
 6.598899e-01 -1.682592e-01 -6.279890e-01  6.410170e-01
 6.293763e-01 -1.659273e-01 -6.888461e-01  2.125790e-01
 2.421854e-01 -8.118868e-01 -8.243370e-01 -1.334742e+00
 2.474832e-01 -8.075398e-01 -2.789715e-01 -1.534679e+00
 2.829252e-01 -7.913265e-01 -1.288318e+00 -8.893014e-01
 2.841276e-01 -8.133510e-01 -1.414820e+00 -2.943985e-01
 8.554241e-01 -1.285482e+00 -2.192183e-01 -3.156660e-01
 5.248723e-01 -9.821642e-01 -2.127602e-01 -2.071277e-01
 9.003302e-01 -1.288764e+00 -7.016268e-01 -2.963290e-01
 5.279315e-01 -9.739096e-01 -6.512225e-01 -2.031869e-01
 2.792457e-01 -1.271246e+00 -2.473882e-01 -7.696856e-01
 3.218187e-01 -1.293431e+00 -2.904204e-01 -1.221175e+00
 2.831766e-01 -1.268214e+00 -8.054507e-01 -7.764544e-01
 2.688012e-01 -1.206763e+00 -1.146589e+00 -2.891953e-01
 3.215241e-01 -1.567829e+00 -2.133825e-01 -3.097033e-01
 1.852815e-01 -1.142270e+00 -2.145513e-01 -2.265895e-01
 3.365223e-01 -1.597622e+00 -6.730881e-01 -3.053826e-01
 1.952381e-01 -1.147645e+00 -6.630899e-01 -2.189583e-01
 1.472330e+00 -8.601081e-01 -2.536698e-01 -2.691060e-01
 1.061696e+00 -1.041384e+00 -2.946293e-01 -1.034665e+00
 8.504098e-01 -8.640558e-01 -1.016578e+00 -8.179139e-01
 7.999195e-01 -7.608082e-01 -1.242033e+00 -2.715563e-01
 1.028805e+00 -7.571102e-01 -2.207118e-01 -5.192778e-01
 9.050039e-01 -6.703532e-01 -2.243409e-01 -1.715742e-01
 1.154843e+00 -7.848281e-01 -7.130053e-01 -4.893247e-01
 8.903298e-01 -6.791015e-01 -7.285397e-01 -1.829990e-01
 1.625872e+00 -2.851384e-01 -2.913260e-01 -3.239303e-01
 1.344127e+00 -3.188110e-01 -2.875333e-01 -1.102266e+00
 1.132267e+00 -2.957230e-01 -1.016486e+00 -8.633742e-01
 1.066127e+00 -2.756310e-01 -1.264191e+00 -2.842369e-01
 1.147356e+00 -2.476956e-01 -2.114875e-01 -5.695204e-01
 1.062193e+00 -2.157139e-01 -2.304743e-01 -1.789399e-01
 1.148538e+00 -2.395084e-01 -6.549376e-01 -5.828152e-01
 1.108749e+00 -2.331982e-01 -7.405993e-01 -1.874865e-01
 1.906911e-01 -6.845437e-01 -2.836806e-01 -9.890207e-01
 2.889274e-01 -2.837631e-01 -3.106947e-01 -1.692312e+00
 2.097744e-01 -6.569166e-01 -8.674687e-01 -7.345991e-01
 2.072724e-01 -5.937932e-01 -1.066011e+00 -2.424011e-01
 2.008196e-01 -6.058182e-01 -2.009018e-01 -6.085106e-01
 2.142012e-01 -5.946726e-01 -1.989661e-01 -2.008428e-01
 2.026546e-01 -5.879068e-01 -5.820361e-01 -5.566688e-01
 2.209184e-01 -5.925033e-01 -6.283148e-01 -1.933488e-01
 2.053687e-01 -2.330329e-01 -6.330102e-01 -1.146071e+00
 2.563656e-01 -1.971468e-01 -2.107002e-01 -1.246614e+00
 1.959402e-01 -2.193926e-01 -1.029456e+00 -8.011449e-01
 1.918728e-01 -1.994996e-01 -1.085438e+00 -2.558692e-01
 2.047629e-01 -1.862882e-01 -2.030646e-01 -6.792656e-01
 1.897931e-01 -1.811813e-01 -2.004677e-01 -2.149963e-01
 2.035338e-01 -1.775692e-01 -5.972173e-01 -6.102440e-01
 1.934359e-01 -1.802181e-01 -6.362709e-01 -2.050842e-01
 6.037133e-01 -6.784121e-01 -2.416118e-01 -9.688601e-01
 8.189604e-01 -6.213563e-01 -2.997966e-01 -1.355008e+00
 6.285962e-01 -6.503756e-01 -7.223116e-01 -8.504722e-01
 3.157133e-01 -2.534642e-01 -1.644232e+00 -3.439751e-01
 6.274484e-01 -5.588090e-01 -2.038702e-01 -6.350556e-01
 5.874836e-01 -4.812733e-01 -2.103364e-01 -2.141705e-01
 6.175351e-01 -5.217482e-01 -5.915329e-01 -5.981979e-01
 5.938765e-01 -4.824235e-01 -6.400359e-01 -2.137744e-01
 6.240718e-01 -2.281551e-01 -8.734346e-01 -1.296957e+00
 7.913763e-01 -1.889191e-01 -2.806059e-01 -1.243477e+00
 6.256930e-01 -2.239314e-01 -1.088424e+00 -7.855448e-01
 5.925162e-01 -1.976694e-01 -1.184111e+00 -2.625775e-01
 6.642485e-01 -1.751819e-01 -1.998414e-01 -6.697396e-01
 6.154404e-01 -1.609487e-01 -2.121001e-01 -2.180852e-01
 6.598899e-01 -1.682592e-01 -6.279890e-01 -6.410170e-01
 6.293763e-01 -1.659273e-01 -6.888461e-01 -2.125790e-01
-2.421854e-01  8.118868e-01  8.243370e-01  1.334742e+00
-2.474832e-01  8.075398e-01  2.789715e-01  1.534679e+00
-2.829252e-01  7.913265e-01  1.288318e+00  8.893014e-01
-2.841276e-01  8.133510e-01  1.414820e+00  2.943985e-01
-8.554241e-01  1.285482e+00  2.192183e-01  3.156660e-01
-5.248723e-01  9.821642e-01  2.127602e-01  2.071277e-01
-9.003302e-01  1.288764e+00  7.016268e-01  2.963290e-01
-5.279315e-01  9.739096e-01  6.512225e-01  2.031869e-01
-2.792457e-01  1.271246e+00  2.473882e-01  7.696856e-01
-3.218187e-01  1.293431e+00  2.904204e-01  1.221175e+00
-2.831766e-01  1.268214e+00  8.054507e-01  7.764544e-01
-2.688012e-01  1.206763e+00  1.146589e+00  2.891953e-01
-3.215241e-01  1.567829e+00  2.133825e-01  3.097033e-01
-1.852815e-01  1.142270e+00  2.145513e-01  2.265895e-01
-3.365223e-01  1.597622e+00  6.730881e-01  3.053826e-01
-1.952381e-01  1.147645e+00  6.630899e-01  2.189583e-01
-1.472330e+00  8.601081e-01  2.536698e-01  2.691060e-01
-1.061696e+00  1.041384e+00  2.946293e-01  1.034665e+00
-8.504098e-01  8.640558e-01  1.016578e+00  8.179139e-01
-7.999195e-01  7.608082e-01  1.242033e+00  2.715563e-01
-1.028805e+00  7.571102e-01  2.207118e-01  5.192778e-01
-9.050039e-01  6.703532e-01  2.243409e-01  1.715742e-01
-1.154843e+00  7.848281e-01  7.130053e-01  4.893247e-01
-8.903298e-01  6.791015e-01  7.285397e-01  1.829990e-01
-1.625872e+00  2.851384e-01  2.913260e-01  3.239303e-01
-1.344127e+00  3.188110e-01  2.875333e-01  1.102266e+00
-1.132267e+00  2.957230e-01  1.016486e+00  8.633742e-01
-1.066127e+00  2.756310e-01  1.264191e+00  2.842369e-01
-1.147356e+00  2.476956e-01  2.114875e-01  5.695204e-01
-1.062193e+00  2.157139e-01  2.304743e-01  1.789399e-01
-1.148538e+00  2.395084e-01  6.549376e-01  5.828152e-01
-1.108749e+00  2.331982e-01  7.405993e-01  1.874865e-01
-1.906911e-01  6.845437e-01  2.836806e-01  9.890207e-01
-2.889274e-01  2.837631e-01  3.106947e-01  1.692312e+00
-2.097744e-01  6.569166e-01  8.674687e-01  7.345991e-01
-2.072724e-01  5.937932e-01  1.066011e+00  2.424011e-01
-2.008196e-01  6.058182e-01  2.009018e-01  6.085106e-01
-2.142012e-01  5.946726e-01  1.989661e-01  2.008428e-01
-2.026546e-01  5.879068e-01  5.820361e-01  5.566688e-01
-2.209184e-01  5.925033e-01  6.283148e-01  1.933488e-01
-2.053687e-01  2.330329e-01  6.330102e-01  1.146071e+00
-2.563656e-01  1.971468e-01  2.107002e-01  1.246614e+00
-1.959402e-01  2.193926e-01  1.029456e+00  8.011449e-01
-1.918728e-01  1.994996e-01  1.085438e+00  2.558692e-01
-2.047629e-01  1.862882e-01  2.030646e-01  6.792656e-01
-1.897931e-01  1.811813e-01  2.004677e-01  2.149963e-01
-2.035338e-01  1.775692e-01  5.972173e-01  6.102440e-01
-1.934359e-01  1.802181e-01  6.362709e-01  2.050842e-01
-6.037133e-01  6.784121e-01  2.416118e-01  9.688601e-01
-8.189604e-01  6.213563e-01  2.997966e-01  1.355008e+00
-6.285962e-01  6.503756e-01  7.223116e-01  8.504722e-01
-3.157133e-01  2.534642e-01  1.644232e+00  3.439751e-01
-6.274484e-01  5.588090e-01  2.038702e-01  6.350556e-01
-5.874836e-01  4.812733e-01  2.103364e-01  2.141705e-01
-6.175351e-01  5.217482e-01  5.915329e-01  5.981979e-01
-5.938765e-01  4.824235e-01  6.400359e-01  2.137744e-01
-6.240718e-01  2.281551e-01  8.734346e-01  1.296957e+00
-7.913763e-01  1.889191e-01  2.806059e-01  1.243477e+00
-6.256930e-01  2.239314e-01  1.088424e+00  7.855448e-01
-5.925162e-01  1.976694e-01  1.184111e+00  2.625775e-01
-6.642485e-01  1.751819e-01  1.998414e-01  6.697396e-01
-6.154404e-01  1.609487e-01  2.121001e-01  2.180852e-01
-6.598899e-01  1.682592e-01  6.279890e-01  6.410170e-01
-6.293763e-01  1.659273e-01  6.888461e-01  2.125790e-01
-2.421854e-01  8.118868e-01  8.243370e-01 -1.334742e+00
-2.474832e-01  8.075398e-01  2.789715e-01 -1.534679e+00
-2.829252e-01  7.913265e-01  1.288318e+00 -8.893014e-01
-2.841276e-01  8.133510e-01  1.414820e+00 -2.943985e-01
-8.554241e-01  1.285482e+00  2.192183e-01 -3.156660e-01
-5.248723e-01  9.821642e-01  2.127602e-01 -2.071277e-01
-9.003302e-01  1.288764e+00  7.016268e-01 -2.963290e-01
-5.279315e-01  9.739096e-01  6.512225e-01 -2.031869e-01
-2.792457e-01  1.271246e+00  2.473882e-01 -7.696856e-01
-3.218187e-01  1.293431e+00  2.904204e-01 -1.221175e+00
-2.831766e-01  1.268214e+00  8.054507e-01 -7.764544e-01
-2.688012e-01  1.206763e+00  1.146589e+00 -2.891953e-01
-3.215241e-01  1.567829e+00  2.133825e-01 -3.097033e-01
-1.852815e-01  1.142270e+00  2.145513e-01 -2.265895e-01
-3.365223e-01  1.597622e+00  6.730881e-01 -3.053826e-01
-1.952381e-01  1.147645e+00  6.630899e-01 -2.189583e-01
-1.472330e+00  8.601081e-01  2.536698e-01 -2.691060e-01
-1.061696e+00  1.041384e+00  2.946293e-01 -1.034665e+00
-8.504098e-01  8.640558e-01  1.016578e+00 -8.179139e-01
-7.999195e-01  7.608082e-01  1.242033e+00 -2.715563e-01
-1.028805e+00  7.571102e-01  2.207118e-01 -5.192778e-01
-9.050039e-01  6.703532e-01  2.243409e-01 -1.715742e-01
-1.154843e+00  7.848281e-01  7.130053e-01 -4.893247e-01
-8.903298e-01  6.791015e-01  7.285397e-01 -1.829990e-01
-1.625872e+00  2.851384e-01  2.913260e-01 -3.239303e-01
-1.344127e+00  3.188110e-01  2.875333e-01 -1.102266e+00
-1.132267e+00  2.957230e-01  1.016486e+00 -8.633742e-01
-1.066127e+00  2.756310e-01  1.264191e+00 -2.842369e-01
-1.147356e+00  2.476956e-01  2.114875e-01 -5.695204e-01
-1.062193e+00  2.157139e-01  2.304743e-01 -1.789399e-01
-1.148538e+00  2.395084e-01  6.549376e-01 -5.828152e-01
-1.108749e+00  2.331982e-01  7.405993e-01 -1.874865e-01
-1.906911e-01  6.845437e-01  2.836806e-01 -9.890207e-01
-2.889274e-01  2.837631e-01  3.106947e-01 -1.692312e+00
-2.097744e-01  6.569166e-01  8.674687e-01 -7.345991e-01
-2.072724e-01  5.937932e-01  1.066011e+00 -2.424011e-01
-2.008196e-01  6.058182e-01  2.009018e-01 -6.085106e-01
-2.142012e-01  5.946726e-01  1.989661e-01 -2.008428e-01
-2.026546e-01  5.879068e-01  5.820361e-01 -5.566688e-01
-2.209184e-01  5.925033e-01  6.283148e-01 -1.933488e-01
-2.053687e-01  2.330329e-01  6.330102e-01 -1.146071e+00
-2.563656e-01  1.971468e-01  2.107002e-01 -1.246614e+00
-1.959402e-01  2.193926e-01  1.029456e+00 -8.011449e-01
-1.918728e-01  1.994996e-01  1.085438e+00 -2.558692e-01
-2.047629e-01  1.862882e-01  2.030646e-01 -6.792656e-01
-1.897931e-01  1.811813e-01  2.004677e-01 -2.149963e-01
-2.035338e-01  1.775692e-01  5.972173e-01 -6.102440e-01
-1.934359e-01  1.802181e-01  6.362709e-01 -2.050842e-01
-6.037133e-01  6.784121e-01  2.416118e-01 -9.688601e-01
-8.189604e-01  6.213563e-01  2.997966e-01 -1.355008e+00
-6.285962e-01  6.503756e-01  7.223116e-01 -8.504722e-01
-3.157133e-01  2.534642e-01  1.644232e+00 -3.439751e-01
-6.274484e-01  5.588090e-01  2.038702e-01 -6.350556e-01
-5.874836e-01  4.812733e-01  2.103364e-01 -2.141705e-01
-6.175351e-01  5.217482e-01  5.915329e-01 -5.981979e-01
-5.938765e-01  4.824235e-01  6.400359e-01 -2.137744e-01
-6.240718e-01  2.281551e-01  8.734346e-01 -1.296957e+00
-7.913763e-01  1.889191e-01  2.806059e-01 -1.243477e+00
-6.256930e-01  2.239314e-01  1.088424e+00 -7.855448e-01
-5.925162e-01  1.976694e-01  1.184111e+00 -2.625775e-01
-6.642485e-01  1.751819e-01  1.998414e-01 -6.697396e-01
-6.154404e-01  1.609487e-01  2.121001e-01 -2.180852e-01
-6.598899e-01  1.682592e-01  6.279890e-01 -6.410170e-01
-6.293763e-01  1.659273e-01  6.888461e-01 -2.125790e-01
-2.421854e-01  8.118868e-01 -8.243370e-01  1.334742e+00
-2.474832e-01  8.075398e-01 -2.789715e-01  1.534679e+00
-2.829252e-01  7.913265e-01 -1.288318e+00  8.893014e-01
-2.841276e-01  8.133510e-01 -1.414820e+00  2.943985e-01
-8.554241e-01  1.285482e+00 -2.192183e-01  3.156660e-01
-5.248723e-01  9.821642e-01 -2.127602e-01  2.071277e-01
-9.003302e-01  1.288764e+00 -7.016268e-01  2.963290e-01
-5.279315e-01  9.739096e-01 -6.512225e-01  2.031869e-01
-2.792457e-01  1.271246e+00 -2.473882e-01  7.696856e-01
-3.218187e-01  1.293431e+00 -2.904204e-01  1.221175e+00
-2.831766e-01  1.268214e+00 -8.054507e-01  7.764544e-01
-2.688012e-01  1.206763e+00 -1.146589e+00  2.891953e-01
-3.215241e-01  1.567829e+00 -2.133825e-01  3.097033e-01
-1.852815e-01  1.142270e+00 -2.145513e-01  2.265895e-01
-3.365223e-01  1.597622e+00 -6.730881e-01  3.053826e-01
-1.952381e-01  1.147645e+00 -6.630899e-01  2.189583e-01
-1.472330e+00  8.601081e-01 -2.536698e-01  2.691060e-01
-1.061696e+00  1.041384e+00 -2.946293e-01  1.034665e+00
-8.504098e-01  8.640558e-01 -1.016578e+00  8.179139e-01
-7.999195e-01  7.608082e-01 -1.242033e+00  2.715563e-01
-1.028805e+00  7.571102e-01 -2.207118e-01  5.192778e-01
-9.050039e-01  6.703532e-01 -2.243409e-01  1.715742e-01
-1.154843e+00  7.848281e-01 -7.130053e-01  4.893247e-01
-8.903298e-01  6.791015e-01 -7.285397e-01  1.829990e-01
-1.625872e+00  2.851384e-01 -2.913260e-01  3.239303e-01
-1.344127e+00  3.188110e-01 -2.875333e-01  1.102266e+00
-1.132267e+00  2.957230e-01 -1.016486e+00  8.633742e-01
-1.066127e+00  2.756310e-01 -1.264191e+00  2.842369e-01
-1.147356e+00  2.476956e-01 -2.114875e-01  5.695204e-01
-1.062193e+00  2.157139e-01 -2.304743e-01  1.789399e-01
-1.148538e+00  2.395084e-01 -6.549376e-01  5.828152e-01
-1.108749e+00  2.331982e-01 -7.405993e-01  1.874865e-01
-1.906911e-01  6.845437e-01 -2.836806e-01  9.890207e-01
-2.889274e-01  2.837631e-01 -3.106947e-01  1.692312e+00
-2.097744e-01  6.569166e-01 -8.674687e-01  7.345991e-01
-2.072724e-01  5.937932e-01 -1.066011e+00  2.424011e-01
-2.008196e-01  6.058182e-01 -2.009018e-01  6.085106e-01
-2.142012e-01  5.946726e-01 -1.989661e-01  2.008428e-01
-2.026546e-01  5.879068e-01 -5.820361e-01  5.566688e-01
-2.209184e-01  5.925033e-01 -6.283148e-01  1.933488e-01
-2.053687e-01  2.330329e-01 -6.330102e-01  1.146071e+00
-2.563656e-01  1.971468e-01 -2.107002e-01  1.246614e+00
-1.959402e-01  2.193926e-01 -1.029456e+00  8.011449e-01
-1.918728e-01  1.994996e-01 -1.085438e+00  2.558692e-01
-2.047629e-01  1.862882e-01 -2.030646e-01  6.792656e-01
-1.897931e-01  1.811813e-01 -2.004677e-01  2.149963e-01
-2.035338e-01  1.775692e-01 -5.972173e-01  6.102440e-01
-1.934359e-01  1.802181e-01 -6.362709e-01  2.050842e-01
-6.037133e-01  6.784121e-01 -2.416118e-01  9.688601e-01
-8.189604e-01  6.213563e-01 -2.997966e-01  1.355008e+00
-6.285962e-01  6.503756e-01 -7.223116e-01  8.504722e-01
-3.157133e-01  2.534642e-01 -1.644232e+00  3.439751e-01
-6.274484e-01  5.588090e-01 -2.038702e-01  6.350556e-01
-5.874836e-01  4.812733e-01 -2.103364e-01  2.141705e-01
-6.175351e-01  5.217482e-01 -5.915329e-01  5.981979e-01
-5.938765e-01  4.824235e-01 -6.400359e-01  2.137744e-01
-6.240718e-01  2.281551e-01 -8.734346e-01  1.296957e+00
-7.913763e-01  1.889191e-01 -2.806059e-01  1.243477e+00
-6.256930e-01  2.239314e-01 -1.088424e+00  7.855448e-01
-5.925162e-01  1.976694e-01 -1.184111e+00  2.625775e-01
-6.642485e-01  1.751819e-01 -1.998414e-01  6.697396e-01
-6.154404e-01  1.609487e-01 -2.121001e-01  2.180852e-01
-6.598899e-01  1.682592e-01 -6.279890e-01  6.410170e-01
-6.293763e-01  1.659273e-01 -6.888461e-01  2.125790e-01
-2.421854e-01  8.118868e-01 -8.243370e-01 -1.334742e+00
-2.474832e-01  8.075398e-01 -2.789715e-01 -1.534679e+00
-2.829252e-01  7.913265e-01 -1.288318e+00 -8.893014e-01
-2.841276e-01  8.133510e-01 -1.414820e+00 -2.943985e-01
-8.554241e-01  1.285482e+00 -2.192183e-01 -3.156660e-01
-5.248723e-01  9.821642e-01 -2.127602e-01 -2.071277e-01
-9.003302e-01  1.288764e+00 -7.016268e-01 -2.963290e-01
-5.279315e-01  9.739096e-01 -6.512225e-01 -2.031869e-01
-2.792457e-01  1.271246e+00 -2.473882e-01 -7.696856e-01
-3.218187e-01  1.293431e+00 -2.904204e-01 -1.221175e+00
-2.831766e-01  1.268214e+00 -8.054507e-01 -7.764544e-01
-2.688012e-01  1.206763e+00 -1.146589e+00 -2.891953e-01
-3.215241e-01  1.567829e+00 -2.133825e-01 -3.097033e-01
-1.852815e-01  1.142270e+00 -2.145513e-01 -2.265895e-01
-3.365223e-01  1.597622e+00 -6.730881e-01 -3.053826e-01
-1.952381e-01  1.147645e+00 -6.630899e-01 -2.189583e-01
-1.472330e+00  8.601081e-01 -2.536698e-01 -2.691060e-01
-1.061696e+00  1.041384e+00 -2.946293e-01 -1.034665e+00
-8.504098e-01  8.640558e-01 -1.016578e+00 -8.179139e-01
-7.999195e-01  7.608082e-01 -1.242033e+00 -2.715563e-01
-1.028805e+00  7.571102e-01 -2.207118e-01 -5.192778e-01
-9.050039e-01  6.703532e-01 -2.243409e-01 -1.715742e-01
-1.154843e+00  7.848281e-01 -7.130053e-01 -4.893247e-01
-8.903298e-01  6.791015e-01 -7.285397e-01 -1.829990e-01
-1.625872e+00  2.851384e-01 -2.913260e-01 -3.239303e-01
-1.344127e+00  3.188110e-01 -2.875333e-01 -1.102266e+00
-1.132267e+00  2.957230e-01 -1.016486e+00 -8.633742e-01
-1.066127e+00  2.756310e-01 -1.264191e+00 -2.842369e-01
-1.147356e+00  2.476956e-01 -2.114875e-01 -5.695204e-01
-1.062193e+00  2.157139e-01 -2.304743e-01 -1.789399e-01
-1.148538e+00  2.395084e-01 -6.549376e-01 -5.828152e-01
-1.108749e+00  2.331982e-01 -7.405993e-01 -1.874865e-01
-1.906911e-01  6.845437e-01 -2.836806e-01 -9.890207e-01
-2.889274e-01  2.837631e-01 -3.106947e-01 -1.692312e+00
-2.097744e-01  6.569166e-01 -8.674687e-01 -7.345991e-01
-2.072724e-01  5.937932e-01 -1.066011e+00 -2.424011e-01
-2.008196e-01  6.058182e-01 -2.009018e-01 -6.085106e-01
-2.142012e-01  5.946726e-01 -1.989661e-01 -2.008428e-01
-2.026546e-01  5.879068e-01 -5.820361e-01 -5.566688e-01
-2.209184e-01  5.925033e-01 -6.283148e-01 -1.933488e-01
-2.053687e-01  2.330329e-01 -6.330102e-01 -1.146071e+00
-2.563656e-01  1.971468e-01 -2.107002e-01 -1.246614e+00
-1.959402e-01  2.193926e-01 -1.029456e+00 -8.011449e-01
-1.918728e-01  1.994996e-01 -1.085438e+00 -2.558692e-01
-2.047629e-01  1.862882e-01 -2.030646e-01 -6.792656e-01
-1.897931e-01  1.811813e-01 -2.004677e-01 -2.149963e-01
-2.035338e-01  1.775692e-01 -5.972173e-01 -6.102440e-01
-1.934359e-01  1.802181e-01 -6.362709e-01 -2.050842e-01
-6.037133e-01  6.784121e-01 -2.416118e-01 -9.688601e-01
-8.189604e-01  6.213563e-01 -2.997966e-01 -1.355008e+00
-6.285962e-01  6.503756e-01 -7.223116e-01 -8.504722e-01
-3.157133e-01  2.534642e-01 -1.644232e+00 -3.439751e-01
-6.274484e-01  5.588090e-01 -2.038702e-01 -6.350556e-01
-5.874836e-01  4.812733e-01 -2.103364e-01 -2.141705e-01
-6.175351e-01  5.217482e-01 -5.915329e-01 -5.981979e-01
-5.938765e-01  4.824235e-01 -6.400359e-01 -2.137744e-01
-6.240718e-01  2.281551e-01 -8.734346e-01 -1.296957e+00
-7.913763e-01  1.889191e-01 -2.806059e-01 -1.243477e+00
-6.256930e-01  2.239314e-01 -1.088424e+00 -7.855448e-01
-5.925162e-01  1.976694e-01 -1.184111e+00 -2.625775e-01
-6.642485e-01  1.751819e-01 -1.998414e-01 -6.697396e-01
-6.154404e-01  1.609487e-01 -2.121001e-01 -2.180852e-01
-6.598899e-01  1.682592e-01 -6.279890e-01 -6.410170e-01
-6.293763e-01  1.659273e-01 -6.888461e-01 -2.125790e-01
-2.421854e-01 -8.118868e-01  8.243370e-01  1.334742e+00
-2.474832e-01 -8.075398e-01  2.789715e-01  1.534679e+00
-2.829252e-01 -7.913265e-01  1.288318e+00  8.893014e-01
-2.841276e-01 -8.133510e-01  1.414820e+00  2.943985e-01
-8.554241e-01 -1.285482e+00  2.192183e-01  3.156660e-01
-5.248723e-01 -9.821642e-01  2.127602e-01  2.071277e-01
-9.003302e-01 -1.288764e+00  7.016268e-01  2.963290e-01
-5.279315e-01 -9.739096e-01  6.512225e-01  2.031869e-01
-2.792457e-01 -1.271246e+00  2.473882e-01  7.696856e-01
-3.218187e-01 -1.293431e+00  2.904204e-01  1.221175e+00
-2.831766e-01 -1.268214e+00  8.054507e-01  7.764544e-01
-2.688012e-01 -1.206763e+00  1.146589e+00  2.891953e-01
-3.215241e-01 -1.567829e+00  2.133825e-01  3.097033e-01
-1.852815e-01 -1.142270e+00  2.145513e-01  2.265895e-01
-3.365223e-01 -1.597622e+00  6.730881e-01  3.053826e-01
-1.952381e-01 -1.147645e+00  6.630899e-01  2.189583e-01
-1.472330e+00 -8.601081e-01  2.536698e-01  2.691060e-01
-1.061696e+00 -1.041384e+00  2.946293e-01  1.034665e+00
-8.504098e-01 -8.640558e-01  1.016578e+00  8.179139e-01
-7.999195e-01 -7.608082e-01  1.242033e+00  2.715563e-01
-1.028805e+00 -7.571102e-01  2.207118e-01  5.192778e-01
-9.050039e-01 -6.703532e-01  2.243409e-01  1.715742e-01
-1.154843e+00 -7.848281e-01  7.130053e-01  4.893247e-01
-8.903298e-01 -6.791015e-01  7.285397e-01  1.829990e-01
-1.625872e+00 -2.851384e-01  2.913260e-01  3.239303e-01
-1.344127e+00 -3.188110e-01  2.875333e-01  1.102266e+00
-1.132267e+00 -2.957230e-01  1.016486e+00  8.633742e-01
-1.066127e+00 -2.756310e-01  1.264191e+00  2.842369e-01
-1.147356e+00 -2.476956e-01  2.114875e-01  5.695204e-01
-1.062193e+00 -2.157139e-01  2.304743e-01  1.789399e-01
-1.148538e+00 -2.395084e-01  6.549376e-01  5.828152e-01
-1.108749e+00 -2.331982e-01  7.405993e-01  1.874865e-01
-1.906911e-01 -6.845437e-01  2.836806e-01  9.890207e-01
-2.889274e-01 -2.837631e-01  3.106947e-01  1.692312e+00
-2.097744e-01 -6.569166e-01  8.674687e-01  7.345991e-01
-2.072724e-01 -5.937932e-01  1.066011e+00  2.424011e-01
-2.008196e-01 -6.058182e-01  2.009018e-01  6.085106e-01
-2.142012e-01 -5.946726e-01  1.989661e-01  2.008428e-01
-2.026546e-01 -5.879068e-01  5.820361e-01  5.566688e-01
-2.209184e-01 -5.925033e-01  6.283148e-01  1.933488e-01
-2.053687e-01 -2.330329e-01  6.330102e-01  1.146071e+00
-2.563656e-01 -1.971468e-01  2.107002e-01  1.246614e+00
-1.959402e-01 -2.193926e-01  1.029456e+00  8.011449e-01
-1.918728e-01 -1.994996e-01  1.085438e+00  2.558692e-01
-2.047629e-01 -1.862882e-01  2.030646e-01  6.792656e-01
-1.897931e-01 -1.811813e-01  2.004677e-01  2.149963e-01
-2.035338e-01 -1.775692e-01  5.972173e-01  6.102440e-01
-1.934359e-01 -1.802181e-01  6.362709e-01  2.050842e-01
-6.037133e-01 -6.784121e-01  2.416118e-01  9.688601e-01
-8.189604e-01 -6.213563e-01  2.997966e-01  1.355008e+00
-6.285962e-01 -6.503756e-01  7.223116e-01  8.504722e-01
-3.157133e-01 -2.534642e-01  1.644232e+00  3.439751e-01
-6.274484e-01 -5.588090e-01  2.038702e-01  6.350556e-01
-5.874836e-01 -4.812733e-01  2.103364e-01  2.141705e-01
-6.175351e-01 -5.217482e-01  5.915329e-01  5.981979e-01
-5.938765e-01 -4.824235e-01  6.400359e-01  2.137744e-01
-6.240718e-01 -2.281551e-01  8.734346e-01  1.296957e+00
-7.913763e-01 -1.889191e-01  2.806059e-01  1.243477e+00
-6.256930e-01 -2.239314e-01  1.088424e+00  7.855448e-01
-5.925162e-01 -1.976694e-01  1.184111e+00  2.625775e-01
-6.642485e-01 -1.751819e-01  1.998414e-01  6.697396e-01
-6.154404e-01 -1.609487e-01  2.121001e-01  2.180852e-01
-6.598899e-01 -1.682592e-01  6.279890e-01  6.410170e-01
-6.293763e-01 -1.659273e-01  6.888461e-01  2.125790e-01
-2.421854e-01 -8.118868e-01  8.243370e-01 -1.334742e+00
-2.474832e-01 -8.075398e-01  2.789715e-01 -1.534679e+00
-2.829252e-01 -7.913265e-01  1.288318e+00 -8.893014e-01
-2.841276e-01 -8.133510e-01  1.414820e+00 -2.943985e-01
-8.554241e-01 -1.285482e+00  2.192183e-01 -3.156660e-01
-5.248723e-01 -9.821642e-01  2.127602e-01 -2.071277e-01
-9.003302e-01 -1.288764e+00  7.016268e-01 -2.963290e-01
-5.279315e-01 -9.739096e-01  6.512225e-01 -2.031869e-01
-2.792457e-01 -1.271246e+00  2.473882e-01 -7.696856e-01
-3.218187e-01 -1.293431e+00  2.904204e-01 -1.221175e+00
-2.831766e-01 -1.268214e+00  8.054507e-01 -7.764544e-01
-2.688012e-01 -1.206763e+00  1.146589e+00 -2.891953e-01
-3.215241e-01 -1.567829e+00  2.133825e-01 -3.097033e-01
-1.852815e-01 -1.142270e+00  2.145513e-01 -2.265895e-01
-3.365223e-01 -1.597622e+00  6.730881e-01 -3.053826e-01
-1.952381e-01 -1.147645e+00  6.630899e-01 -2.189583e-01
-1.472330e+00 -8.601081e-01  2.536698e-01 -2.691060e-01
-1.061696e+00 -1.041384e+00  2.946293e-01 -1.034665e+00
-8.504098e-01 -8.640558e-01  1.016578e+00 -8.179139e-01
-7.999195e-01 -7.608082e-01  1.242033e+00 -2.715563e-01
-1.028805e+00 -7.571102e-01  2.207118e-01 -5.192778e-01
-9.050039e-01 -6.703532e-01  2.243409e-01 -1.715742e-01
-1.154843e+00 -7.848281e-01  7.130053e-01 -4.893247e-01
-8.903298e-01 -6.791015e-01  7.285397e-01 -1.829990e-01
-1.625872e+00 -2.851384e-01  2.913260e-01 -3.239303e-01
-1.344127e+00 -3.188110e-01  2.875333e-01 -1.102266e+00
-1.132267e+00 -2.957230e-01  1.016486e+00 -8.633742e-01
-1.066127e+00 -2.756310e-01  1.264191e+00 -2.842369e-01
-1.147356e+00 -2.476956e-01  2.114875e-01 -5.695204e-01
-1.062193e+00 -2.157139e-01  2.304743e-01 -1.789399e-01
-1.148538e+00 -2.395084e-01  6.549376e-01 -5.828152e-01
-1.108749e+00 -2.331982e-01  7.405993e-01 -1.874865e-01
-1.906911e-01 -6.845437e-01  2.836806e-01 -9.890207e-01
-2.889274e-01 -2.837631e-01  3.106947e-01 -1.692312e+00
-2.097744e-01 -6.569166e-01  8.674687e-01 -7.345991e-01
-2.072724e-01 -5.937932e-01  1.066011e+00 -2.424011e-01
-2.008196e-01 -6.058182e-01  2.009018e-01 -6.085106e-01
-2.142012e-01 -5.946726e-01  1.989661e-01 -2.008428e-01
-2.026546e-01 -5.879068e-01  5.820361e-01 -5.566688e-01
-2.209184e-01 -5.925033e-01  6.283148e-01 -1.933488e-01
-2.053687e-01 -2.330329e-01  6.330102e-01 -1.146071e+00
-2.563656e-01 -1.971468e-01  2.107002e-01 -1.246614e+00
-1.959402e-01 -2.193926e-01  1.029456e+00 -8.011449e-01
-1.918728e-01 -1.994996e-01  1.085438e+00 -2.558692e-01
-2.047629e-01 -1.862882e-01  2.030646e-01 -6.792656e-01
-1.897931e-01 -1.811813e-01  2.004677e-01 -2.149963e-01
-2.035338e-01 -1.775692e-01  5.972173e-01 -6.102440e-01
-1.934359e-01 -1.802181e-01  6.362709e-01 -2.050842e-01
-6.037133e-01 -6.784121e-01  2.416118e-01 -9.688601e-01
-8.189604e-01 -6.213563e-01  2.997966e-01 -1.355008e+00
-6.285962e-01 -6.503756e-01  7.223116e-01 -8.504722e-01
-3.157133e-01 -2.534642e-01  1.644232e+00 -3.439751e-01
-6.274484e-01 -5.588090e-01  2.038702e-01 -6.350556e-01
-5.874836e-01 -4.812733e-01  2.103364e-01 -2.141705e-01
-6.175351e-01 -5.217482e-01  5.915329e-01 -5.981979e-01
-5.938765e-01 -4.824235e-01  6.400359e-01 -2.137744e-01
-6.240718e-01 -2.281551e-01  8.734346e-01 -1.296957e+00
-7.913763e-01 -1.889191e-01  2.806059e-01 -1.243477e+00
-6.256930e-01 -2.239314e-01  1.088424e+00 -7.855448e-01
-5.925162e-01 -1.976694e-01  1.184111e+00 -2.625775e-01
-6.642485e-01 -1.751819e-01  1.998414e-01 -6.697396e-01
-6.154404e-01 -1.609487e-01  2.121001e-01 -2.180852e-01
-6.598899e-01 -1.682592e-01  6.279890e-01 -6.410170e-01
-6.293763e-01 -1.659273e-01  6.888461e-01 -2.125790e-01
-2.421854e-01 -8.118868e-01 -8.243370e-01  1.334742e+00
-2.474832e-01 -8.075398e-01 -2.789715e-01  1.534679e+00
-2.829252e-01 -7.913265e-01 -1.288318e+00  8.893014e-01
-2.841276e-01 -8.133510e-01 -1.414820e+00  2.943985e-01
-8.554241e-01 -1.285482e+00 -2.192183e-01  3.156660e-01
-5.248723e-01 -9.821642e-01 -2.127602e-01  2.071277e-01
-9.003302e-01 -1.288764e+00 -7.016268e-01  2.963290e-01
-5.279315e-01 -9.739096e-01 -6.512225e-01  2.031869e-01
-2.792457e-01 -1.271246e+00 -2.473882e-01  7.696856e-01
-3.218187e-01 -1.293431e+00 -2.904204e-01  1.221175e+00
-2.831766e-01 -1.268214e+00 -8.054507e-01  7.764544e-01
-2.688012e-01 -1.206763e+00 -1.146589e+00  2.891953e-01
-3.215241e-01 -1.567829e+00 -2.133825e-01  3.097033e-01
-1.852815e-01 -1.142270e+00 -2.145513e-01  2.265895e-01
-3.365223e-01 -1.597622e+00 -6.730881e-01  3.053826e-01
-1.952381e-01 -1.147645e+00 -6.630899e-01  2.189583e-01
-1.472330e+00 -8.601081e-01 -2.536698e-01  2.691060e-01
-1.061696e+00 -1.041384e+00 -2.946293e-01  1.034665e+00
-8.504098e-01 -8.640558e-01 -1.016578e+00  8.179139e-01
-7.999195e-01 -7.608082e-01 -1.242033e+00  2.715563e-01
-1.028805e+00 -7.571102e-01 -2.207118e-01  5.192778e-01
-9.050039e-01 -6.703532e-01 -2.243409e-01  1.715742e-01
-1.154843e+00 -7.848281e-01 -7.130053e-01  4.893247e-01
-8.903298e-01 -6.791015e-01 -7.285397e-01  1.829990e-01
-1.625872e+00 -2.851384e-01 -2.913260e-01  3.239303e-01
-1.344127e+00 -3.188110e-01 -2.875333e-01  1.102266e+00
-1.132267e+00 -2.957230e-01 -1.016486e+00  8.633742e-01
-1.066127e+00 -2.756310e-01 -1.264191e+00  2.842369e-01
-1.147356e+00 -2.476956e-01 -2.114875e-01  5.695204e-01
-1.062193e+00 -2.157139e-01 -2.304743e-01  1.789399e-01
-1.148538e+00 -2.395084e-01 -6.549376e-01  5.828152e-01
-1.108749e+00 -2.331982e-01 -7.405993e-01  1.874865e-01
-1.906911e-01 -6.845437e-01 -2.836806e-01  9.890207e-01
-2.889274e-01 -2.837631e-01 -3.106947e-01  1.692312e+00
-2.097744e-01 -6.569166e-01 -8.674687e-01  7.345991e-01
-2.072724e-01 -5.937932e-01 -1.066011e+00  2.424011e-01
-2.008196e-01 -6.058182e-01 -2.009018e-01  6.085106e-01
-2.142012e-01 -5.946726e-01 -1.989661e-01  2.008428e-01
-2.026546e-01 -5.879068e-01 -5.820361e-01  5.566688e-01
-2.209184e-01 -5.925033e-01 -6.283148e-01  1.933488e-01
-2.053687e-01 -2.330329e-01 -6.330102e-01  1.146071e+00
-2.563656e-01 -1.971468e-01 -2.107002e-01  1.246614e+00
-1.959402e-01 -2.193926e-01 -1.029456e+00  8.011449e-01
-1.918728e-01 -1.994996e-01 -1.085438e+00  2.558692e-01
-2.047629e-01 -1.862882e-01 -2.030646e-01  6.792656e-01
-1.897931e-01 -1.811813e-01 -2.004677e-01  2.149963e-01
-2.035338e-01 -1.775692e-01 -5.972173e-01  6.102440e-01
-1.934359e-01 -1.802181e-01 -6.362709e-01  2.050842e-01
-6.037133e-01 -6.784121e-01 -2.416118e-01  9.688601e-01
-8.189604e-01 -6.213563e-01 -2.997966e-01  1.355008e+00
-6.285962e-01 -6.503756e-01 -7.223116e-01  8.504722e-01
-3.157133e-01 -2.534642e-01 -1.644232e+00  3.439751e-01
-6.274484e-01 -5.588090e-01 -2.038702e-01  6.350556e-01
-5.874836e-01 -4.812733e-01 -2.103364e-01  2.141705e-01
-6.175351e-01 -5.217482e-01 -5.915329e-01  5.981979e-01
-5.938765e-01 -4.824235e-01 -6.400359e-01  2.137744e-01
-6.240718e-01 -2.281551e-01 -8.734346e-01  1.296957e+00
-7.913763e-01 -1.889191e-01 -2.806059e-01  1.243477e+00
-6.256930e-01 -2.239314e-01 -1.088424e+00  7.855448e-01
-5.925162e-01 -1.976694e-01 -1.184111e+00  2.625775e-01
-6.642485e-01 -1.751819e-01 -1.998414e-01  6.697396e-01
-6.154404e-01 -1.609487e-01 -2.121001e-01  2.180852e-01
-6.598899e-01 -1.682592e-01 -6.279890e-01  6.410170e-01
-6.293763e-01 -1.659273e-01 -6.888461e-01  2.125790e-01
-2.421854e-01 -8.118868e-01 -8.243370e-01 -1.334742e+00
-2.474832e-01 -8.075398e-01 -2.789715e-01 -1.534679e+00
-2.829252e-01 -7.913265e-01 -1.288318e+00 -8.893014e-01
-2.841276e-01 -8.133510e-01 -1.414820e+00 -2.943985e-01
-8.554241e-01 -1.285482e+00 -2.192183e-01 -3.156660e-01
-5.248723e-01 -9.821642e-01 -2.127602e-01 -2.071277e-01
-9.003302e-01 -1.288764e+00 -7.016268e-01 -2.963290e-01
-5.279315e-01 -9.739096e-01 -6.512225e-01 -2.031869e-01
-2.792457e-01 -1.271246e+00 -2.473882e-01 -7.696856e-01
-3.218187e-01 -1.293431e+00 -2.904204e-01 -1.221175e+00
-2.831766e-01 -1.268214e+00 -8.054507e-01 -7.764544e-01
-2.688012e-01 -1.206763e+00 -1.146589e+00 -2.891953e-01
-3.215241e-01 -1.567829e+00 -2.133825e-01 -3.097033e-01
-1.852815e-01 -1.142270e+00 -2.145513e-01 -2.265895e-01
-3.365223e-01 -1.597622e+00 -6.730881e-01 -3.053826e-01
-1.952381e-01 -1.147645e+00 -6.630899e-01 -2.189583e-01
-1.472330e+00 -8.601081e-01 -2.536698e-01 -2.691060e-01
-1.061696e+00 -1.041384e+00 -2.946293e-01 -1.034665e+00
-8.504098e-01 -8.640558e-01 -1.016578e+00 -8.179139e-01
-7.999195e-01 -7.608082e-01 -1.242033e+00 -2.715563e-01
-1.028805e+00 -7.571102e-01 -2.207118e-01 -5.192778e-01
-9.050039e-01 -6.703532e-01 -2.243409e-01 -1.715742e-01
-1.154843e+00 -7.848281e-01 -7.130053e-01 -4.893247e-01
-8.903298e-01 -6.791015e-01 -7.285397e-01 -1.829990e-01
-1.625872e+00 -2.851384e-01 -2.913260e-01 -3.239303e-01
-1.344127e+00 -3.188110e-01 -2.875333e-01 -1.102266e+00
-1.132267e+00 -2.957230e-01 -1.016486e+00 -8.633742e-01
-1.066127e+00 -2.756310e-01 -1.264191e+00 -2.842369e-01
-1.147356e+00 -2.476956e-01 -2.114875e-01 -5.695204e-01
-1.062193e+00 -2.157139e-01 -2.304743e-01 -1.789399e-01
-1.148538e+00 -2.395084e-01 -6.549376e-01 -5.828152e-01
-1.108749e+00 -2.331982e-01 -7.405993e-01 -1.874865e-01
-1.906911e-01 -6.845437e-01 -2.836806e-01 -9.890207e-01
-2.889274e-01 -2.837631e-01 -3.106947e-01 -1.692312e+00
-2.097744e-01 -6.569166e-01 -8.674687e-01 -7.345991e-01
-2.072724e-01 -5.937932e-01 -1.066011e+00 -2.424011e-01
-2.008196e-01 -6.058182e-01 -2.009018e-01 -6.085106e-01
-2.142012e-01 -5.946726e-01 -1.989661e-01 -2.008428e-01
-2.026546e-01 -5.879068e-01 -5.820361e-01 -5.566688e-01
-2.209184e-01 -5.925033e-01 -6.283148e-01 -1.933488e-01
-2.053687e-01 -2.330329e-01 -6.330102e-01 -1.146071e+00
-2.563656e-01 -1.971468e-01 -2.107002e-01 -1.246614e+00
-1.959402e-01 -2.193926e-01 -1.029456e+00 -8.011449e-01
-1.918728e-01 -1.994996e-01 -1.085438e+00 -2.558692e-01
-2.047629e-01 -1.862882e-01 -2.030646e-01 -6.792656e-01
-1.897931e-01 -1.811813e-01 -2.004677e-01 -2.149963e-01
-2.035338e-01 -1.775692e-01 -5.972173e-01 -6.102440e-01
-1.934359e-01 -1.802181e-01 -6.362709e-01 -2.050842e-01
-6.037133e-01 -6.784121e-01 -2.416118e-01 -9.688601e-01
-8.189604e-01 -6.213563e-01 -2.997966e-01 -1.355008e+00
-6.285962e-01 -6.503756e-01 -7.223116e-01 -8.504722e-01
-3.157133e-01 -2.534642e-01 -1.644232e+00 -3.439751e-01
-6.274484e-01 -5.588090e-01 -2.038702e-01 -6.350556e-01
-5.874836e-01 -4.812733e-01 -2.103364e-01 -2.141705e-01
-6.175351e-01 -5.217482e-01 -5.915329e-01 -5.981979e-01
-5.938765e-01 -4.824235e-01 -6.400359e-01 -2.137744e-01
-6.240718e-01 -2.281551e-01 -8.734346e-01 -1.296957e+00
-7.913763e-01 -1.889191e-01 -2.806059e-01 -1.243477e+00
-6.256930e-01 -2.239314e-01 -1.088424e+00 -7.855448e-01
-5.925162e-01 -1.976694e-01 -1.184111e+00 -2.625775e-01
-6.642485e-01 -1.751819e-01 -1.998414e-01 -6.697396e-01
-6.154404e-01 -1.609487e-01 -2.121001e-01 -2.180852e-01
-6.598899e-01 -1.682592e-01 -6.279890e-01 -6.410170e-01
-6.293763e-01 -1.659273e-01 -6.888461e-01 -2.125790e-01
