 1.038680e+00  9.694329e-01  8.236124e-01  7.116683e-01
 3.719411e-01  3.813163e-01  1.497186e+00  4.030880e-01
 1.035887e+00  1.130405e+00  3.170215e-01  3.324284e-01
 1.521032e+00  4.046141e-01  3.639812e-01  3.454023e-01
 7.936729e-01  3.006025e-01  9.427690e-01  9.837888e-01
 9.383987e-01  3.308690e-01  9.741514e-01  3.044685e-01
 9.938411e-01  3.667637e-01  3.033384e-01  9.434832e-01
 8.900849e-01  3.274623e-01  3.066215e-01  3.009388e-01
 3.050168e-01  8.397817e-01  9.064234e-01  9.755983e-01
 3.463689e-01  9.926713e-01  9.654723e-01  3.086185e-01
 3.838575e-01  1.110853e+00  3.062012e-01  8.917503e-01
 3.074259e-01  9.550721e-01  3.090730e-01  2.925505e-01
 3.554350e-01  3.746928e-01  4.095421e-01  1.445549e+00
 2.943916e-01  3.085480e-01  8.261798e-01  3.192616e-01
 3.103196e-01  3.285809e-01  3.019140e-01  8.558078e-01
 2.966202e-01  3.147767e-01  2.709392e-01  2.818280e-01
 1.038680e+00  9.694329e-01  8.236124e-01 -7.116683e-01
 3.719411e-01  3.813163e-01  1.497186e+00 -4.030880e-01
 1.035887e+00  1.130405e+00  3.170215e-01 -3.324284e-01
 1.521032e+00  4.046141e-01  3.639812e-01 -3.454023e-01
 7.936729e-01  3.006025e-01  9.427690e-01 -9.837888e-01
 9.383987e-01  3.308690e-01  9.741514e-01 -3.044685e-01
 9.938411e-01  3.667637e-01  3.033384e-01 -9.434832e-01
 8.900849e-01  3.274623e-01  3.066215e-01 -3.009388e-01
 3.050168e-01  8.397817e-01  9.064234e-01 -9.755983e-01
 3.463689e-01  9.926713e-01  9.654723e-01 -3.086185e-01
 3.838575e-01  1.110853e+00  3.062012e-01 -8.917503e-01
 3.074259e-01  9.550721e-01  3.090730e-01 -2.925505e-01
 3.554350e-01  3.746928e-01  4.095421e-01 -1.445549e+00
 2.943916e-01  3.085480e-01  8.261798e-01 -3.192616e-01
 3.103196e-01  3.285809e-01  3.019140e-01 -8.558078e-01
 2.966202e-01  3.147767e-01  2.709392e-01 -2.818280e-01
 1.038680e+00  9.694329e-01 -8.236124e-01  7.116683e-01
 3.719411e-01  3.813163e-01 -1.497186e+00  4.030880e-01
 1.035887e+00  1.130405e+00 -3.170215e-01  3.324284e-01
 1.521032e+00  4.046141e-01 -3.639812e-01  3.454023e-01
 7.936729e-01  3.006025e-01 -9.427690e-01  9.837888e-01
 9.383987e-01  3.308690e-01 -9.741514e-01  3.044685e-01
 9.938411e-01  3.667637e-01 -3.033384e-01  9.434832e-01
 8.900849e-01  3.274623e-01 -3.066215e-01  3.009388e-01
 3.050168e-01  8.397817e-01 -9.064234e-01  9.755983e-01
 3.463689e-01  9.926713e-01 -9.654723e-01  3.086185e-01
 3.838575e-01  1.110853e+00 -3.062012e-01  8.917503e-01
 3.074259e-01  9.550721e-01 -3.090730e-01  2.925505e-01
 3.554350e-01  3.746928e-01 -4.095421e-01  1.445549e+00
 2.943916e-01  3.085480e-01 -8.261798e-01  3.192616e-01
 3.103196e-01  3.285809e-01 -3.019140e-01  8.558078e-01
 2.966202e-01  3.147767e-01 -2.709392e-01  2.818280e-01
 1.038680e+00  9.694329e-01 -8.236124e-01 -7.116683e-01
 3.719411e-01  3.813163e-01 -1.497186e+00 -4.030880e-01
 1.035887e+00  1.130405e+00 -3.170215e-01 -3.324284e-01
 1.521032e+00  4.046141e-01 -3.639812e-01 -3.454023e-01
 7.936729e-01  3.006025e-01 -9.427690e-01 -9.837888e-01
 9.383987e-01  3.308690e-01 -9.741514e-01 -3.044685e-01
 9.938411e-01  3.667637e-01 -3.033384e-01 -9.434832e-01
 8.900849e-01  3.274623e-01 -3.066215e-01 -3.009388e-01
 3.050168e-01  8.397817e-01 -9.064234e-01 -9.755983e-01
 3.463689e-01  9.926713e-01 -9.654723e-01 -3.086185e-01
 3.838575e-01  1.110853e+00 -3.062012e-01 -8.917503e-01
 3.074259e-01  9.550721e-01 -3.090730e-01 -2.925505e-01
 3.554350e-01  3.746928e-01 -4.095421e-01 -1.445549e+00
 2.943916e-01  3.085480e-01 -8.261798e-01 -3.192616e-01
 3.103196e-01  3.285809e-01 -3.019140e-01 -8.558078e-01
 2.966202e-01  3.147767e-01 -2.709392e-01 -2.818280e-01
 1.038680e+00 -9.694329e-01  8.236124e-01  7.116683e-01
 3.719411e-01 -3.813163e-01  1.497186e+00  4.030880e-01
 1.035887e+00 -1.130405e+00  3.170215e-01  3.324284e-01
 1.521032e+00 -4.046141e-01  3.639812e-01  3.454023e-01
 7.936729e-01 -3.006025e-01  9.427690e-01  9.837888e-01
 9.383987e-01 -3.308690e-01  9.741514e-01  3.044685e-01
 9.938411e-01 -3.667637e-01  3.033384e-01  9.434832e-01
 8.900849e-01 -3.274623e-01  3.066215e-01  3.009388e-01
 3.050168e-01 -8.397817e-01  9.064234e-01  9.755983e-01
 3.463689e-01 -9.926713e-01  9.654723e-01  3.086185e-01
 3.838575e-01 -1.110853e+00  3.062012e-01  8.917503e-01
 3.074259e-01 -9.550721e-01  3.090730e-01  2.925505e-01
 3.554350e-01 -3.746928e-01  4.095421e-01  1.445549e+00
 2.943916e-01 -3.085480e-01  8.261798e-01  3.192616e-01
 3.103196e-01 -3.285809e-01  3.019140e-01  8.558078e-01
 2.966202e-01 -3.147767e-01  2.709392e-01  2.818280e-01
 1.038680e+00 -9.694329e-01  8.236124e-01 -7.116683e-01
 3.719411e-01 -3.813163e-01  1.497186e+00 -4.030880e-01
 1.035887e+00 -1.130405e+00  3.170215e-01 -3.324284e-01
 1.521032e+00 -4.046141e-01  3.639812e-01 -3.454023e-01
 7.936729e-01 -3.006025e-01  9.427690e-01 -9.837888e-01
 9.383987e-01 -3.308690e-01  9.741514e-01 -3.044685e-01
 9.938411e-01 -3.667637e-01  3.033384e-01 -9.434832e-01
 8.900849e-01 -3.274623e-01  3.066215e-01 -3.009388e-01
 3.050168e-01 -8.397817e-01  9.064234e-01 -9.755983e-01
 3.463689e-01 -9.926713e-01  9.654723e-01 -3.086185e-01
 3.838575e-01 -1.110853e+00  3.062012e-01 -8.917503e-01
 3.074259e-01 -9.550721e-01  3.090730e-01 -2.925505e-01
 3.554350e-01 -3.746928e-01  4.095421e-01 -1.445549e+00
 2.943916e-01 -3.085480e-01  8.261798e-01 -3.192616e-01
 3.103196e-01 -3.285809e-01  3.019140e-01 -8.558078e-01
 2.966202e-01 -3.147767e-01  2.709392e-01 -2.818280e-01
 1.038680e+00 -9.694329e-01 -8.236124e-01  7.116683e-01
 3.719411e-01 -3.813163e-01 -1.497186e+00  4.030880e-01
 1.035887e+00 -1.130405e+00 -3.170215e-01  3.324284e-01
 1.521032e+00 -4.046141e-01 -3.639812e-01  3.454023e-01
 7.936729e-01 -3.006025e-01 -9.427690e-01  9.837888e-01
 9.383987e-01 -3.308690e-01 -9.741514e-01  3.044685e-01
 9.938411e-01 -3.667637e-01 -3.033384e-01  9.434832e-01
 8.900849e-01 -3.274623e-01 -3.066215e-01  3.009388e-01
 3.050168e-01 -8.397817e-01 -9.064234e-01  9.755983e-01
 3.463689e-01 -9.926713e-01 -9.654723e-01  3.086185e-01
 3.838575e-01 -1.110853e+00 -3.062012e-01  8.917503e-01
 3.074259e-01 -9.550721e-01 -3.090730e-01  2.925505e-01
 3.554350e-01 -3.746928e-01 -4.095421e-01  1.445549e+00
 2.943916e-01 -3.085480e-01 -8.261798e-01  3.192616e-01
 3.103196e-01 -3.285809e-01 -3.019140e-01  8.558078e-01
 2.966202e-01 -3.147767e-01 -2.709392e-01  2.818280e-01
 1.038680e+00 -9.694329e-01 -8.236124e-01 -7.116683e-01
 3.719411e-01 -3.813163e-01 -1.497186e+00 -4.030880e-01
 1.035887e+00 -1.130405e+00 -3.170215e-01 -3.324284e-01
 1.521032e+00 -4.046141e-01 -3.639812e-01 -3.454023e-01
 7.936729e-01 -3.006025e-01 -9.427690e-01 -9.837888e-01
 9.383987e-01 -3.308690e-01 -9.741514e-01 -3.044685e-01
 9.938411e-01 -3.667637e-01 -3.033384e-01 -9.434832e-01
 8.900849e-01 -3.274623e-01 -3.066215e-01 -3.009388e-01
 3.050168e-01 -8.397817e-01 -9.064234e-01 -9.755983e-01
 3.463689e-01 -9.926713e-01 -9.654723e-01 -3.086185e-01
 3.838575e-01 -1.110853e+00 -3.062012e-01 -8.917503e-01
 3.074259e-01 -9.550721e-01 -3.090730e-01 -2.925505e-01
 3.554350e-01 -3.746928e-01 -4.095421e-01 -1.445549e+00
 2.943916e-01 -3.085480e-01 -8.261798e-01 -3.192616e-01
 3.103196e-01 -3.285809e-01 -3.019140e-01 -8.558078e-01
 2.966202e-01 -3.147767e-01 -2.709392e-01 -2.818280e-01
-1.038680e+00  9.694329e-01  8.236124e-01  7.116683e-01
-3.719411e-01  3.813163e-01  1.497186e+00  4.030880e-01
-1.035887e+00  1.130405e+00  3.170215e-01  3.324284e-01
-1.521032e+00  4.046141e-01  3.639812e-01  3.454023e-01
-7.936729e-01  3.006025e-01  9.427690e-01  9.837888e-01
-9.383987e-01  3.308690e-01  9.741514e-01  3.044685e-01
-9.938411e-01  3.667637e-01  3.033384e-01  9.434832e-01
-8.900849e-01  3.274623e-01  3.066215e-01  3.009388e-01
-3.050168e-01  8.397817e-01  9.064234e-01  9.755983e-01
-3.463689e-01  9.926713e-01  9.654723e-01  3.086185e-01
-3.838575e-01  1.110853e+00  3.062012e-01  8.917503e-01
-3.074259e-01  9.550721e-01  3.090730e-01  2.925505e-01
-3.554350e-01  3.746928e-01  4.095421e-01  1.445549e+00
-2.943916e-01  3.085480e-01  8.261798e-01  3.192616e-01
-3.103196e-01  3.285809e-01  3.019140e-01  8.558078e-01
-2.966202e-01  3.147767e-01  2.709392e-01  2.818280e-01
-1.038680e+00  9.694329e-01  8.236124e-01 -7.116683e-01
-3.719411e-01  3.813163e-01  1.497186e+00 -4.030880e-01
-1.035887e+00  1.130405e+00  3.170215e-01 -3.324284e-01
-1.521032e+00  4.046141e-01  3.639812e-01 -3.454023e-01
-7.936729e-01  3.006025e-01  9.427690e-01 -9.837888e-01
-9.383987e-01  3.308690e-01  9.741514e-01 -3.044685e-01
-9.938411e-01  3.667637e-01  3.033384e-01 -9.434832e-01
-8.900849e-01  3.274623e-01  3.066215e-01 -3.009388e-01
-3.050168e-01  8.397817e-01  9.064234e-01 -9.755983e-01
-3.463689e-01  9.926713e-01  9.654723e-01 -3.086185e-01
-3.838575e-01  1.110853e+00  3.062012e-01 -8.917503e-01
-3.074259e-01  9.550721e-01  3.090730e-01 -2.925505e-01
-3.554350e-01  3.746928e-01  4.095421e-01 -1.445549e+00
-2.943916e-01  3.085480e-01  8.261798e-01 -3.192616e-01
-3.103196e-01  3.285809e-01  3.019140e-01 -8.558078e-01
-2.966202e-01  3.147767e-01  2.709392e-01 -2.818280e-01
-1.038680e+00  9.694329e-01 -8.236124e-01  7.116683e-01
-3.719411e-01  3.813163e-01 -1.497186e+00  4.030880e-01
-1.035887e+00  1.130405e+00 -3.170215e-01  3.324284e-01
-1.521032e+00  4.046141e-01 -3.639812e-01  3.454023e-01
-7.936729e-01  3.006025e-01 -9.427690e-01  9.837888e-01
-9.383987e-01  3.308690e-01 -9.741514e-01  3.044685e-01
-9.938411e-01  3.667637e-01 -3.033384e-01  9.434832e-01
-8.900849e-01  3.274623e-01 -3.066215e-01  3.009388e-01
-3.050168e-01  8.397817e-01 -9.064234e-01  9.755983e-01
-3.463689e-01  9.926713e-01 -9.654723e-01  3.086185e-01
-3.838575e-01  1.110853e+00 -3.062012e-01  8.917503e-01
-3.074259e-01  9.550721e-01 -3.090730e-01  2.925505e-01
-3.554350e-01  3.746928e-01 -4.095421e-01  1.445549e+00
-2.943916e-01  3.085480e-01 -8.261798e-01  3.192616e-01
-3.103196e-01  3.285809e-01 -3.019140e-01  8.558078e-01
-2.966202e-01  3.147767e-01 -2.709392e-01  2.818280e-01
-1.038680e+00  9.694329e-01 -8.236124e-01 -7.116683e-01
-3.719411e-01  3.813163e-01 -1.497186e+00 -4.030880e-01
-1.035887e+00  1.130405e+00 -3.170215e-01 -3.324284e-01
-1.521032e+00  4.046141e-01 -3.639812e-01 -3.454023e-01
-7.936729e-01  3.006025e-01 -9.427690e-01 -9.837888e-01
-9.383987e-01  3.308690e-01 -9.741514e-01 -3.044685e-01
-9.938411e-01  3.667637e-01 -3.033384e-01 -9.434832e-01
-8.900849e-01  3.274623e-01 -3.066215e-01 -3.009388e-01
-3.050168e-01  8.397817e-01 -9.064234e-01 -9.755983e-01
-3.463689e-01  9.926713e-01 -9.654723e-01 -3.086185e-01
-3.838575e-01  1.110853e+00 -3.062012e-01 -8.917503e-01
-3.074259e-01  9.550721e-01 -3.090730e-01 -2.925505e-01
-3.554350e-01  3.746928e-01 -4.095421e-01 -1.445549e+00
-2.943916e-01  3.085480e-01 -8.261798e-01 -3.192616e-01
-3.103196e-01  3.285809e-01 -3.019140e-01 -8.558078e-01
-2.966202e-01  3.147767e-01 -2.709392e-01 -2.818280e-01
-1.038680e+00 -9.694329e-01  8.236124e-01  7.116683e-01
-3.719411e-01 -3.813163e-01  1.497186e+00  4.030880e-01
-1.035887e+00 -1.130405e+00  3.170215e-01  3.324284e-01
-1.521032e+00 -4.046141e-01  3.639812e-01  3.454023e-01
-7.936729e-01 -3.006025e-01  9.427690e-01  9.837888e-01
-9.383987e-01 -3.308690e-01  9.741514e-01  3.044685e-01
-9.938411e-01 -3.667637e-01  3.033384e-01  9.434832e-01
-8.900849e-01 -3.274623e-01  3.066215e-01  3.009388e-01
-3.050168e-01 -8.397817e-01  9.064234e-01  9.755983e-01
-3.463689e-01 -9.926713e-01  9.654723e-01  3.086185e-01
-3.838575e-01 -1.110853e+00  3.062012e-01  8.917503e-01
-3.074259e-01 -9.550721e-01  3.090730e-01  2.925505e-01
-3.554350e-01 -3.746928e-01  4.095421e-01  1.445549e+00
-2.943916e-01 -3.085480e-01  8.261798e-01  3.192616e-01
-3.103196e-01 -3.285809e-01  3.019140e-01  8.558078e-01
-2.966202e-01 -3.147767e-01  2.709392e-01  2.818280e-01
-1.038680e+00 -9.694329e-01  8.236124e-01 -7.116683e-01
-3.719411e-01 -3.813163e-01  1.497186e+00 -4.030880e-01
-1.035887e+00 -1.130405e+00  3.170215e-01 -3.324284e-01
-1.521032e+00 -4.046141e-01  3.639812e-01 -3.454023e-01
-7.936729e-01 -3.006025e-01  9.427690e-01 -9.837888e-01
-9.383987e-01 -3.308690e-01  9.741514e-01 -3.044685e-01
-9.938411e-01 -3.667637e-01  3.033384e-01 -9.434832e-01
-8.900849e-01 -3.274623e-01  3.066215e-01 -3.009388e-01
-3.050168e-01 -8.397817e-01  9.064234e-01 -9.755983e-01
-3.463689e-01 -9.926713e-01  9.654723e-01 -3.086185e-01
-3.838575e-01 -1.110853e+00  3.062012e-01 -8.917503e-01
-3.074259e-01 -9.550721e-01  3.090730e-01 -2.925505e-01
-3.554350e-01 -3.746928e-01  4.095421e-01 -1.445549e+00
-2.943916e-01 -3.085480e-01  8.261798e-01 -3.192616e-01
-3.103196e-01 -3.285809e-01  3.019140e-01 -8.558078e-01
-2.966202e-01 -3.147767e-01  2.709392e-01 -2.818280e-01
-1.038680e+00 -9.694329e-01 -8.236124e-01  7.116683e-01
-3.719411e-01 -3.813163e-01 -1.497186e+00  4.030880e-01
-1.035887e+00 -1.130405e+00 -3.170215e-01  3.324284e-01
-1.521032e+00 -4.046141e-01 -3.639812e-01  3.454023e-01
-7.936729e-01 -3.006025e-01 -9.427690e-01  9.837888e-01
-9.383987e-01 -3.308690e-01 -9.741514e-01  3.044685e-01
-9.938411e-01 -3.667637e-01 -3.033384e-01  9.434832e-01
-8.900849e-01 -3.274623e-01 -3.066215e-01  3.009388e-01
-3.050168e-01 -8.397817e-01 -9.064234e-01  9.755983e-01
-3.463689e-01 -9.926713e-01 -9.654723e-01  3.086185e-01
-3.838575e-01 -1.110853e+00 -3.062012e-01  8.917503e-01
-3.074259e-01 -9.550721e-01 -3.090730e-01  2.925505e-01
-3.554350e-01 -3.746928e-01 -4.095421e-01  1.445549e+00
-2.943916e-01 -3.085480e-01 -8.261798e-01  3.192616e-01
-3.103196e-01 -3.285809e-01 -3.019140e-01  8.558078e-01
-2.966202e-01 -3.147767e-01 -2.709392e-01  2.818280e-01
-1.038680e+00 -9.694329e-01 -8.236124e-01 -7.116683e-01
-3.719411e-01 -3.813163e-01 -1.497186e+00 -4.030880e-01
-1.035887e+00 -1.130405e+00 -3.170215e-01 -3.324284e-01
-1.521032e+00 -4.046141e-01 -3.639812e-01 -3.454023e-01
-7.936729e-01 -3.006025e-01 -9.427690e-01 -9.837888e-01
-9.383987e-01 -3.308690e-01 -9.741514e-01 -3.044685e-01
-9.938411e-01 -3.667637e-01 -3.033384e-01 -9.434832e-01
-8.900849e-01 -3.274623e-01 -3.066215e-01 -3.009388e-01
-3.050168e-01 -8.397817e-01 -9.064234e-01 -9.755983e-01
-3.463689e-01 -9.926713e-01 -9.654723e-01 -3.086185e-01
-3.838575e-01 -1.110853e+00 -3.062012e-01 -8.917503e-01
-3.074259e-01 -9.550721e-01 -3.090730e-01 -2.925505e-01
-3.554350e-01 -3.746928e-01 -4.095421e-01 -1.445549e+00
-2.943916e-01 -3.085480e-01 -8.261798e-01 -3.192616e-01
-3.103196e-01 -3.285809e-01 -3.019140e-01 -8.558078e-01
-2.966202e-01 -3.147767e-01 -2.709392e-01 -2.818280e-01
