 8.688061e-01  1.200437e+00  6.739388e-01  7.906614e-01
 8.194763e-01  1.122398e+00  2.507281e-01  1.102215e+00
 2.818734e-01  8.051677e-01  1.470796e+00  5.166137e-01
 6.703243e-01  8.293956e-01  1.181497e+00  2.447035e-01
 7.216550e-01  1.166832e+00  2.329968e-01  5.726146e-01
 6.442629e-01  1.043296e+00  2.282194e-01  1.932278e-01
 1.131467e+00  1.279821e+00  2.862795e-01  2.660486e-01
 7.375829e-01  1.145227e+00  7.114494e-01  2.239893e-01
 2.852677e-01  1.502153e+00  3.039867e-01  8.099067e-01
 2.569364e-01  1.131283e+00  2.550218e-01  1.167135e+00
 2.569527e-01  1.179427e+00  7.939800e-01  7.662925e-01
 2.595366e-01  1.180124e+00  1.079951e+00  2.682923e-01
 2.335637e-01  1.093467e+00  2.285024e-01  6.249719e-01
 2.109066e-01  1.102880e+00  2.072127e-01  2.054452e-01
 3.358834e-01  1.621280e+00  2.560388e-01  2.502277e-01
 2.448331e-01  1.283707e+00  6.183137e-01  2.368516e-01
 1.529027e+00  2.813945e-01  2.467431e-01  6.719517e-01
 1.184438e+00  7.551377e-01  2.663780e-01  8.001999e-01
 9.216995e-01  7.087684e-01  1.075597e+00  7.549233e-01
 7.177597e-01  3.254973e-01  1.537292e+00  2.916186e-01
 1.492786e+00  6.339876e-01  2.469243e-01  2.507908e-01
 1.013239e+00  6.921245e-01  2.295338e-01  2.468218e-01
 1.534506e+00  2.924576e-01  6.835853e-01  2.683543e-01
 1.118145e+00  7.428471e-01  7.170211e-01  2.579404e-01
 8.098688e-01  2.342499e-01  7.850540e-01  1.165449e+00
 1.119889e+00  2.693187e-01  2.751473e-01  1.154678e+00
 7.421975e-01  2.421268e-01  1.149040e+00  7.760679e-01
 1.070154e+00  2.751973e-01  1.140713e+00  2.613947e-01
 1.006734e+00  2.209760e-01  2.247371e-01  6.258908e-01
 1.099293e+00  2.247293e-01  2.145430e-01  2.058780e-01
 1.122017e+00  2.516042e-01  7.189400e-01  6.785303e-01
 1.022403e+00  2.304935e-01  6.499706e-01  2.172740e-01
 2.114172e-01  6.453077e-01  5.604343e-01  1.055317e+00
 2.412444e-01  6.370473e-01  2.631395e-01  1.471403e+00
 2.468801e-01  6.590417e-01  9.884890e-01  6.669781e-01
 2.269803e-01  6.180742e-01  1.071798e+00  2.128592e-01
 2.052508e-01  6.088362e-01  2.028893e-01  7.627313e-01
 1.985672e-01  6.109396e-01  1.966575e-01  2.308381e-01
 2.100614e-01  6.432134e-01  5.836275e-01  5.585349e-01
 2.214181e-01  7.290267e-01  6.319058e-01  1.886620e-01
 2.393086e-01  2.130685e-01  6.333021e-01  1.038349e+00
 2.165761e-01  2.171707e-01  2.155183e-01  1.221186e+00
 2.188189e-01  2.132514e-01  9.667583e-01  6.832003e-01
 2.013403e-01  2.049841e-01  9.706019e-01  2.200963e-01
 2.059877e-01  2.034193e-01  1.965949e-01  6.663508e-01
 2.090430e-01  1.987192e-01  1.859236e-01  2.153495e-01
 2.081742e-01  2.115218e-01  5.679067e-01  5.613974e-01
 2.006380e-01  2.387475e-01  5.710254e-01  1.829583e-01
 6.161397e-01  7.577357e-01  7.259467e-01  1.199316e+00
 6.654329e-01  6.157088e-01  2.291907e-01  1.154859e+00
 2.723092e-01  7.170841e-01  1.132278e+00  1.109947e+00
 2.371277e-01  2.434504e-01  1.478085e+00  2.685570e-01
 6.184881e-01  6.211765e-01  1.979933e-01  6.269181e-01
 6.011012e-01  5.626858e-01  2.096804e-01  2.042892e-01
 6.602654e-01  6.485750e-01  6.164300e-01  6.359954e-01
 6.413744e-01  6.189643e-01  6.459275e-01  2.051608e-01
 2.852510e-01  2.540052e-01  8.220299e-01  1.438780e+00
 6.449355e-01  2.243498e-01  2.672015e-01  1.415695e+00
 2.662579e-01  2.448065e-01  1.328998e+00  9.406642e-01
 6.117359e-01  2.188315e-01  1.036036e+00  2.301945e-01
 6.064569e-01  2.011206e-01  2.194440e-01  7.781817e-01
 6.336240e-01  1.854235e-01  1.964412e-01  2.441679e-01
 6.449486e-01  2.120393e-01  6.289474e-01  6.286059e-01
 6.064630e-01  2.026562e-01  5.999724e-01  2.049256e-01
 8.688061e-01  1.200437e+00  6.739388e-01 -7.906614e-01
 8.194763e-01  1.122398e+00  2.507281e-01 -1.102215e+00
 2.818734e-01  8.051677e-01  1.470796e+00 -5.166137e-01
 6.703243e-01  8.293956e-01  1.181497e+00 -2.447035e-01
 7.216550e-01  1.166832e+00  2.329968e-01 -5.726146e-01
 6.442629e-01  1.043296e+00  2.282194e-01 -1.932278e-01
 1.131467e+00  1.279821e+00  2.862795e-01 -2.660486e-01
 7.375829e-01  1.145227e+00  7.114494e-01 -2.239893e-01
 2.852677e-01  1.502153e+00  3.039867e-01 -8.099067e-01
 2.569364e-01  1.131283e+00  2.550218e-01 -1.167135e+00
 2.569527e-01  1.179427e+00  7.939800e-01 -7.662925e-01
 2.595366e-01  1.180124e+00  1.079951e+00 -2.682923e-01
 2.335637e-01  1.093467e+00  2.285024e-01 -6.249719e-01
 2.109066e-01  1.102880e+00  2.072127e-01 -2.054452e-01
 3.358834e-01  1.621280e+00  2.560388e-01 -2.502277e-01
 2.448331e-01  1.283707e+00  6.183137e-01 -2.368516e-01
 1.529027e+00  2.813945e-01  2.467431e-01 -6.719517e-01
 1.184438e+00  7.551377e-01  2.663780e-01 -8.001999e-01
 9.216995e-01  7.087684e-01  1.075597e+00 -7.549233e-01
 7.177597e-01  3.254973e-01  1.537292e+00 -2.916186e-01
 1.492786e+00  6.339876e-01  2.469243e-01 -2.507908e-01
 1.013239e+00  6.921245e-01  2.295338e-01 -2.468218e-01
 1.534506e+00  2.924576e-01  6.835853e-01 -2.683543e-01
 1.118145e+00  7.428471e-01  7.170211e-01 -2.579404e-01
 8.098688e-01  2.342499e-01  7.850540e-01 -1.165449e+00
 1.119889e+00  2.693187e-01  2.751473e-01 -1.154678e+00
 7.421975e-01  2.421268e-01  1.149040e+00 -7.760679e-01
 1.070154e+00  2.751973e-01  1.140713e+00 -2.613947e-01
 1.006734e+00  2.209760e-01  2.247371e-01 -6.258908e-01
 1.099293e+00  2.247293e-01  2.145430e-01 -2.058780e-01
 1.122017e+00  2.516042e-01  7.189400e-01 -6.785303e-01
 1.022403e+00  2.304935e-01  6.499706e-01 -2.172740e-01
 2.114172e-01  6.453077e-01  5.604343e-01 -1.055317e+00
 2.412444e-01  6.370473e-01  2.631395e-01 -1.471403e+00
 2.468801e-01  6.590417e-01  9.884890e-01 -6.669781e-01
 2.269803e-01  6.180742e-01  1.071798e+00 -2.128592e-01
 2.052508e-01  6.088362e-01  2.028893e-01 -7.627313e-01
 1.985672e-01  6.109396e-01  1.966575e-01 -2.308381e-01
 2.100614e-01  6.432134e-01  5.836275e-01 -5.585349e-01
 2.214181e-01  7.290267e-01  6.319058e-01 -1.886620e-01
 2.393086e-01  2.130685e-01  6.333021e-01 -1.038349e+00
 2.165761e-01  2.171707e-01  2.155183e-01 -1.221186e+00
 2.188189e-01  2.132514e-01  9.667583e-01 -6.832003e-01
 2.013403e-01  2.049841e-01  9.706019e-01 -2.200963e-01
 2.059877e-01  2.034193e-01  1.965949e-01 -6.663508e-01
 2.090430e-01  1.987192e-01  1.859236e-01 -2.153495e-01
 2.081742e-01  2.115218e-01  5.679067e-01 -5.613974e-01
 2.006380e-01  2.387475e-01  5.710254e-01 -1.829583e-01
 6.161397e-01  7.577357e-01  7.259467e-01 -1.199316e+00
 6.654329e-01  6.157088e-01  2.291907e-01 -1.154859e+00
 2.723092e-01  7.170841e-01  1.132278e+00 -1.109947e+00
 2.371277e-01  2.434504e-01  1.478085e+00 -2.685570e-01
 6.184881e-01  6.211765e-01  1.979933e-01 -6.269181e-01
 6.011012e-01  5.626858e-01  2.096804e-01 -2.042892e-01
 6.602654e-01  6.485750e-01  6.164300e-01 -6.359954e-01
 6.413744e-01  6.189643e-01  6.459275e-01 -2.051608e-01
 2.852510e-01  2.540052e-01  8.220299e-01 -1.438780e+00
 6.449355e-01  2.243498e-01  2.672015e-01 -1.415695e+00
 2.662579e-01  2.448065e-01  1.328998e+00 -9.406642e-01
 6.117359e-01  2.188315e-01  1.036036e+00 -2.301945e-01
 6.064569e-01  2.011206e-01  2.194440e-01 -7.781817e-01
 6.336240e-01  1.854235e-01  1.964412e-01 -2.441679e-01
 6.449486e-01  2.120393e-01  6.289474e-01 -6.286059e-01
 6.064630e-01  2.026562e-01  5.999724e-01 -2.049256e-01
 8.688061e-01  1.200437e+00 -6.739388e-01  7.906614e-01
 8.194763e-01  1.122398e+00 -2.507281e-01  1.102215e+00
 2.818734e-01  8.051677e-01 -1.470796e+00  5.166137e-01
 6.703243e-01  8.293956e-01 -1.181497e+00  2.447035e-01
 7.216550e-01  1.166832e+00 -2.329968e-01  5.726146e-01
 6.442629e-01  1.043296e+00 -2.282194e-01  1.932278e-01
 1.131467e+00  1.279821e+00 -2.862795e-01  2.660486e-01
 7.375829e-01  1.145227e+00 -7.114494e-01  2.239893e-01
 2.852677e-01  1.502153e+00 -3.039867e-01  8.099067e-01
 2.569364e-01  1.131283e+00 -2.550218e-01  1.167135e+00
 2.569527e-01  1.179427e+00 -7.939800e-01  7.662925e-01
 2.595366e-01  1.180124e+00 -1.079951e+00  2.682923e-01
 2.335637e-01  1.093467e+00 -2.285024e-01  6.249719e-01
 2.109066e-01  1.102880e+00 -2.072127e-01  2.054452e-01
 3.358834e-01  1.621280e+00 -2.560388e-01  2.502277e-01
 2.448331e-01  1.283707e+00 -6.183137e-01  2.368516e-01
 1.529027e+00  2.813945e-01 -2.467431e-01  6.719517e-01
 1.184438e+00  7.551377e-01 -2.663780e-01  8.001999e-01
 9.216995e-01  7.087684e-01 -1.075597e+00  7.549233e-01
 7.177597e-01  3.254973e-01 -1.537292e+00  2.916186e-01
 1.492786e+00  6.339876e-01 -2.469243e-01  2.507908e-01
 1.013239e+00  6.921245e-01 -2.295338e-01  2.468218e-01
 1.534506e+00  2.924576e-01 -6.835853e-01  2.683543e-01
 1.118145e+00  7.428471e-01 -7.170211e-01  2.579404e-01
 8.098688e-01  2.342499e-01 -7.850540e-01  1.165449e+00
 1.119889e+00  2.693187e-01 -2.751473e-01  1.154678e+00
 7.421975e-01  2.421268e-01 -1.149040e+00  7.760679e-01
 1.070154e+00  2.751973e-01 -1.140713e+00  2.613947e-01
 1.006734e+00  2.209760e-01 -2.247371e-01  6.258908e-01
 1.099293e+00  2.247293e-01 -2.145430e-01  2.058780e-01
 1.122017e+00  2.516042e-01 -7.189400e-01  6.785303e-01
 1.022403e+00  2.304935e-01 -6.499706e-01  2.172740e-01
 2.114172e-01  6.453077e-01 -5.604343e-01  1.055317e+00
 2.412444e-01  6.370473e-01 -2.631395e-01  1.471403e+00
 2.468801e-01  6.590417e-01 -9.884890e-01  6.669781e-01
 2.269803e-01  6.180742e-01 -1.071798e+00  2.128592e-01
 2.052508e-01  6.088362e-01 -2.028893e-01  7.627313e-01
 1.985672e-01  6.109396e-01 -1.966575e-01  2.308381e-01
 2.100614e-01  6.432134e-01 -5.836275e-01  5.585349e-01
 2.214181e-01  7.290267e-01 -6.319058e-01  1.886620e-01
 2.393086e-01  2.130685e-01 -6.333021e-01  1.038349e+00
 2.165761e-01  2.171707e-01 -2.155183e-01  1.221186e+00
 2.188189e-01  2.132514e-01 -9.667583e-01  6.832003e-01
 2.013403e-01  2.049841e-01 -9.706019e-01  2.200963e-01
 2.059877e-01  2.034193e-01 -1.965949e-01  6.663508e-01
 2.090430e-01  1.987192e-01 -1.859236e-01  2.153495e-01
 2.081742e-01  2.115218e-01 -5.679067e-01  5.613974e-01
 2.006380e-01  2.387475e-01 -5.710254e-01  1.829583e-01
 6.161397e-01  7.577357e-01 -7.259467e-01  1.199316e+00
 6.654329e-01  6.157088e-01 -2.291907e-01  1.154859e+00
 2.723092e-01  7.170841e-01 -1.132278e+00  1.109947e+00
 2.371277e-01  2.434504e-01 -1.478085e+00  2.685570e-01
 6.184881e-01  6.211765e-01 -1.979933e-01  6.269181e-01
 6.011012e-01  5.626858e-01 -2.096804e-01  2.042892e-01
 6.602654e-01  6.485750e-01 -6.164300e-01  6.359954e-01
 6.413744e-01  6.189643e-01 -6.459275e-01  2.051608e-01
 2.852510e-01  2.540052e-01 -8.220299e-01  1.438780e+00
 6.449355e-01  2.243498e-01 -2.672015e-01  1.415695e+00
 2.662579e-01  2.448065e-01 -1.328998e+00  9.406642e-01
 6.117359e-01  2.188315e-01 -1.036036e+00  2.301945e-01
 6.064569e-01  2.011206e-01 -2.194440e-01  7.781817e-01
 6.336240e-01  1.854235e-01 -1.964412e-01  2.441679e-01
 6.449486e-01  2.120393e-01 -6.289474e-01  6.286059e-01
 6.064630e-01  2.026562e-01 -5.999724e-01  2.049256e-01
 8.688061e-01  1.200437e+00 -6.739388e-01 -7.906614e-01
 8.194763e-01  1.122398e+00 -2.507281e-01 -1.102215e+00
 2.818734e-01  8.051677e-01 -1.470796e+00 -5.166137e-01
 6.703243e-01  8.293956e-01 -1.181497e+00 -2.447035e-01
 7.216550e-01  1.166832e+00 -2.329968e-01 -5.726146e-01
 6.442629e-01  1.043296e+00 -2.282194e-01 -1.932278e-01
 1.131467e+00  1.279821e+00 -2.862795e-01 -2.660486e-01
 7.375829e-01  1.145227e+00 -7.114494e-01 -2.239893e-01
 2.852677e-01  1.502153e+00 -3.039867e-01 -8.099067e-01
 2.569364e-01  1.131283e+00 -2.550218e-01 -1.167135e+00
 2.569527e-01  1.179427e+00 -7.939800e-01 -7.662925e-01
 2.595366e-01  1.180124e+00 -1.079951e+00 -2.682923e-01
 2.335637e-01  1.093467e+00 -2.285024e-01 -6.249719e-01
 2.109066e-01  1.102880e+00 -2.072127e-01 -2.054452e-01
 3.358834e-01  1.621280e+00 -2.560388e-01 -2.502277e-01
 2.448331e-01  1.283707e+00 -6.183137e-01 -2.368516e-01
 1.529027e+00  2.813945e-01 -2.467431e-01 -6.719517e-01
 1.184438e+00  7.551377e-01 -2.663780e-01 -8.001999e-01
 9.216995e-01  7.087684e-01 -1.075597e+00 -7.549233e-01
 7.177597e-01  3.254973e-01 -1.537292e+00 -2.916186e-01
 1.492786e+00  6.339876e-01 -2.469243e-01 -2.507908e-01
 1.013239e+00  6.921245e-01 -2.295338e-01 -2.468218e-01
 1.534506e+00  2.924576e-01 -6.835853e-01 -2.683543e-01
 1.118145e+00  7.428471e-01 -7.170211e-01 -2.579404e-01
 8.098688e-01  2.342499e-01 -7.850540e-01 -1.165449e+00
 1.119889e+00  2.693187e-01 -2.751473e-01 -1.154678e+00
 7.421975e-01  2.421268e-01 -1.149040e+00 -7.760679e-01
 1.070154e+00  2.751973e-01 -1.140713e+00 -2.613947e-01
 1.006734e+00  2.209760e-01 -2.247371e-01 -6.258908e-01
 1.099293e+00  2.247293e-01 -2.145430e-01 -2.058780e-01
 1.122017e+00  2.516042e-01 -7.189400e-01 -6.785303e-01
 1.022403e+00  2.304935e-01 -6.499706e-01 -2.172740e-01
 2.114172e-01  6.453077e-01 -5.604343e-01 -1.055317e+00
 2.412444e-01  6.370473e-01 -2.631395e-01 -1.471403e+00
 2.468801e-01  6.590417e-01 -9.884890e-01 -6.669781e-01
 2.269803e-01  6.180742e-01 -1.071798e+00 -2.128592e-01
 2.052508e-01  6.088362e-01 -2.028893e-01 -7.627313e-01
 1.985672e-01  6.109396e-01 -1.966575e-01 -2.308381e-01
 2.100614e-01  6.432134e-01 -5.836275e-01 -5.585349e-01
 2.214181e-01  7.290267e-01 -6.319058e-01 -1.886620e-01
 2.393086e-01  2.130685e-01 -6.333021e-01 -1.038349e+00
 2.165761e-01  2.171707e-01 -2.155183e-01 -1.221186e+00
 2.188189e-01  2.132514e-01 -9.667583e-01 -6.832003e-01
 2.013403e-01  2.049841e-01 -9.706019e-01 -2.200963e-01
 2.059877e-01  2.034193e-01 -1.965949e-01 -6.663508e-01
 2.090430e-01  1.987192e-01 -1.859236e-01 -2.153495e-01
 2.081742e-01  2.115218e-01 -5.679067e-01 -5.613974e-01
 2.006380e-01  2.387475e-01 -5.710254e-01 -1.829583e-01
 6.161397e-01  7.577357e-01 -7.259467e-01 -1.199316e+00
 6.654329e-01  6.157088e-01 -2.291907e-01 -1.154859e+00
 2.723092e-01  7.170841e-01 -1.132278e+00 -1.109947e+00
 2.371277e-01  2.434504e-01 -1.478085e+00 -2.685570e-01
 6.184881e-01  6.211765e-01 -1.979933e-01 -6.269181e-01
 6.011012e-01  5.626858e-01 -2.096804e-01 -2.042892e-01
 6.602654e-01  6.485750e-01 -6.164300e-01 -6.359954e-01
 6.413744e-01  6.189643e-01 -6.459275e-01 -2.051608e-01
 2.852510e-01  2.540052e-01 -8.220299e-01 -1.438780e+00
 6.449355e-01  2.243498e-01 -2.672015e-01 -1.415695e+00
 2.662579e-01  2.448065e-01 -1.328998e+00 -9.406642e-01
 6.117359e-01  2.188315e-01 -1.036036e+00 -2.301945e-01
 6.064569e-01  2.011206e-01 -2.194440e-01 -7.781817e-01
 6.336240e-01  1.854235e-01 -1.964412e-01 -2.441679e-01
 6.449486e-01  2.120393e-01 -6.289474e-01 -6.286059e-01
 6.064630e-01  2.026562e-01 -5.999724e-01 -2.049256e-01
 8.688061e-01 -1.200437e+00  6.739388e-01  7.906614e-01
 8.194763e-01 -1.122398e+00  2.507281e-01  1.102215e+00
 2.818734e-01 -8.051677e-01  1.470796e+00  5.166137e-01
 6.703243e-01 -8.293956e-01  1.181497e+00  2.447035e-01
 7.216550e-01 -1.166832e+00  2.329968e-01  5.726146e-01
 6.442629e-01 -1.043296e+00  2.282194e-01  1.932278e-01
 1.131467e+00 -1.279821e+00  2.862795e-01  2.660486e-01
 7.375829e-01 -1.145227e+00  7.114494e-01  2.239893e-01
 2.852677e-01 -1.502153e+00  3.039867e-01  8.099067e-01
 2.569364e-01 -1.131283e+00  2.550218e-01  1.167135e+00
 2.569527e-01 -1.179427e+00  7.939800e-01  7.662925e-01
 2.595366e-01 -1.180124e+00  1.079951e+00  2.682923e-01
 2.335637e-01 -1.093467e+00  2.285024e-01  6.249719e-01
 2.109066e-01 -1.102880e+00  2.072127e-01  2.054452e-01
 3.358834e-01 -1.621280e+00  2.560388e-01  2.502277e-01
 2.448331e-01 -1.283707e+00  6.183137e-01  2.368516e-01
 1.529027e+00 -2.813945e-01  2.467431e-01  6.719517e-01
 1.184438e+00 -7.551377e-01  2.663780e-01  8.001999e-01
 9.216995e-01 -7.087684e-01  1.075597e+00  7.549233e-01
 7.177597e-01 -3.254973e-01  1.537292e+00  2.916186e-01
 1.492786e+00 -6.339876e-01  2.469243e-01  2.507908e-01
 1.013239e+00 -6.921245e-01  2.295338e-01  2.468218e-01
 1.534506e+00 -2.924576e-01  6.835853e-01  2.683543e-01
 1.118145e+00 -7.428471e-01  7.170211e-01  2.579404e-01
 8.098688e-01 -2.342499e-01  7.850540e-01  1.165449e+00
 1.119889e+00 -2.693187e-01  2.751473e-01  1.154678e+00
 7.421975e-01 -2.421268e-01  1.149040e+00  7.760679e-01
 1.070154e+00 -2.751973e-01  1.140713e+00  2.613947e-01
 1.006734e+00 -2.209760e-01  2.247371e-01  6.258908e-01
 1.099293e+00 -2.247293e-01  2.145430e-01  2.058780e-01
 1.122017e+00 -2.516042e-01  7.189400e-01  6.785303e-01
 1.022403e+00 -2.304935e-01  6.499706e-01  2.172740e-01
 2.114172e-01 -6.453077e-01  5.604343e-01  1.055317e+00
 2.412444e-01 -6.370473e-01  2.631395e-01  1.471403e+00
 2.468801e-01 -6.590417e-01  9.884890e-01  6.669781e-01
 2.269803e-01 -6.180742e-01  1.071798e+00  2.128592e-01
 2.052508e-01 -6.088362e-01  2.028893e-01  7.627313e-01
 1.985672e-01 -6.109396e-01  1.966575e-01  2.308381e-01
 2.100614e-01 -6.432134e-01  5.836275e-01  5.585349e-01
 2.214181e-01 -7.290267e-01  6.319058e-01  1.886620e-01
 2.393086e-01 -2.130685e-01  6.333021e-01  1.038349e+00
 2.165761e-01 -2.171707e-01  2.155183e-01  1.221186e+00
 2.188189e-01 -2.132514e-01  9.667583e-01  6.832003e-01
 2.013403e-01 -2.049841e-01  9.706019e-01  2.200963e-01
 2.059877e-01 -2.034193e-01  1.965949e-01  6.663508e-01
 2.090430e-01 -1.987192e-01  1.859236e-01  2.153495e-01
 2.081742e-01 -2.115218e-01  5.679067e-01  5.613974e-01
 2.006380e-01 -2.387475e-01  5.710254e-01  1.829583e-01
 6.161397e-01 -7.577357e-01  7.259467e-01  1.199316e+00
 6.654329e-01 -6.157088e-01  2.291907e-01  1.154859e+00
 2.723092e-01 -7.170841e-01  1.132278e+00  1.109947e+00
 2.371277e-01 -2.434504e-01  1.478085e+00  2.685570e-01
 6.184881e-01 -6.211765e-01  1.979933e-01  6.269181e-01
 6.011012e-01 -5.626858e-01  2.096804e-01  2.042892e-01
 6.602654e-01 -6.485750e-01  6.164300e-01  6.359954e-01
 6.413744e-01 -6.189643e-01  6.459275e-01  2.051608e-01
 2.852510e-01 -2.540052e-01  8.220299e-01  1.438780e+00
 6.449355e-01 -2.243498e-01  2.672015e-01  1.415695e+00
 2.662579e-01 -2.448065e-01  1.328998e+00  9.406642e-01
 6.117359e-01 -2.188315e-01  1.036036e+00  2.301945e-01
 6.064569e-01 -2.011206e-01  2.194440e-01  7.781817e-01
 6.336240e-01 -1.854235e-01  1.964412e-01  2.441679e-01
 6.449486e-01 -2.120393e-01  6.289474e-01  6.286059e-01
 6.064630e-01 -2.026562e-01  5.999724e-01  2.049256e-01
 8.688061e-01 -1.200437e+00  6.739388e-01 -7.906614e-01
 8.194763e-01 -1.122398e+00  2.507281e-01 -1.102215e+00
 2.818734e-01 -8.051677e-01  1.470796e+00 -5.166137e-01
 6.703243e-01 -8.293956e-01  1.181497e+00 -2.447035e-01
 7.216550e-01 -1.166832e+00  2.329968e-01 -5.726146e-01
 6.442629e-01 -1.043296e+00  2.282194e-01 -1.932278e-01
 1.131467e+00 -1.279821e+00  2.862795e-01 -2.660486e-01
 7.375829e-01 -1.145227e+00  7.114494e-01 -2.239893e-01
 2.852677e-01 -1.502153e+00  3.039867e-01 -8.099067e-01
 2.569364e-01 -1.131283e+00  2.550218e-01 -1.167135e+00
 2.569527e-01 -1.179427e+00  7.939800e-01 -7.662925e-01
 2.595366e-01 -1.180124e+00  1.079951e+00 -2.682923e-01
 2.335637e-01 -1.093467e+00  2.285024e-01 -6.249719e-01
 2.109066e-01 -1.102880e+00  2.072127e-01 -2.054452e-01
 3.358834e-01 -1.621280e+00  2.560388e-01 -2.502277e-01
 2.448331e-01 -1.283707e+00  6.183137e-01 -2.368516e-01
 1.529027e+00 -2.813945e-01  2.467431e-01 -6.719517e-01
 1.184438e+00 -7.551377e-01  2.663780e-01 -8.001999e-01
 9.216995e-01 -7.087684e-01  1.075597e+00 -7.549233e-01
 7.177597e-01 -3.254973e-01  1.537292e+00 -2.916186e-01
 1.492786e+00 -6.339876e-01  2.469243e-01 -2.507908e-01
 1.013239e+00 -6.921245e-01  2.295338e-01 -2.468218e-01
 1.534506e+00 -2.924576e-01  6.835853e-01 -2.683543e-01
 1.118145e+00 -7.428471e-01  7.170211e-01 -2.579404e-01
 8.098688e-01 -2.342499e-01  7.850540e-01 -1.165449e+00
 1.119889e+00 -2.693187e-01  2.751473e-01 -1.154678e+00
 7.421975e-01 -2.421268e-01  1.149040e+00 -7.760679e-01
 1.070154e+00 -2.751973e-01  1.140713e+00 -2.613947e-01
 1.006734e+00 -2.209760e-01  2.247371e-01 -6.258908e-01
 1.099293e+00 -2.247293e-01  2.145430e-01 -2.058780e-01
 1.122017e+00 -2.516042e-01  7.189400e-01 -6.785303e-01
 1.022403e+00 -2.304935e-01  6.499706e-01 -2.172740e-01
 2.114172e-01 -6.453077e-01  5.604343e-01 -1.055317e+00
 2.412444e-01 -6.370473e-01  2.631395e-01 -1.471403e+00
 2.468801e-01 -6.590417e-01  9.884890e-01 -6.669781e-01
 2.269803e-01 -6.180742e-01  1.071798e+00 -2.128592e-01
 2.052508e-01 -6.088362e-01  2.028893e-01 -7.627313e-01
 1.985672e-01 -6.109396e-01  1.966575e-01 -2.308381e-01
 2.100614e-01 -6.432134e-01  5.836275e-01 -5.585349e-01
 2.214181e-01 -7.290267e-01  6.319058e-01 -1.886620e-01
 2.393086e-01 -2.130685e-01  6.333021e-01 -1.038349e+00
 2.165761e-01 -2.171707e-01  2.155183e-01 -1.221186e+00
 2.188189e-01 -2.132514e-01  9.667583e-01 -6.832003e-01
 2.013403e-01 -2.049841e-01  9.706019e-01 -2.200963e-01
 2.059877e-01 -2.034193e-01  1.965949e-01 -6.663508e-01
 2.090430e-01 -1.987192e-01  1.859236e-01 -2.153495e-01
 2.081742e-01 -2.115218e-01  5.679067e-01 -5.613974e-01
 2.006380e-01 -2.387475e-01  5.710254e-01 -1.829583e-01
 6.161397e-01 -7.577357e-01  7.259467e-01 -1.199316e+00
 6.654329e-01 -6.157088e-01  2.291907e-01 -1.154859e+00
 2.723092e-01 -7.170841e-01  1.132278e+00 -1.109947e+00
 2.371277e-01 -2.434504e-01  1.478085e+00 -2.685570e-01
 6.184881e-01 -6.211765e-01  1.979933e-01 -6.269181e-01
 6.011012e-01 -5.626858e-01  2.096804e-01 -2.042892e-01
 6.602654e-01 -6.485750e-01  6.164300e-01 -6.359954e-01
 6.413744e-01 -6.189643e-01  6.459275e-01 -2.051608e-01
 2.852510e-01 -2.540052e-01  8.220299e-01 -1.438780e+00
 6.449355e-01 -2.243498e-01  2.672015e-01 -1.415695e+00
 2.662579e-01 -2.448065e-01  1.328998e+00 -9.406642e-01
 6.117359e-01 -2.188315e-01  1.036036e+00 -2.301945e-01
 6.064569e-01 -2.011206e-01  2.194440e-01 -7.781817e-01
 6.336240e-01 -1.854235e-01  1.964412e-01 -2.441679e-01
 6.449486e-01 -2.120393e-01  6.289474e-01 -6.286059e-01
 6.064630e-01 -2.026562e-01  5.999724e-01 -2.049256e-01
 8.688061e-01 -1.200437e+00 -6.739388e-01  7.906614e-01
 8.194763e-01 -1.122398e+00 -2.507281e-01  1.102215e+00
 2.818734e-01 -8.051677e-01 -1.470796e+00  5.166137e-01
 6.703243e-01 -8.293956e-01 -1.181497e+00  2.447035e-01
 7.216550e-01 -1.166832e+00 -2.329968e-01  5.726146e-01
 6.442629e-01 -1.043296e+00 -2.282194e-01  1.932278e-01
 1.131467e+00 -1.279821e+00 -2.862795e-01  2.660486e-01
 7.375829e-01 -1.145227e+00 -7.114494e-01  2.239893e-01
 2.852677e-01 -1.502153e+00 -3.039867e-01  8.099067e-01
 2.569364e-01 -1.131283e+00 -2.550218e-01  1.167135e+00
 2.569527e-01 -1.179427e+00 -7.939800e-01  7.662925e-01
 2.595366e-01 -1.180124e+00 -1.079951e+00  2.682923e-01
 2.335637e-01 -1.093467e+00 -2.285024e-01  6.249719e-01
 2.109066e-01 -1.102880e+00 -2.072127e-01  2.054452e-01
 3.358834e-01 -1.621280e+00 -2.560388e-01  2.502277e-01
 2.448331e-01 -1.283707e+00 -6.183137e-01  2.368516e-01
 1.529027e+00 -2.813945e-01 -2.467431e-01  6.719517e-01
 1.184438e+00 -7.551377e-01 -2.663780e-01  8.001999e-01
 9.216995e-01 -7.087684e-01 -1.075597e+00  7.549233e-01
 7.177597e-01 -3.254973e-01 -1.537292e+00  2.916186e-01
 1.492786e+00 -6.339876e-01 -2.469243e-01  2.507908e-01
 1.013239e+00 -6.921245e-01 -2.295338e-01  2.468218e-01
 1.534506e+00 -2.924576e-01 -6.835853e-01  2.683543e-01
 1.118145e+00 -7.428471e-01 -7.170211e-01  2.579404e-01
 8.098688e-01 -2.342499e-01 -7.850540e-01  1.165449e+00
 1.119889e+00 -2.693187e-01 -2.751473e-01  1.154678e+00
 7.421975e-01 -2.421268e-01 -1.149040e+00  7.760679e-01
 1.070154e+00 -2.751973e-01 -1.140713e+00  2.613947e-01
 1.006734e+00 -2.209760e-01 -2.247371e-01  6.258908e-01
 1.099293e+00 -2.247293e-01 -2.145430e-01  2.058780e-01
 1.122017e+00 -2.516042e-01 -7.189400e-01  6.785303e-01
 1.022403e+00 -2.304935e-01 -6.499706e-01  2.172740e-01
 2.114172e-01 -6.453077e-01 -5.604343e-01  1.055317e+00
 2.412444e-01 -6.370473e-01 -2.631395e-01  1.471403e+00
 2.468801e-01 -6.590417e-01 -9.884890e-01  6.669781e-01
 2.269803e-01 -6.180742e-01 -1.071798e+00  2.128592e-01
 2.052508e-01 -6.088362e-01 -2.028893e-01  7.627313e-01
 1.985672e-01 -6.109396e-01 -1.966575e-01  2.308381e-01
 2.100614e-01 -6.432134e-01 -5.836275e-01  5.585349e-01
 2.214181e-01 -7.290267e-01 -6.319058e-01  1.886620e-01
 2.393086e-01 -2.130685e-01 -6.333021e-01  1.038349e+00
 2.165761e-01 -2.171707e-01 -2.155183e-01  1.221186e+00
 2.188189e-01 -2.132514e-01 -9.667583e-01  6.832003e-01
 2.013403e-01 -2.049841e-01 -9.706019e-01  2.200963e-01
 2.059877e-01 -2.034193e-01 -1.965949e-01  6.663508e-01
 2.090430e-01 -1.987192e-01 -1.859236e-01  2.153495e-01
 2.081742e-01 -2.115218e-01 -5.679067e-01  5.613974e-01
 2.006380e-01 -2.387475e-01 -5.710254e-01  1.829583e-01
 6.161397e-01 -7.577357e-01 -7.259467e-01  1.199316e+00
 6.654329e-01 -6.157088e-01 -2.291907e-01  1.154859e+00
 2.723092e-01 -7.170841e-01 -1.132278e+00  1.109947e+00
 2.371277e-01 -2.434504e-01 -1.478085e+00  2.685570e-01
 6.184881e-01 -6.211765e-01 -1.979933e-01  6.269181e-01
 6.011012e-01 -5.626858e-01 -2.096804e-01  2.042892e-01
 6.602654e-01 -6.485750e-01 -6.164300e-01  6.359954e-01
 6.413744e-01 -6.189643e-01 -6.459275e-01  2.051608e-01
 2.852510e-01 -2.540052e-01 -8.220299e-01  1.438780e+00
 6.449355e-01 -2.243498e-01 -2.672015e-01  1.415695e+00
 2.662579e-01 -2.448065e-01 -1.328998e+00  9.406642e-01
 6.117359e-01 -2.188315e-01 -1.036036e+00  2.301945e-01
 6.064569e-01 -2.011206e-01 -2.194440e-01  7.781817e-01
 6.336240e-01 -1.854235e-01 -1.964412e-01  2.441679e-01
 6.449486e-01 -2.120393e-01 -6.289474e-01  6.286059e-01
 6.064630e-01 -2.026562e-01 -5.999724e-01  2.049256e-01
 8.688061e-01 -1.200437e+00 -6.739388e-01 -7.906614e-01
 8.194763e-01 -1.122398e+00 -2.507281e-01 -1.102215e+00
 2.818734e-01 -8.051677e-01 -1.470796e+00 -5.166137e-01
 6.703243e-01 -8.293956e-01 -1.181497e+00 -2.447035e-01
 7.216550e-01 -1.166832e+00 -2.329968e-01 -5.726146e-01
 6.442629e-01 -1.043296e+00 -2.282194e-01 -1.932278e-01
 1.131467e+00 -1.279821e+00 -2.862795e-01 -2.660486e-01
 7.375829e-01 -1.145227e+00 -7.114494e-01 -2.239893e-01
 2.852677e-01 -1.502153e+00 -3.039867e-01 -8.099067e-01
 2.569364e-01 -1.131283e+00 -2.550218e-01 -1.167135e+00
 2.569527e-01 -1.179427e+00 -7.939800e-01 -7.662925e-01
 2.595366e-01 -1.180124e+00 -1.079951e+00 -2.682923e-01
 2.335637e-01 -1.093467e+00 -2.285024e-01 -6.249719e-01
 2.109066e-01 -1.102880e+00 -2.072127e-01 -2.054452e-01
 3.358834e-01 -1.621280e+00 -2.560388e-01 -2.502277e-01
 2.448331e-01 -1.283707e+00 -6.183137e-01 -2.368516e-01
 1.529027e+00 -2.813945e-01 -2.467431e-01 -6.719517e-01
 1.184438e+00 -7.551377e-01 -2.663780e-01 -8.001999e-01
 9.216995e-01 -7.087684e-01 -1.075597e+00 -7.549233e-01
 7.177597e-01 -3.254973e-01 -1.537292e+00 -2.916186e-01
 1.492786e+00 -6.339876e-01 -2.469243e-01 -2.507908e-01
 1.013239e+00 -6.921245e-01 -2.295338e-01 -2.468218e-01
 1.534506e+00 -2.924576e-01 -6.835853e-01 -2.683543e-01
 1.118145e+00 -7.428471e-01 -7.170211e-01 -2.579404e-01
 8.098688e-01 -2.342499e-01 -7.850540e-01 -1.165449e+00
 1.119889e+00 -2.693187e-01 -2.751473e-01 -1.154678e+00
 7.421975e-01 -2.421268e-01 -1.149040e+00 -7.760679e-01
 1.070154e+00 -2.751973e-01 -1.140713e+00 -2.613947e-01
 1.006734e+00 -2.209760e-01 -2.247371e-01 -6.258908e-01
 1.099293e+00 -2.247293e-01 -2.145430e-01 -2.058780e-01
 1.122017e+00 -2.516042e-01 -7.189400e-01 -6.785303e-01
 1.022403e+00 -2.304935e-01 -6.499706e-01 -2.172740e-01
 2.114172e-01 -6.453077e-01 -5.604343e-01 -1.055317e+00
 2.412444e-01 -6.370473e-01 -2.631395e-01 -1.471403e+00
 2.468801e-01 -6.590417e-01 -9.884890e-01 -6.669781e-01
 2.269803e-01 -6.180742e-01 -1.071798e+00 -2.128592e-01
 2.052508e-01 -6.088362e-01 -2.028893e-01 -7.627313e-01
 1.985672e-01 -6.109396e-01 -1.966575e-01 -2.308381e-01
 2.100614e-01 -6.432134e-01 -5.836275e-01 -5.585349e-01
 2.214181e-01 -7.290267e-01 -6.319058e-01 -1.886620e-01
 2.393086e-01 -2.130685e-01 -6.333021e-01 -1.038349e+00
 2.165761e-01 -2.171707e-01 -2.155183e-01 -1.221186e+00
 2.188189e-01 -2.132514e-01 -9.667583e-01 -6.832003e-01
 2.013403e-01 -2.049841e-01 -9.706019e-01 -2.200963e-01
 2.059877e-01 -2.034193e-01 -1.965949e-01 -6.663508e-01
 2.090430e-01 -1.987192e-01 -1.859236e-01 -2.153495e-01
 2.081742e-01 -2.115218e-01 -5.679067e-01 -5.613974e-01
 2.006380e-01 -2.387475e-01 -5.710254e-01 -1.829583e-01
 6.161397e-01 -7.577357e-01 -7.259467e-01 -1.199316e+00
 6.654329e-01 -6.157088e-01 -2.291907e-01 -1.154859e+00
 2.723092e-01 -7.170841e-01 -1.132278e+00 -1.109947e+00
 2.371277e-01 -2.434504e-01 -1.478085e+00 -2.685570e-01
 6.184881e-01 -6.211765e-01 -1.979933e-01 -6.269181e-01
 6.011012e-01 -5.626858e-01 -2.096804e-01 -2.042892e-01
 6.602654e-01 -6.485750e-01 -6.164300e-01 -6.359954e-01
 6.413744e-01 -6.189643e-01 -6.459275e-01 -2.051608e-01
 2.852510e-01 -2.540052e-01 -8.220299e-01 -1.438780e+00
 6.449355e-01 -2.243498e-01 -2.672015e-01 -1.415695e+00
 2.662579e-01 -2.448065e-01 -1.328998e+00 -9.406642e-01
 6.117359e-01 -2.188315e-01 -1.036036e+00 -2.301945e-01
 6.064569e-01 -2.011206e-01 -2.194440e-01 -7.781817e-01
 6.336240e-01 -1.854235e-01 -1.964412e-01 -2.441679e-01
 6.449486e-01 -2.120393e-01 -6.289474e-01 -6.286059e-01
 6.064630e-01 -2.026562e-01 -5.999724e-01 -2.049256e-01
-8.688061e-01  1.200437e+00  6.739388e-01  7.906614e-01
-8.194763e-01  1.122398e+00  2.507281e-01  1.102215e+00
-2.818734e-01  8.051677e-01  1.470796e+00  5.166137e-01
-6.703243e-01  8.293956e-01  1.181497e+00  2.447035e-01
-7.216550e-01  1.166832e+00  2.329968e-01  5.726146e-01
-6.442629e-01  1.043296e+00  2.282194e-01  1.932278e-01
-1.131467e+00  1.279821e+00  2.862795e-01  2.660486e-01
-7.375829e-01  1.145227e+00  7.114494e-01  2.239893e-01
-2.852677e-01  1.502153e+00  3.039867e-01  8.099067e-01
-2.569364e-01  1.131283e+00  2.550218e-01  1.167135e+00
-2.569527e-01  1.179427e+00  7.939800e-01  7.662925e-01
-2.595366e-01  1.180124e+00  1.079951e+00  2.682923e-01
-2.335637e-01  1.093467e+00  2.285024e-01  6.249719e-01
-2.109066e-01  1.102880e+00  2.072127e-01  2.054452e-01
-3.358834e-01  1.621280e+00  2.560388e-01  2.502277e-01
-2.448331e-01  1.283707e+00  6.183137e-01  2.368516e-01
-1.529027e+00  2.813945e-01  2.467431e-01  6.719517e-01
-1.184438e+00  7.551377e-01  2.663780e-01  8.001999e-01
-9.216995e-01  7.087684e-01  1.075597e+00  7.549233e-01
-7.177597e-01  3.254973e-01  1.537292e+00  2.916186e-01
-1.492786e+00  6.339876e-01  2.469243e-01  2.507908e-01
-1.013239e+00  6.921245e-01  2.295338e-01  2.468218e-01
-1.534506e+00  2.924576e-01  6.835853e-01  2.683543e-01
-1.118145e+00  7.428471e-01  7.170211e-01  2.579404e-01
-8.098688e-01  2.342499e-01  7.850540e-01  1.165449e+00
-1.119889e+00  2.693187e-01  2.751473e-01  1.154678e+00
-7.421975e-01  2.421268e-01  1.149040e+00  7.760679e-01
-1.070154e+00  2.751973e-01  1.140713e+00  2.613947e-01
-1.006734e+00  2.209760e-01  2.247371e-01  6.258908e-01
-1.099293e+00  2.247293e-01  2.145430e-01  2.058780e-01
-1.122017e+00  2.516042e-01  7.189400e-01  6.785303e-01
-1.022403e+00  2.304935e-01  6.499706e-01  2.172740e-01
-2.114172e-01  6.453077e-01  5.604343e-01  1.055317e+00
-2.412444e-01  6.370473e-01  2.631395e-01  1.471403e+00
-2.468801e-01  6.590417e-01  9.884890e-01  6.669781e-01
-2.269803e-01  6.180742e-01  1.071798e+00  2.128592e-01
-2.052508e-01  6.088362e-01  2.028893e-01  7.627313e-01
-1.985672e-01  6.109396e-01  1.966575e-01  2.308381e-01
-2.100614e-01  6.432134e-01  5.836275e-01  5.585349e-01
-2.214181e-01  7.290267e-01  6.319058e-01  1.886620e-01
-2.393086e-01  2.130685e-01  6.333021e-01  1.038349e+00
-2.165761e-01  2.171707e-01  2.155183e-01  1.221186e+00
-2.188189e-01  2.132514e-01  9.667583e-01  6.832003e-01
-2.013403e-01  2.049841e-01  9.706019e-01  2.200963e-01
-2.059877e-01  2.034193e-01  1.965949e-01  6.663508e-01
-2.090430e-01  1.987192e-01  1.859236e-01  2.153495e-01
-2.081742e-01  2.115218e-01  5.679067e-01  5.613974e-01
-2.006380e-01  2.387475e-01  5.710254e-01  1.829583e-01
-6.161397e-01  7.577357e-01  7.259467e-01  1.199316e+00
-6.654329e-01  6.157088e-01  2.291907e-01  1.154859e+00
-2.723092e-01  7.170841e-01  1.132278e+00  1.109947e+00
-2.371277e-01  2.434504e-01  1.478085e+00  2.685570e-01
-6.184881e-01  6.211765e-01  1.979933e-01  6.269181e-01
-6.011012e-01  5.626858e-01  2.096804e-01  2.042892e-01
-6.602654e-01  6.485750e-01  6.164300e-01  6.359954e-01
-6.413744e-01  6.189643e-01  6.459275e-01  2.051608e-01
-2.852510e-01  2.540052e-01  8.220299e-01  1.438780e+00
-6.449355e-01  2.243498e-01  2.672015e-01  1.415695e+00
-2.662579e-01  2.448065e-01  1.328998e+00  9.406642e-01
-6.117359e-01  2.188315e-01  1.036036e+00  2.301945e-01
-6.064569e-01  2.011206e-01  2.194440e-01  7.781817e-01
-6.336240e-01  1.854235e-01  1.964412e-01  2.441679e-01
-6.449486e-01  2.120393e-01  6.289474e-01  6.286059e-01
-6.064630e-01  2.026562e-01  5.999724e-01  2.049256e-01
-8.688061e-01  1.200437e+00  6.739388e-01 -7.906614e-01
-8.194763e-01  1.122398e+00  2.507281e-01 -1.102215e+00
-2.818734e-01  8.051677e-01  1.470796e+00 -5.166137e-01
-6.703243e-01  8.293956e-01  1.181497e+00 -2.447035e-01
-7.216550e-01  1.166832e+00  2.329968e-01 -5.726146e-01
-6.442629e-01  1.043296e+00  2.282194e-01 -1.932278e-01
-1.131467e+00  1.279821e+00  2.862795e-01 -2.660486e-01
-7.375829e-01  1.145227e+00  7.114494e-01 -2.239893e-01
-2.852677e-01  1.502153e+00  3.039867e-01 -8.099067e-01
-2.569364e-01  1.131283e+00  2.550218e-01 -1.167135e+00
-2.569527e-01  1.179427e+00  7.939800e-01 -7.662925e-01
-2.595366e-01  1.180124e+00  1.079951e+00 -2.682923e-01
-2.335637e-01  1.093467e+00  2.285024e-01 -6.249719e-01
-2.109066e-01  1.102880e+00  2.072127e-01 -2.054452e-01
-3.358834e-01  1.621280e+00  2.560388e-01 -2.502277e-01
-2.448331e-01  1.283707e+00  6.183137e-01 -2.368516e-01
-1.529027e+00  2.813945e-01  2.467431e-01 -6.719517e-01
-1.184438e+00  7.551377e-01  2.663780e-01 -8.001999e-01
-9.216995e-01  7.087684e-01  1.075597e+00 -7.549233e-01
-7.177597e-01  3.254973e-01  1.537292e+00 -2.916186e-01
-1.492786e+00  6.339876e-01  2.469243e-01 -2.507908e-01
-1.013239e+00  6.921245e-01  2.295338e-01 -2.468218e-01
-1.534506e+00  2.924576e-01  6.835853e-01 -2.683543e-01
-1.118145e+00  7.428471e-01  7.170211e-01 -2.579404e-01
-8.098688e-01  2.342499e-01  7.850540e-01 -1.165449e+00
-1.119889e+00  2.693187e-01  2.751473e-01 -1.154678e+00
-7.421975e-01  2.421268e-01  1.149040e+00 -7.760679e-01
-1.070154e+00  2.751973e-01  1.140713e+00 -2.613947e-01
-1.006734e+00  2.209760e-01  2.247371e-01 -6.258908e-01
-1.099293e+00  2.247293e-01  2.145430e-01 -2.058780e-01
-1.122017e+00  2.516042e-01  7.189400e-01 -6.785303e-01
-1.022403e+00  2.304935e-01  6.499706e-01 -2.172740e-01
-2.114172e-01  6.453077e-01  5.604343e-01 -1.055317e+00
-2.412444e-01  6.370473e-01  2.631395e-01 -1.471403e+00
-2.468801e-01  6.590417e-01  9.884890e-01 -6.669781e-01
-2.269803e-01  6.180742e-01  1.071798e+00 -2.128592e-01
-2.052508e-01  6.088362e-01  2.028893e-01 -7.627313e-01
-1.985672e-01  6.109396e-01  1.966575e-01 -2.308381e-01
-2.100614e-01  6.432134e-01  5.836275e-01 -5.585349e-01
-2.214181e-01  7.290267e-01  6.319058e-01 -1.886620e-01
-2.393086e-01  2.130685e-01  6.333021e-01 -1.038349e+00
-2.165761e-01  2.171707e-01  2.155183e-01 -1.221186e+00
-2.188189e-01  2.132514e-01  9.667583e-01 -6.832003e-01
-2.013403e-01  2.049841e-01  9.706019e-01 -2.200963e-01
-2.059877e-01  2.034193e-01  1.965949e-01 -6.663508e-01
-2.090430e-01  1.987192e-01  1.859236e-01 -2.153495e-01
-2.081742e-01  2.115218e-01  5.679067e-01 -5.613974e-01
-2.006380e-01  2.387475e-01  5.710254e-01 -1.829583e-01
-6.161397e-01  7.577357e-01  7.259467e-01 -1.199316e+00
-6.654329e-01  6.157088e-01  2.291907e-01 -1.154859e+00
-2.723092e-01  7.170841e-01  1.132278e+00 -1.109947e+00
-2.371277e-01  2.434504e-01  1.478085e+00 -2.685570e-01
-6.184881e-01  6.211765e-01  1.979933e-01 -6.269181e-01
-6.011012e-01  5.626858e-01  2.096804e-01 -2.042892e-01
-6.602654e-01  6.485750e-01  6.164300e-01 -6.359954e-01
-6.413744e-01  6.189643e-01  6.459275e-01 -2.051608e-01
-2.852510e-01  2.540052e-01  8.220299e-01 -1.438780e+00
-6.449355e-01  2.243498e-01  2.672015e-01 -1.415695e+00
-2.662579e-01  2.448065e-01  1.328998e+00 -9.406642e-01
-6.117359e-01  2.188315e-01  1.036036e+00 -2.301945e-01
-6.064569e-01  2.011206e-01  2.194440e-01 -7.781817e-01
-6.336240e-01  1.854235e-01  1.964412e-01 -2.441679e-01
-6.449486e-01  2.120393e-01  6.289474e-01 -6.286059e-01
-6.064630e-01  2.026562e-01  5.999724e-01 -2.049256e-01
-8.688061e-01  1.200437e+00 -6.739388e-01  7.906614e-01
-8.194763e-01  1.122398e+00 -2.507281e-01  1.102215e+00
-2.818734e-01  8.051677e-01 -1.470796e+00  5.166137e-01
-6.703243e-01  8.293956e-01 -1.181497e+00  2.447035e-01
-7.216550e-01  1.166832e+00 -2.329968e-01  5.726146e-01
-6.442629e-01  1.043296e+00 -2.282194e-01  1.932278e-01
-1.131467e+00  1.279821e+00 -2.862795e-01  2.660486e-01
-7.375829e-01  1.145227e+00 -7.114494e-01  2.239893e-01
-2.852677e-01  1.502153e+00 -3.039867e-01  8.099067e-01
-2.569364e-01  1.131283e+00 -2.550218e-01  1.167135e+00
-2.569527e-01  1.179427e+00 -7.939800e-01  7.662925e-01
-2.595366e-01  1.180124e+00 -1.079951e+00  2.682923e-01
-2.335637e-01  1.093467e+00 -2.285024e-01  6.249719e-01
-2.109066e-01  1.102880e+00 -2.072127e-01  2.054452e-01
-3.358834e-01  1.621280e+00 -2.560388e-01  2.502277e-01
-2.448331e-01  1.283707e+00 -6.183137e-01  2.368516e-01
-1.529027e+00  2.813945e-01 -2.467431e-01  6.719517e-01
-1.184438e+00  7.551377e-01 -2.663780e-01  8.001999e-01
-9.216995e-01  7.087684e-01 -1.075597e+00  7.549233e-01
-7.177597e-01  3.254973e-01 -1.537292e+00  2.916186e-01
-1.492786e+00  6.339876e-01 -2.469243e-01  2.507908e-01
-1.013239e+00  6.921245e-01 -2.295338e-01  2.468218e-01
-1.534506e+00  2.924576e-01 -6.835853e-01  2.683543e-01
-1.118145e+00  7.428471e-01 -7.170211e-01  2.579404e-01
-8.098688e-01  2.342499e-01 -7.850540e-01  1.165449e+00
-1.119889e+00  2.693187e-01 -2.751473e-01  1.154678e+00
-7.421975e-01  2.421268e-01 -1.149040e+00  7.760679e-01
-1.070154e+00  2.751973e-01 -1.140713e+00  2.613947e-01
-1.006734e+00  2.209760e-01 -2.247371e-01  6.258908e-01
-1.099293e+00  2.247293e-01 -2.145430e-01  2.058780e-01
-1.122017e+00  2.516042e-01 -7.189400e-01  6.785303e-01
-1.022403e+00  2.304935e-01 -6.499706e-01  2.172740e-01
-2.114172e-01  6.453077e-01 -5.604343e-01  1.055317e+00
-2.412444e-01  6.370473e-01 -2.631395e-01  1.471403e+00
-2.468801e-01  6.590417e-01 -9.884890e-01  6.669781e-01
-2.269803e-01  6.180742e-01 -1.071798e+00  2.128592e-01
-2.052508e-01  6.088362e-01 -2.028893e-01  7.627313e-01
-1.985672e-01  6.109396e-01 -1.966575e-01  2.308381e-01
-2.100614e-01  6.432134e-01 -5.836275e-01  5.585349e-01
-2.214181e-01  7.290267e-01 -6.319058e-01  1.886620e-01
-2.393086e-01  2.130685e-01 -6.333021e-01  1.038349e+00
-2.165761e-01  2.171707e-01 -2.155183e-01  1.221186e+00
-2.188189e-01  2.132514e-01 -9.667583e-01  6.832003e-01
-2.013403e-01  2.049841e-01 -9.706019e-01  2.200963e-01
-2.059877e-01  2.034193e-01 -1.965949e-01  6.663508e-01
-2.090430e-01  1.987192e-01 -1.859236e-01  2.153495e-01
-2.081742e-01  2.115218e-01 -5.679067e-01  5.613974e-01
-2.006380e-01  2.387475e-01 -5.710254e-01  1.829583e-01
-6.161397e-01  7.577357e-01 -7.259467e-01  1.199316e+00
-6.654329e-01  6.157088e-01 -2.291907e-01  1.154859e+00
-2.723092e-01  7.170841e-01 -1.132278e+00  1.109947e+00
-2.371277e-01  2.434504e-01 -1.478085e+00  2.685570e-01
-6.184881e-01  6.211765e-01 -1.979933e-01  6.269181e-01
-6.011012e-01  5.626858e-01 -2.096804e-01  2.042892e-01
-6.602654e-01  6.485750e-01 -6.164300e-01  6.359954e-01
-6.413744e-01  6.189643e-01 -6.459275e-01  2.051608e-01
-2.852510e-01  2.540052e-01 -8.220299e-01  1.438780e+00
-6.449355e-01  2.243498e-01 -2.672015e-01  1.415695e+00
-2.662579e-01  2.448065e-01 -1.328998e+00  9.406642e-01
-6.117359e-01  2.188315e-01 -1.036036e+00  2.301945e-01
-6.064569e-01  2.011206e-01 -2.194440e-01  7.781817e-01
-6.336240e-01  1.854235e-01 -1.964412e-01  2.441679e-01
-6.449486e-01  2.120393e-01 -6.289474e-01  6.286059e-01
-6.064630e-01  2.026562e-01 -5.999724e-01  2.049256e-01
-8.688061e-01  1.200437e+00 -6.739388e-01 -7.906614e-01
-8.194763e-01  1.122398e+00 -2.507281e-01 -1.102215e+00
-2.818734e-01  8.051677e-01 -1.470796e+00 -5.166137e-01
-6.703243e-01  8.293956e-01 -1.181497e+00 -2.447035e-01
-7.216550e-01  1.166832e+00 -2.329968e-01 -5.726146e-01
-6.442629e-01  1.043296e+00 -2.282194e-01 -1.932278e-01
-1.131467e+00  1.279821e+00 -2.862795e-01 -2.660486e-01
-7.375829e-01  1.145227e+00 -7.114494e-01 -2.239893e-01
-2.852677e-01  1.502153e+00 -3.039867e-01 -8.099067e-01
-2.569364e-01  1.131283e+00 -2.550218e-01 -1.167135e+00
-2.569527e-01  1.179427e+00 -7.939800e-01 -7.662925e-01
-2.595366e-01  1.180124e+00 -1.079951e+00 -2.682923e-01
-2.335637e-01  1.093467e+00 -2.285024e-01 -6.249719e-01
-2.109066e-01  1.102880e+00 -2.072127e-01 -2.054452e-01
-3.358834e-01  1.621280e+00 -2.560388e-01 -2.502277e-01
-2.448331e-01  1.283707e+00 -6.183137e-01 -2.368516e-01
-1.529027e+00  2.813945e-01 -2.467431e-01 -6.719517e-01
-1.184438e+00  7.551377e-01 -2.663780e-01 -8.001999e-01
-9.216995e-01  7.087684e-01 -1.075597e+00 -7.549233e-01
-7.177597e-01  3.254973e-01 -1.537292e+00 -2.916186e-01
-1.492786e+00  6.339876e-01 -2.469243e-01 -2.507908e-01
-1.013239e+00  6.921245e-01 -2.295338e-01 -2.468218e-01
-1.534506e+00  2.924576e-01 -6.835853e-01 -2.683543e-01
-1.118145e+00  7.428471e-01 -7.170211e-01 -2.579404e-01
-8.098688e-01  2.342499e-01 -7.850540e-01 -1.165449e+00
-1.119889e+00  2.693187e-01 -2.751473e-01 -1.154678e+00
-7.421975e-01  2.421268e-01 -1.149040e+00 -7.760679e-01
-1.070154e+00  2.751973e-01 -1.140713e+00 -2.613947e-01
-1.006734e+00  2.209760e-01 -2.247371e-01 -6.258908e-01
-1.099293e+00  2.247293e-01 -2.145430e-01 -2.058780e-01
-1.122017e+00  2.516042e-01 -7.189400e-01 -6.785303e-01
-1.022403e+00  2.304935e-01 -6.499706e-01 -2.172740e-01
-2.114172e-01  6.453077e-01 -5.604343e-01 -1.055317e+00
-2.412444e-01  6.370473e-01 -2.631395e-01 -1.471403e+00
-2.468801e-01  6.590417e-01 -9.884890e-01 -6.669781e-01
-2.269803e-01  6.180742e-01 -1.071798e+00 -2.128592e-01
-2.052508e-01  6.088362e-01 -2.028893e-01 -7.627313e-01
-1.985672e-01  6.109396e-01 -1.966575e-01 -2.308381e-01
-2.100614e-01  6.432134e-01 -5.836275e-01 -5.585349e-01
-2.214181e-01  7.290267e-01 -6.319058e-01 -1.886620e-01
-2.393086e-01  2.130685e-01 -6.333021e-01 -1.038349e+00
-2.165761e-01  2.171707e-01 -2.155183e-01 -1.221186e+00
-2.188189e-01  2.132514e-01 -9.667583e-01 -6.832003e-01
-2.013403e-01  2.049841e-01 -9.706019e-01 -2.200963e-01
-2.059877e-01  2.034193e-01 -1.965949e-01 -6.663508e-01
-2.090430e-01  1.987192e-01 -1.859236e-01 -2.153495e-01
-2.081742e-01  2.115218e-01 -5.679067e-01 -5.613974e-01
-2.006380e-01  2.387475e-01 -5.710254e-01 -1.829583e-01
-6.161397e-01  7.577357e-01 -7.259467e-01 -1.199316e+00
-6.654329e-01  6.157088e-01 -2.291907e-01 -1.154859e+00
-2.723092e-01  7.170841e-01 -1.132278e+00 -1.109947e+00
-2.371277e-01  2.434504e-01 -1.478085e+00 -2.685570e-01
-6.184881e-01  6.211765e-01 -1.979933e-01 -6.269181e-01
-6.011012e-01  5.626858e-01 -2.096804e-01 -2.042892e-01
-6.602654e-01  6.485750e-01 -6.164300e-01 -6.359954e-01
-6.413744e-01  6.189643e-01 -6.459275e-01 -2.051608e-01
-2.852510e-01  2.540052e-01 -8.220299e-01 -1.438780e+00
-6.449355e-01  2.243498e-01 -2.672015e-01 -1.415695e+00
-2.662579e-01  2.448065e-01 -1.328998e+00 -9.406642e-01
-6.117359e-01  2.188315e-01 -1.036036e+00 -2.301945e-01
-6.064569e-01  2.011206e-01 -2.194440e-01 -7.781817e-01
-6.336240e-01  1.854235e-01 -1.964412e-01 -2.441679e-01
-6.449486e-01  2.120393e-01 -6.289474e-01 -6.286059e-01
-6.064630e-01  2.026562e-01 -5.999724e-01 -2.049256e-01
-8.688061e-01 -1.200437e+00  6.739388e-01  7.906614e-01
-8.194763e-01 -1.122398e+00  2.507281e-01  1.102215e+00
-2.818734e-01 -8.051677e-01  1.470796e+00  5.166137e-01
-6.703243e-01 -8.293956e-01  1.181497e+00  2.447035e-01
-7.216550e-01 -1.166832e+00  2.329968e-01  5.726146e-01
-6.442629e-01 -1.043296e+00  2.282194e-01  1.932278e-01
-1.131467e+00 -1.279821e+00  2.862795e-01  2.660486e-01
-7.375829e-01 -1.145227e+00  7.114494e-01  2.239893e-01
-2.852677e-01 -1.502153e+00  3.039867e-01  8.099067e-01
-2.569364e-01 -1.131283e+00  2.550218e-01  1.167135e+00
-2.569527e-01 -1.179427e+00  7.939800e-01  7.662925e-01
-2.595366e-01 -1.180124e+00  1.079951e+00  2.682923e-01
-2.335637e-01 -1.093467e+00  2.285024e-01  6.249719e-01
-2.109066e-01 -1.102880e+00  2.072127e-01  2.054452e-01
-3.358834e-01 -1.621280e+00  2.560388e-01  2.502277e-01
-2.448331e-01 -1.283707e+00  6.183137e-01  2.368516e-01
-1.529027e+00 -2.813945e-01  2.467431e-01  6.719517e-01
-1.184438e+00 -7.551377e-01  2.663780e-01  8.001999e-01
-9.216995e-01 -7.087684e-01  1.075597e+00  7.549233e-01
-7.177597e-01 -3.254973e-01  1.537292e+00  2.916186e-01
-1.492786e+00 -6.339876e-01  2.469243e-01  2.507908e-01
-1.013239e+00 -6.921245e-01  2.295338e-01  2.468218e-01
-1.534506e+00 -2.924576e-01  6.835853e-01  2.683543e-01
-1.118145e+00 -7.428471e-01  7.170211e-01  2.579404e-01
-8.098688e-01 -2.342499e-01  7.850540e-01  1.165449e+00
-1.119889e+00 -2.693187e-01  2.751473e-01  1.154678e+00
-7.421975e-01 -2.421268e-01  1.149040e+00  7.760679e-01
-1.070154e+00 -2.751973e-01  1.140713e+00  2.613947e-01
-1.006734e+00 -2.209760e-01  2.247371e-01  6.258908e-01
-1.099293e+00 -2.247293e-01  2.145430e-01  2.058780e-01
-1.122017e+00 -2.516042e-01  7.189400e-01  6.785303e-01
-1.022403e+00 -2.304935e-01  6.499706e-01  2.172740e-01
-2.114172e-01 -6.453077e-01  5.604343e-01  1.055317e+00
-2.412444e-01 -6.370473e-01  2.631395e-01  1.471403e+00
-2.468801e-01 -6.590417e-01  9.884890e-01  6.669781e-01
-2.269803e-01 -6.180742e-01  1.071798e+00  2.128592e-01
-2.052508e-01 -6.088362e-01  2.028893e-01  7.627313e-01
-1.985672e-01 -6.109396e-01  1.966575e-01  2.308381e-01
-2.100614e-01 -6.432134e-01  5.836275e-01  5.585349e-01
-2.214181e-01 -7.290267e-01  6.319058e-01  1.886620e-01
-2.393086e-01 -2.130685e-01  6.333021e-01  1.038349e+00
-2.165761e-01 -2.171707e-01  2.155183e-01  1.221186e+00
-2.188189e-01 -2.132514e-01  9.667583e-01  6.832003e-01
-2.013403e-01 -2.049841e-01  9.706019e-01  2.200963e-01
-2.059877e-01 -2.034193e-01  1.965949e-01  6.663508e-01
-2.090430e-01 -1.987192e-01  1.859236e-01  2.153495e-01
-2.081742e-01 -2.115218e-01  5.679067e-01  5.613974e-01
-2.006380e-01 -2.387475e-01  5.710254e-01  1.829583e-01
-6.161397e-01 -7.577357e-01  7.259467e-01  1.199316e+00
-6.654329e-01 -6.157088e-01  2.291907e-01  1.154859e+00
-2.723092e-01 -7.170841e-01  1.132278e+00  1.109947e+00
-2.371277e-01 -2.434504e-01  1.478085e+00  2.685570e-01
-6.184881e-01 -6.211765e-01  1.979933e-01  6.269181e-01
-6.011012e-01 -5.626858e-01  2.096804e-01  2.042892e-01
-6.602654e-01 -6.485750e-01  6.164300e-01  6.359954e-01
-6.413744e-01 -6.189643e-01  6.459275e-01  2.051608e-01
-2.852510e-01 -2.540052e-01  8.220299e-01  1.438780e+00
-6.449355e-01 -2.243498e-01  2.672015e-01  1.415695e+00
-2.662579e-01 -2.448065e-01  1.328998e+00  9.406642e-01
-6.117359e-01 -2.188315e-01  1.036036e+00  2.301945e-01
-6.064569e-01 -2.011206e-01  2.194440e-01  7.781817e-01
-6.336240e-01 -1.854235e-01  1.964412e-01  2.441679e-01
-6.449486e-01 -2.120393e-01  6.289474e-01  6.286059e-01
-6.064630e-01 -2.026562e-01  5.999724e-01  2.049256e-01
-8.688061e-01 -1.200437e+00  6.739388e-01 -7.906614e-01
-8.194763e-01 -1.122398e+00  2.507281e-01 -1.102215e+00
-2.818734e-01 -8.051677e-01  1.470796e+00 -5.166137e-01
-6.703243e-01 -8.293956e-01  1.181497e+00 -2.447035e-01
-7.216550e-01 -1.166832e+00  2.329968e-01 -5.726146e-01
-6.442629e-01 -1.043296e+00  2.282194e-01 -1.932278e-01
-1.131467e+00 -1.279821e+00  2.862795e-01 -2.660486e-01
-7.375829e-01 -1.145227e+00  7.114494e-01 -2.239893e-01
-2.852677e-01 -1.502153e+00  3.039867e-01 -8.099067e-01
-2.569364e-01 -1.131283e+00  2.550218e-01 -1.167135e+00
-2.569527e-01 -1.179427e+00  7.939800e-01 -7.662925e-01
-2.595366e-01 -1.180124e+00  1.079951e+00 -2.682923e-01
-2.335637e-01 -1.093467e+00  2.285024e-01 -6.249719e-01
-2.109066e-01 -1.102880e+00  2.072127e-01 -2.054452e-01
-3.358834e-01 -1.621280e+00  2.560388e-01 -2.502277e-01
-2.448331e-01 -1.283707e+00  6.183137e-01 -2.368516e-01
-1.529027e+00 -2.813945e-01  2.467431e-01 -6.719517e-01
-1.184438e+00 -7.551377e-01  2.663780e-01 -8.001999e-01
-9.216995e-01 -7.087684e-01  1.075597e+00 -7.549233e-01
-7.177597e-01 -3.254973e-01  1.537292e+00 -2.916186e-01
-1.492786e+00 -6.339876e-01  2.469243e-01 -2.507908e-01
-1.013239e+00 -6.921245e-01  2.295338e-01 -2.468218e-01
-1.534506e+00 -2.924576e-01  6.835853e-01 -2.683543e-01
-1.118145e+00 -7.428471e-01  7.170211e-01 -2.579404e-01
-8.098688e-01 -2.342499e-01  7.850540e-01 -1.165449e+00
-1.119889e+00 -2.693187e-01  2.751473e-01 -1.154678e+00
-7.421975e-01 -2.421268e-01  1.149040e+00 -7.760679e-01
-1.070154e+00 -2.751973e-01  1.140713e+00 -2.613947e-01
-1.006734e+00 -2.209760e-01  2.247371e-01 -6.258908e-01
-1.099293e+00 -2.247293e-01  2.145430e-01 -2.058780e-01
-1.122017e+00 -2.516042e-01  7.189400e-01 -6.785303e-01
-1.022403e+00 -2.304935e-01  6.499706e-01 -2.172740e-01
-2.114172e-01 -6.453077e-01  5.604343e-01 -1.055317e+00
-2.412444e-01 -6.370473e-01  2.631395e-01 -1.471403e+00
-2.468801e-01 -6.590417e-01  9.884890e-01 -6.669781e-01
-2.269803e-01 -6.180742e-01  1.071798e+00 -2.128592e-01
-2.052508e-01 -6.088362e-01  2.028893e-01 -7.627313e-01
-1.985672e-01 -6.109396e-01  1.966575e-01 -2.308381e-01
-2.100614e-01 -6.432134e-01  5.836275e-01 -5.585349e-01
-2.214181e-01 -7.290267e-01  6.319058e-01 -1.886620e-01
-2.393086e-01 -2.130685e-01  6.333021e-01 -1.038349e+00
-2.165761e-01 -2.171707e-01  2.155183e-01 -1.221186e+00
-2.188189e-01 -2.132514e-01  9.667583e-01 -6.832003e-01
-2.013403e-01 -2.049841e-01  9.706019e-01 -2.200963e-01
-2.059877e-01 -2.034193e-01  1.965949e-01 -6.663508e-01
-2.090430e-01 -1.987192e-01  1.859236e-01 -2.153495e-01
-2.081742e-01 -2.115218e-01  5.679067e-01 -5.613974e-01
-2.006380e-01 -2.387475e-01  5.710254e-01 -1.829583e-01
-6.161397e-01 -7.577357e-01  7.259467e-01 -1.199316e+00
-6.654329e-01 -6.157088e-01  2.291907e-01 -1.154859e+00
-2.723092e-01 -7.170841e-01  1.132278e+00 -1.109947e+00
-2.371277e-01 -2.434504e-01  1.478085e+00 -2.685570e-01
-6.184881e-01 -6.211765e-01  1.979933e-01 -6.269181e-01
-6.011012e-01 -5.626858e-01  2.096804e-01 -2.042892e-01
-6.602654e-01 -6.485750e-01  6.164300e-01 -6.359954e-01
-6.413744e-01 -6.189643e-01  6.459275e-01 -2.051608e-01
-2.852510e-01 -2.540052e-01  8.220299e-01 -1.438780e+00
-6.449355e-01 -2.243498e-01  2.672015e-01 -1.415695e+00
-2.662579e-01 -2.448065e-01  1.328998e+00 -9.406642e-01
-6.117359e-01 -2.188315e-01  1.036036e+00 -2.301945e-01
-6.064569e-01 -2.011206e-01  2.194440e-01 -7.781817e-01
-6.336240e-01 -1.854235e-01  1.964412e-01 -2.441679e-01
-6.449486e-01 -2.120393e-01  6.289474e-01 -6.286059e-01
-6.064630e-01 -2.026562e-01  5.999724e-01 -2.049256e-01
-8.688061e-01 -1.200437e+00 -6.739388e-01  7.906614e-01
-8.194763e-01 -1.122398e+00 -2.507281e-01  1.102215e+00
-2.818734e-01 -8.051677e-01 -1.470796e+00  5.166137e-01
-6.703243e-01 -8.293956e-01 -1.181497e+00  2.447035e-01
-7.216550e-01 -1.166832e+00 -2.329968e-01  5.726146e-01
-6.442629e-01 -1.043296e+00 -2.282194e-01  1.932278e-01
-1.131467e+00 -1.279821e+00 -2.862795e-01  2.660486e-01
-7.375829e-01 -1.145227e+00 -7.114494e-01  2.239893e-01
-2.852677e-01 -1.502153e+00 -3.039867e-01  8.099067e-01
-2.569364e-01 -1.131283e+00 -2.550218e-01  1.167135e+00
-2.569527e-01 -1.179427e+00 -7.939800e-01  7.662925e-01
-2.595366e-01 -1.180124e+00 -1.079951e+00  2.682923e-01
-2.335637e-01 -1.093467e+00 -2.285024e-01  6.249719e-01
-2.109066e-01 -1.102880e+00 -2.072127e-01  2.054452e-01
-3.358834e-01 -1.621280e+00 -2.560388e-01  2.502277e-01
-2.448331e-01 -1.283707e+00 -6.183137e-01  2.368516e-01
-1.529027e+00 -2.813945e-01 -2.467431e-01  6.719517e-01
-1.184438e+00 -7.551377e-01 -2.663780e-01  8.001999e-01
-9.216995e-01 -7.087684e-01 -1.075597e+00  7.549233e-01
-7.177597e-01 -3.254973e-01 -1.537292e+00  2.916186e-01
-1.492786e+00 -6.339876e-01 -2.469243e-01  2.507908e-01
-1.013239e+00 -6.921245e-01 -2.295338e-01  2.468218e-01
-1.534506e+00 -2.924576e-01 -6.835853e-01  2.683543e-01
-1.118145e+00 -7.428471e-01 -7.170211e-01  2.579404e-01
-8.098688e-01 -2.342499e-01 -7.850540e-01  1.165449e+00
-1.119889e+00 -2.693187e-01 -2.751473e-01  1.154678e+00
-7.421975e-01 -2.421268e-01 -1.149040e+00  7.760679e-01
-1.070154e+00 -2.751973e-01 -1.140713e+00  2.613947e-01
-1.006734e+00 -2.209760e-01 -2.247371e-01  6.258908e-01
-1.099293e+00 -2.247293e-01 -2.145430e-01  2.058780e-01
-1.122017e+00 -2.516042e-01 -7.189400e-01  6.785303e-01
-1.022403e+00 -2.304935e-01 -6.499706e-01  2.172740e-01
-2.114172e-01 -6.453077e-01 -5.604343e-01  1.055317e+00
-2.412444e-01 -6.370473e-01 -2.631395e-01  1.471403e+00
-2.468801e-01 -6.590417e-01 -9.884890e-01  6.669781e-01
-2.269803e-01 -6.180742e-01 -1.071798e+00  2.128592e-01
-2.052508e-01 -6.088362e-01 -2.028893e-01  7.627313e-01
-1.985672e-01 -6.109396e-01 -1.966575e-01  2.308381e-01
-2.100614e-01 -6.432134e-01 -5.836275e-01  5.585349e-01
-2.214181e-01 -7.290267e-01 -6.319058e-01  1.886620e-01
-2.393086e-01 -2.130685e-01 -6.333021e-01  1.038349e+00
-2.165761e-01 -2.171707e-01 -2.155183e-01  1.221186e+00
-2.188189e-01 -2.132514e-01 -9.667583e-01  6.832003e-01
-2.013403e-01 -2.049841e-01 -9.706019e-01  2.200963e-01
-2.059877e-01 -2.034193e-01 -1.965949e-01  6.663508e-01
-2.090430e-01 -1.987192e-01 -1.859236e-01  2.153495e-01
-2.081742e-01 -2.115218e-01 -5.679067e-01  5.613974e-01
-2.006380e-01 -2.387475e-01 -5.710254e-01  1.829583e-01
-6.161397e-01 -7.577357e-01 -7.259467e-01  1.199316e+00
-6.654329e-01 -6.157088e-01 -2.291907e-01  1.154859e+00
-2.723092e-01 -7.170841e-01 -1.132278e+00  1.109947e+00
-2.371277e-01 -2.434504e-01 -1.478085e+00  2.685570e-01
-6.184881e-01 -6.211765e-01 -1.979933e-01  6.269181e-01
-6.011012e-01 -5.626858e-01 -2.096804e-01  2.042892e-01
-6.602654e-01 -6.485750e-01 -6.164300e-01  6.359954e-01
-6.413744e-01 -6.189643e-01 -6.459275e-01  2.051608e-01
-2.852510e-01 -2.540052e-01 -8.220299e-01  1.438780e+00
-6.449355e-01 -2.243498e-01 -2.672015e-01  1.415695e+00
-2.662579e-01 -2.448065e-01 -1.328998e+00  9.406642e-01
-6.117359e-01 -2.188315e-01 -1.036036e+00  2.301945e-01
-6.064569e-01 -2.011206e-01 -2.194440e-01  7.781817e-01
-6.336240e-01 -1.854235e-01 -1.964412e-01  2.441679e-01
-6.449486e-01 -2.120393e-01 -6.289474e-01  6.286059e-01
-6.064630e-01 -2.026562e-01 -5.999724e-01  2.049256e-01
-8.688061e-01 -1.200437e+00 -6.739388e-01 -7.906614e-01
-8.194763e-01 -1.122398e+00 -2.507281e-01 -1.102215e+00
-2.818734e-01 -8.051677e-01 -1.470796e+00 -5.166137e-01
-6.703243e-01 -8.293956e-01 -1.181497e+00 -2.447035e-01
-7.216550e-01 -1.166832e+00 -2.329968e-01 -5.726146e-01
-6.442629e-01 -1.043296e+00 -2.282194e-01 -1.932278e-01
-1.131467e+00 -1.279821e+00 -2.862795e-01 -2.660486e-01
-7.375829e-01 -1.145227e+00 -7.114494e-01 -2.239893e-01
-2.852677e-01 -1.502153e+00 -3.039867e-01 -8.099067e-01
-2.569364e-01 -1.131283e+00 -2.550218e-01 -1.167135e+00
-2.569527e-01 -1.179427e+00 -7.939800e-01 -7.662925e-01
-2.595366e-01 -1.180124e+00 -1.079951e+00 -2.682923e-01
-2.335637e-01 -1.093467e+00 -2.285024e-01 -6.249719e-01
-2.109066e-01 -1.102880e+00 -2.072127e-01 -2.054452e-01
-3.358834e-01 -1.621280e+00 -2.560388e-01 -2.502277e-01
-2.448331e-01 -1.283707e+00 -6.183137e-01 -2.368516e-01
-1.529027e+00 -2.813945e-01 -2.467431e-01 -6.719517e-01
-1.184438e+00 -7.551377e-01 -2.663780e-01 -8.001999e-01
-9.216995e-01 -7.087684e-01 -1.075597e+00 -7.549233e-01
-7.177597e-01 -3.254973e-01 -1.537292e+00 -2.916186e-01
-1.492786e+00 -6.339876e-01 -2.469243e-01 -2.507908e-01
-1.013239e+00 -6.921245e-01 -2.295338e-01 -2.468218e-01
-1.534506e+00 -2.924576e-01 -6.835853e-01 -2.683543e-01
-1.118145e+00 -7.428471e-01 -7.170211e-01 -2.579404e-01
-8.098688e-01 -2.342499e-01 -7.850540e-01 -1.165449e+00
-1.119889e+00 -2.693187e-01 -2.751473e-01 -1.154678e+00
-7.421975e-01 -2.421268e-01 -1.149040e+00 -7.760679e-01
-1.070154e+00 -2.751973e-01 -1.140713e+00 -2.613947e-01
-1.006734e+00 -2.209760e-01 -2.247371e-01 -6.258908e-01
-1.099293e+00 -2.247293e-01 -2.145430e-01 -2.058780e-01
-1.122017e+00 -2.516042e-01 -7.189400e-01 -6.785303e-01
-1.022403e+00 -2.304935e-01 -6.499706e-01 -2.172740e-01
-2.114172e-01 -6.453077e-01 -5.604343e-01 -1.055317e+00
-2.412444e-01 -6.370473e-01 -2.631395e-01 -1.471403e+00
-2.468801e-01 -6.590417e-01 -9.884890e-01 -6.669781e-01
-2.269803e-01 -6.180742e-01 -1.071798e+00 -2.128592e-01
-2.052508e-01 -6.088362e-01 -2.028893e-01 -7.627313e-01
-1.985672e-01 -6.109396e-01 -1.966575e-01 -2.308381e-01
-2.100614e-01 -6.432134e-01 -5.836275e-01 -5.585349e-01
-2.214181e-01 -7.290267e-01 -6.319058e-01 -1.886620e-01
-2.393086e-01 -2.130685e-01 -6.333021e-01 -1.038349e+00
-2.165761e-01 -2.171707e-01 -2.155183e-01 -1.221186e+00
-2.188189e-01 -2.132514e-01 -9.667583e-01 -6.832003e-01
-2.013403e-01 -2.049841e-01 -9.706019e-01 -2.200963e-01
-2.059877e-01 -2.034193e-01 -1.965949e-01 -6.663508e-01
-2.090430e-01 -1.987192e-01 -1.859236e-01 -2.153495e-01
-2.081742e-01 -2.115218e-01 -5.679067e-01 -5.613974e-01
-2.006380e-01 -2.387475e-01 -5.710254e-01 -1.829583e-01
-6.161397e-01 -7.577357e-01 -7.259467e-01 -1.199316e+00
-6.654329e-01 -6.157088e-01 -2.291907e-01 -1.154859e+00
-2.723092e-01 -7.170841e-01 -1.132278e+00 -1.109947e+00
-2.371277e-01 -2.434504e-01 -1.478085e+00 -2.685570e-01
-6.184881e-01 -6.211765e-01 -1.979933e-01 -6.269181e-01
-6.011012e-01 -5.626858e-01 -2.096804e-01 -2.042892e-01
-6.602654e-01 -6.485750e-01 -6.164300e-01 -6.359954e-01
-6.413744e-01 -6.189643e-01 -6.459275e-01 -2.051608e-01
-2.852510e-01 -2.540052e-01 -8.220299e-01 -1.438780e+00
-6.449355e-01 -2.243498e-01 -2.672015e-01 -1.415695e+00
-2.662579e-01 -2.448065e-01 -1.328998e+00 -9.406642e-01
-6.117359e-01 -2.188315e-01 -1.036036e+00 -2.301945e-01
-6.064569e-01 -2.011206e-01 -2.194440e-01 -7.781817e-01
-6.336240e-01 -1.854235e-01 -1.964412e-01 -2.441679e-01
-6.449486e-01 -2.120393e-01 -6.289474e-01 -6.286059e-01
-6.064630e-01 -2.026562e-01 -5.999724e-01 -2.049256e-01
