 4.724228e-01  4.163916e-01  1.177168e+00  4.747829e-01
 1.174865e+00  4.750066e-01  4.702695e-01  4.158630e-01
 4.161665e-01  4.712755e-01  4.741208e-01  1.174590e+00
 4.742062e-01  1.172012e+00  4.160877e-01  4.699973e-01
 4.724228e-01  4.163916e-01  1.177168e+00 -4.747829e-01
 1.174865e+00  4.750066e-01  4.702695e-01 -4.158630e-01
 4.161665e-01  4.712755e-01  4.741208e-01 -1.174590e+00
 4.742062e-01  1.172012e+00  4.160877e-01 -4.699973e-01
 4.724228e-01  4.163916e-01 -1.177168e+00  4.747829e-01
 1.174865e+00  4.750066e-01 -4.702695e-01  4.158630e-01
 4.161665e-01  4.712755e-01 -4.741208e-01  1.174590e+00
 4.742062e-01  1.172012e+00 -4.160877e-01  4.699973e-01
 4.724228e-01  4.163916e-01 -1.177168e+00 -4.747829e-01
 1.174865e+00  4.750066e-01 -4.702695e-01 -4.158630e-01
 4.161665e-01  4.712755e-01 -4.741208e-01 -1.174590e+00
 4.742062e-01  1.172012e+00 -4.160877e-01 -4.699973e-01
 4.724228e-01 -4.163916e-01  1.177168e+00  4.747829e-01
 1.174865e+00 -4.750066e-01  4.702695e-01  4.158630e-01
 4.161665e-01 -4.712755e-01  4.741208e-01  1.174590e+00
 4.742062e-01 -1.172012e+00  4.160877e-01  4.699973e-01
 4.724228e-01 -4.163916e-01  1.177168e+00 -4.747829e-01
 1.174865e+00 -4.750066e-01  4.702695e-01 -4.158630e-01
 4.161665e-01 -4.712755e-01  4.741208e-01 -1.174590e+00
 4.742062e-01 -1.172012e+00  4.160877e-01 -4.699973e-01
 4.724228e-01 -4.163916e-01 -1.177168e+00  4.747829e-01
 1.174865e+00 -4.750066e-01 -4.702695e-01  4.158630e-01
 4.161665e-01 -4.712755e-01 -4.741208e-01  1.174590e+00
 4.742062e-01 -1.172012e+00 -4.160877e-01  4.699973e-01
 4.724228e-01 -4.163916e-01 -1.177168e+00 -4.747829e-01
 1.174865e+00 -4.750066e-01 -4.702695e-01 -4.158630e-01
 4.161665e-01 -4.712755e-01 -4.741208e-01 -1.174590e+00
 4.742062e-01 -1.172012e+00 -4.160877e-01 -4.699973e-01
-4.724228e-01  4.163916e-01  1.177168e+00  4.747829e-01
-1.174865e+00  4.750066e-01  4.702695e-01  4.158630e-01
-4.161665e-01  4.712755e-01  4.741208e-01  1.174590e+00
-4.742062e-01  1.172012e+00  4.160877e-01  4.699973e-01
-4.724228e-01  4.163916e-01  1.177168e+00 -4.747829e-01
-1.174865e+00  4.750066e-01  4.702695e-01 -4.158630e-01
-4.161665e-01  4.712755e-01  4.741208e-01 -1.174590e+00
-4.742062e-01  1.172012e+00  4.160877e-01 -4.699973e-01
-4.724228e-01  4.163916e-01 -1.177168e+00  4.747829e-01
-1.174865e+00  4.750066e-01 -4.702695e-01  4.158630e-01
-4.161665e-01  4.712755e-01 -4.741208e-01  1.174590e+00
-4.742062e-01  1.172012e+00 -4.160877e-01  4.699973e-01
-4.724228e-01  4.163916e-01 -1.177168e+00 -4.747829e-01
-1.174865e+00  4.750066e-01 -4.702695e-01 -4.158630e-01
-4.161665e-01  4.712755e-01 -4.741208e-01 -1.174590e+00
-4.742062e-01  1.172012e+00 -4.160877e-01 -4.699973e-01
-4.724228e-01 -4.163916e-01  1.177168e+00  4.747829e-01
-1.174865e+00 -4.750066e-01  4.702695e-01  4.158630e-01
-4.161665e-01 -4.712755e-01  4.741208e-01  1.174590e+00
-4.742062e-01 -1.172012e+00  4.160877e-01  4.699973e-01
-4.724228e-01 -4.163916e-01  1.177168e+00 -4.747829e-01
-1.174865e+00 -4.750066e-01  4.702695e-01 -4.158630e-01
-4.161665e-01 -4.712755e-01  4.741208e-01 -1.174590e+00
-4.742062e-01 -1.172012e+00  4.160877e-01 -4.699973e-01
-4.724228e-01 -4.163916e-01 -1.177168e+00  4.747829e-01
-1.174865e+00 -4.750066e-01 -4.702695e-01  4.158630e-01
-4.161665e-01 -4.712755e-01 -4.741208e-01  1.174590e+00
-4.742062e-01 -1.172012e+00 -4.160877e-01  4.699973e-01
-4.724228e-01 -4.163916e-01 -1.177168e+00 -4.747829e-01
-1.174865e+00 -4.750066e-01 -4.702695e-01 -4.158630e-01
-4.161665e-01 -4.712755e-01 -4.741208e-01 -1.174590e+00
-4.742062e-01 -1.172012e+00 -4.160877e-01 -4.699973e-01
