 8.422872e-01  6.875243e-01  9.738128e-01  1.042565e+00
 9.050950e-01  9.792302e-01  8.463101e-01  3.068238e-01
 9.371132e-01  9.869135e-01  3.011525e-01  8.053815e-01
 4.157132e-01  1.446356e+00  3.746663e-01  3.541045e-01
 1.500570e+00  4.082080e-01  3.814145e-01  3.714784e-01
 9.682756e-01  3.050887e-01  9.852464e-01  3.357405e-01
 9.727933e-01  3.022948e-01  3.228974e-01  9.194434e-01
 8.234847e-01  3.173983e-01  3.059968e-01  2.888253e-01
 3.144864e-01  3.372184e-01  1.132222e+00  1.036914e+00
 3.056578e-01  8.893425e-01  1.110660e+00  3.879578e-01
 2.988763e-01  9.411453e-01  3.708899e-01  9.910323e-01
 2.981311e-01  8.597590e-01  3.282297e-01  3.067569e-01
 3.638288e-01  3.454125e-01  4.042075e-01  1.519847e+00
 3.096599e-01  2.904240e-01  9.618696e-01  3.045741e-01
 3.055938e-01  2.997664e-01  3.261448e-01  8.896046e-01
 2.715727e-01  2.846420e-01  3.186342e-01  2.993032e-01
 8.422872e-01  6.875243e-01  9.738128e-01 -1.042565e+00
 9.050950e-01  9.792302e-01  8.463101e-01 -3.068238e-01
 9.371132e-01  9.869135e-01  3.011525e-01 -8.053815e-01
 4.157132e-01  1.446356e+00  3.746663e-01 -3.541045e-01
 1.500570e+00  4.082080e-01  3.814145e-01 -3.714784e-01
 9.682756e-01  3.050887e-01  9.852464e-01 -3.357405e-01
 9.727933e-01  3.022948e-01  3.228974e-01 -9.194434e-01
 8.234847e-01  3.173983e-01  3.059968e-01 -2.888253e-01
 3.144864e-01  3.372184e-01  1.132222e+00 -1.036914e+00
 3.056578e-01  8.893425e-01  1.110660e+00 -3.879578e-01
 2.988763e-01  9.411453e-01  3.708899e-01 -9.910323e-01
 2.981311e-01  8.597590e-01  3.282297e-01 -3.067569e-01
 3.638288e-01  3.454125e-01  4.042075e-01 -1.519847e+00
 3.096599e-01  2.904240e-01  9.618696e-01 -3.045741e-01
 3.055938e-01  2.997664e-01  3.261448e-01 -8.896046e-01
 2.715727e-01  2.846420e-01  3.186342e-01 -2.993032e-01
 8.422872e-01  6.875243e-01 -9.738128e-01  1.042565e+00
 9.050950e-01  9.792302e-01 -8.463101e-01  3.068238e-01
 9.371132e-01  9.869135e-01 -3.011525e-01  8.053815e-01
 4.157132e-01  1.446356e+00 -3.746663e-01  3.541045e-01
 1.500570e+00  4.082080e-01 -3.814145e-01  3.714784e-01
 9.682756e-01  3.050887e-01 -9.852464e-01  3.357405e-01
 9.727933e-01  3.022948e-01 -3.228974e-01  9.194434e-01
 8.234847e-01  3.173983e-01 -3.059968e-01  2.888253e-01
 3.144864e-01  3.372184e-01 -1.132222e+00  1.036914e+00
 3.056578e-01  8.893425e-01 -1.110660e+00  3.879578e-01
 2.988763e-01  9.411453e-01 -3.708899e-01  9.910323e-01
 2.981311e-01  8.597590e-01 -3.282297e-01  3.067569e-01
 3.638288e-01  3.454125e-01 -4.042075e-01  1.519847e+00
 3.096599e-01  2.904240e-01 -9.618696e-01  3.045741e-01
 3.055938e-01  2.997664e-01 -3.261448e-01  8.896046e-01
 2.715727e-01  2.846420e-01 -3.186342e-01  2.993032e-01
 8.422872e-01  6.875243e-01 -9.738128e-01 -1.042565e+00
 9.050950e-01  9.792302e-01 -8.463101e-01 -3.068238e-01
 9.371132e-01  9.869135e-01 -3.011525e-01 -8.053815e-01
 4.157132e-01  1.446356e+00 -3.746663e-01 -3.541045e-01
 1.500570e+00  4.082080e-01 -3.814145e-01 -3.714784e-01
 9.682756e-01  3.050887e-01 -9.852464e-01 -3.357405e-01
 9.727933e-01  3.022948e-01 -3.228974e-01 -9.194434e-01
 8.234847e-01  3.173983e-01 -3.059968e-01 -2.888253e-01
 3.144864e-01  3.372184e-01 -1.132222e+00 -1.036914e+00
 3.056578e-01  8.893425e-01 -1.110660e+00 -3.879578e-01
 2.988763e-01  9.411453e-01 -3.708899e-01 -9.910323e-01
 2.981311e-01  8.597590e-01 -3.282297e-01 -3.067569e-01
 3.638288e-01  3.454125e-01 -4.042075e-01 -1.519847e+00
 3.096599e-01  2.904240e-01 -9.618696e-01 -3.045741e-01
 3.055938e-01  2.997664e-01 -3.261448e-01 -8.896046e-01
 2.715727e-01  2.846420e-01 -3.186342e-01 -2.993032e-01
 8.422872e-01 -6.875243e-01  9.738128e-01  1.042565e+00
 9.050950e-01 -9.792302e-01  8.463101e-01  3.068238e-01
 9.371132e-01 -9.869135e-01  3.011525e-01  8.053815e-01
 4.157132e-01 -1.446356e+00  3.746663e-01  3.541045e-01
 1.500570e+00 -4.082080e-01  3.814145e-01  3.714784e-01
 9.682756e-01 -3.050887e-01  9.852464e-01  3.357405e-01
 9.727933e-01 -3.022948e-01  3.228974e-01  9.194434e-01
 8.234847e-01 -3.173983e-01  3.059968e-01  2.888253e-01
 3.144864e-01 -3.372184e-01  1.132222e+00  1.036914e+00
 3.056578e-01 -8.893425e-01  1.110660e+00  3.879578e-01
 2.988763e-01 -9.411453e-01  3.708899e-01  9.910323e-01
 2.981311e-01 -8.597590e-01  3.282297e-01  3.067569e-01
 3.638288e-01 -3.454125e-01  4.042075e-01  1.519847e+00
 3.096599e-01 -2.904240e-01  9.618696e-01  3.045741e-01
 3.055938e-01 -2.997664e-01  3.261448e-01  8.896046e-01
 2.715727e-01 -2.846420e-01  3.186342e-01  2.993032e-01
 8.422872e-01 -6.875243e-01  9.738128e-01 -1.042565e+00
 9.050950e-01 -9.792302e-01  8.463101e-01 -3.068238e-01
 9.371132e-01 -9.869135e-01  3.011525e-01 -8.053815e-01
 4.157132e-01 -1.446356e+00  3.746663e-01 -3.541045e-01
 1.500570e+00 -4.082080e-01  3.814145e-01 -3.714784e-01
 9.682756e-01 -3.050887e-01  9.852464e-01 -3.357405e-01
 9.727933e-01 -3.022948e-01  3.228974e-01 -9.194434e-01
 8.234847e-01 -3.173983e-01  3.059968e-01 -2.888253e-01
 3.144864e-01 -3.372184e-01  1.132222e+00 -1.036914e+00
 3.056578e-01 -8.893425e-01  1.110660e+00 -3.879578e-01
 2.988763e-01 -9.411453e-01  3.708899e-01 -9.910323e-01
 2.981311e-01 -8.597590e-01  3.282297e-01 -3.067569e-01
 3.638288e-01 -3.454125e-01  4.042075e-01 -1.519847e+00
 3.096599e-01 -2.904240e-01  9.618696e-01 -3.045741e-01
 3.055938e-01 -2.997664e-01  3.261448e-01 -8.896046e-01
 2.715727e-01 -2.846420e-01  3.186342e-01 -2.993032e-01
 8.422872e-01 -6.875243e-01 -9.738128e-01  1.042565e+00
 9.050950e-01 -9.792302e-01 -8.463101e-01  3.068238e-01
 9.371132e-01 -9.869135e-01 -3.011525e-01  8.053815e-01
 4.157132e-01 -1.446356e+00 -3.746663e-01  3.541045e-01
 1.500570e+00 -4.082080e-01 -3.814145e-01  3.714784e-01
 9.682756e-01 -3.050887e-01 -9.852464e-01  3.357405e-01
 9.727933e-01 -3.022948e-01 -3.228974e-01  9.194434e-01
 8.234847e-01 -3.173983e-01 -3.059968e-01  2.888253e-01
 3.144864e-01 -3.372184e-01 -1.132222e+00  1.036914e+00
 3.056578e-01 -8.893425e-01 -1.110660e+00  3.879578e-01
 2.988763e-01 -9.411453e-01 -3.708899e-01  9.910323e-01
 2.981311e-01 -8.597590e-01 -3.282297e-01  3.067569e-01
 3.638288e-01 -3.454125e-01 -4.042075e-01  1.519847e+00
 3.096599e-01 -2.904240e-01 -9.618696e-01  3.045741e-01
 3.055938e-01 -2.997664e-01 -3.261448e-01  8.896046e-01
 2.715727e-01 -2.846420e-01 -3.186342e-01  2.993032e-01
 8.422872e-01 -6.875243e-01 -9.738128e-01 -1.042565e+00
 9.050950e-01 -9.792302e-01 -8.463101e-01 -3.068238e-01
 9.371132e-01 -9.869135e-01 -3.011525e-01 -8.053815e-01
 4.157132e-01 -1.446356e+00 -3.746663e-01 -3.541045e-01
 1.500570e+00 -4.082080e-01 -3.814145e-01 -3.714784e-01
 9.682756e-01 -3.050887e-01 -9.852464e-01 -3.357405e-01
 9.727933e-01 -3.022948e-01 -3.228974e-01 -9.194434e-01
 8.234847e-01 -3.173983e-01 -3.059968e-01 -2.888253e-01
 3.144864e-01 -3.372184e-01 -1.132222e+00 -1.036914e+00
 3.056578e-01 -8.893425e-01 -1.110660e+00 -3.879578e-01
 2.988763e-01 -9.411453e-01 -3.708899e-01 -9.910323e-01
 2.981311e-01 -8.597590e-01 -3.282297e-01 -3.067569e-01
 3.638288e-01 -3.454125e-01 -4.042075e-01 -1.519847e+00
 3.096599e-01 -2.904240e-01 -9.618696e-01 -3.045741e-01
 3.055938e-01 -2.997664e-01 -3.261448e-01 -8.896046e-01
 2.715727e-01 -2.846420e-01 -3.186342e-01 -2.993032e-01
-8.422872e-01  6.875243e-01  9.738128e-01  1.042565e+00
-9.050950e-01  9.792302e-01  8.463101e-01  3.068238e-01
-9.371132e-01  9.869135e-01  3.011525e-01  8.053815e-01
-4.157132e-01  1.446356e+00  3.746663e-01  3.541045e-01
-1.500570e+00  4.082080e-01  3.814145e-01  3.714784e-01
-9.682756e-01  3.050887e-01  9.852464e-01  3.357405e-01
-9.727933e-01  3.022948e-01  3.228974e-01  9.194434e-01
-8.234847e-01  3.173983e-01  3.059968e-01  2.888253e-01
-3.144864e-01  3.372184e-01  1.132222e+00  1.036914e+00
-3.056578e-01  8.893425e-01  1.110660e+00  3.879578e-01
-2.988763e-01  9.411453e-01  3.708899e-01  9.910323e-01
-2.981311e-01  8.597590e-01  3.282297e-01  3.067569e-01
-3.638288e-01  3.454125e-01  4.042075e-01  1.519847e+00
-3.096599e-01  2.904240e-01  9.618696e-01  3.045741e-01
-3.055938e-01  2.997664e-01  3.261448e-01  8.896046e-01
-2.715727e-01  2.846420e-01  3.186342e-01  2.993032e-01
-8.422872e-01  6.875243e-01  9.738128e-01 -1.042565e+00
-9.050950e-01  9.792302e-01  8.463101e-01 -3.068238e-01
-9.371132e-01  9.869135e-01  3.011525e-01 -8.053815e-01
-4.157132e-01  1.446356e+00  3.746663e-01 -3.541045e-01
-1.500570e+00  4.082080e-01  3.814145e-01 -3.714784e-01
-9.682756e-01  3.050887e-01  9.852464e-01 -3.357405e-01
-9.727933e-01  3.022948e-01  3.228974e-01 -9.194434e-01
-8.234847e-01  3.173983e-01  3.059968e-01 -2.888253e-01
-3.144864e-01  3.372184e-01  1.132222e+00 -1.036914e+00
-3.056578e-01  8.893425e-01  1.110660e+00 -3.879578e-01
-2.988763e-01  9.411453e-01  3.708899e-01 -9.910323e-01
-2.981311e-01  8.597590e-01  3.282297e-01 -3.067569e-01
-3.638288e-01  3.454125e-01  4.042075e-01 -1.519847e+00
-3.096599e-01  2.904240e-01  9.618696e-01 -3.045741e-01
-3.055938e-01  2.997664e-01  3.261448e-01 -8.896046e-01
-2.715727e-01  2.846420e-01  3.186342e-01 -2.993032e-01
-8.422872e-01  6.875243e-01 -9.738128e-01  1.042565e+00
-9.050950e-01  9.792302e-01 -8.463101e-01  3.068238e-01
-9.371132e-01  9.869135e-01 -3.011525e-01  8.053815e-01
-4.157132e-01  1.446356e+00 -3.746663e-01  3.541045e-01
-1.500570e+00  4.082080e-01 -3.814145e-01  3.714784e-01
-9.682756e-01  3.050887e-01 -9.852464e-01  3.357405e-01
-9.727933e-01  3.022948e-01 -3.228974e-01  9.194434e-01
-8.234847e-01  3.173983e-01 -3.059968e-01  2.888253e-01
-3.144864e-01  3.372184e-01 -1.132222e+00  1.036914e+00
-3.056578e-01  8.893425e-01 -1.110660e+00  3.879578e-01
-2.988763e-01  9.411453e-01 -3.708899e-01  9.910323e-01
-2.981311e-01  8.597590e-01 -3.282297e-01  3.067569e-01
-3.638288e-01  3.454125e-01 -4.042075e-01  1.519847e+00
-3.096599e-01  2.904240e-01 -9.618696e-01  3.045741e-01
-3.055938e-01  2.997664e-01 -3.261448e-01  8.896046e-01
-2.715727e-01  2.846420e-01 -3.186342e-01  2.993032e-01
-8.422872e-01  6.875243e-01 -9.738128e-01 -1.042565e+00
-9.050950e-01  9.792302e-01 -8.463101e-01 -3.068238e-01
-9.371132e-01  9.869135e-01 -3.011525e-01 -8.053815e-01
-4.157132e-01  1.446356e+00 -3.746663e-01 -3.541045e-01
-1.500570e+00  4.082080e-01 -3.814145e-01 -3.714784e-01
-9.682756e-01  3.050887e-01 -9.852464e-01 -3.357405e-01
-9.727933e-01  3.022948e-01 -3.228974e-01 -9.194434e-01
-8.234847e-01  3.173983e-01 -3.059968e-01 -2.888253e-01
-3.144864e-01  3.372184e-01 -1.132222e+00 -1.036914e+00
-3.056578e-01  8.893425e-01 -1.110660e+00 -3.879578e-01
-2.988763e-01  9.411453e-01 -3.708899e-01 -9.910323e-01
-2.981311e-01  8.597590e-01 -3.282297e-01 -3.067569e-01
-3.638288e-01  3.454125e-01 -4.042075e-01 -1.519847e+00
-3.096599e-01  2.904240e-01 -9.618696e-01 -3.045741e-01
-3.055938e-01  2.997664e-01 -3.261448e-01 -8.896046e-01
-2.715727e-01  2.846420e-01 -3.186342e-01 -2.993032e-01
-8.422872e-01 -6.875243e-01  9.738128e-01  1.042565e+00
-9.050950e-01 -9.792302e-01  8.463101e-01  3.068238e-01
-9.371132e-01 -9.869135e-01  3.011525e-01  8.053815e-01
-4.157132e-01 -1.446356e+00  3.746663e-01  3.541045e-01
-1.500570e+00 -4.082080e-01  3.814145e-01  3.714784e-01
-9.682756e-01 -3.050887e-01  9.852464e-01  3.357405e-01
-9.727933e-01 -3.022948e-01  3.228974e-01  9.194434e-01
-8.234847e-01 -3.173983e-01  3.059968e-01  2.888253e-01
-3.144864e-01 -3.372184e-01  1.132222e+00  1.036914e+00
-3.056578e-01 -8.893425e-01  1.110660e+00  3.879578e-01
-2.988763e-01 -9.411453e-01  3.708899e-01  9.910323e-01
-2.981311e-01 -8.597590e-01  3.282297e-01  3.067569e-01
-3.638288e-01 -3.454125e-01  4.042075e-01  1.519847e+00
-3.096599e-01 -2.904240e-01  9.618696e-01  3.045741e-01
-3.055938e-01 -2.997664e-01  3.261448e-01  8.896046e-01
-2.715727e-01 -2.846420e-01  3.186342e-01  2.993032e-01
-8.422872e-01 -6.875243e-01  9.738128e-01 -1.042565e+00
-9.050950e-01 -9.792302e-01  8.463101e-01 -3.068238e-01
-9.371132e-01 -9.869135e-01  3.011525e-01 -8.053815e-01
-4.157132e-01 -1.446356e+00  3.746663e-01 -3.541045e-01
-1.500570e+00 -4.082080e-01  3.814145e-01 -3.714784e-01
-9.682756e-01 -3.050887e-01  9.852464e-01 -3.357405e-01
-9.727933e-01 -3.022948e-01  3.228974e-01 -9.194434e-01
-8.234847e-01 -3.173983e-01  3.059968e-01 -2.888253e-01
-3.144864e-01 -3.372184e-01  1.132222e+00 -1.036914e+00
-3.056578e-01 -8.893425e-01  1.110660e+00 -3.879578e-01
-2.988763e-01 -9.411453e-01  3.708899e-01 -9.910323e-01
-2.981311e-01 -8.597590e-01  3.282297e-01 -3.067569e-01
-3.638288e-01 -3.454125e-01  4.042075e-01 -1.519847e+00
-3.096599e-01 -2.904240e-01  9.618696e-01 -3.045741e-01
-3.055938e-01 -2.997664e-01  3.261448e-01 -8.896046e-01
-2.715727e-01 -2.846420e-01  3.186342e-01 -2.993032e-01
-8.422872e-01 -6.875243e-01 -9.738128e-01  1.042565e+00
-9.050950e-01 -9.792302e-01 -8.463101e-01  3.068238e-01
-9.371132e-01 -9.869135e-01 -3.011525e-01  8.053815e-01
-4.157132e-01 -1.446356e+00 -3.746663e-01  3.541045e-01
-1.500570e+00 -4.082080e-01 -3.814145e-01  3.714784e-01
-9.682756e-01 -3.050887e-01 -9.852464e-01  3.357405e-01
-9.727933e-01 -3.022948e-01 -3.228974e-01  9.194434e-01
-8.234847e-01 -3.173983e-01 -3.059968e-01  2.888253e-01
-3.144864e-01 -3.372184e-01 -1.132222e+00  1.036914e+00
-3.056578e-01 -8.893425e-01 -1.110660e+00  3.879578e-01
-2.988763e-01 -9.411453e-01 -3.708899e-01  9.910323e-01
-2.981311e-01 -8.597590e-01 -3.282297e-01  3.067569e-01
-3.638288e-01 -3.454125e-01 -4.042075e-01  1.519847e+00
-3.096599e-01 -2.904240e-01 -9.618696e-01  3.045741e-01
-3.055938e-01 -2.997664e-01 -3.261448e-01  8.896046e-01
-2.715727e-01 -2.846420e-01 -3.186342e-01  2.993032e-01
-8.422872e-01 -6.875243e-01 -9.738128e-01 -1.042565e+00
-9.050950e-01 -9.792302e-01 -8.463101e-01 -3.068238e-01
-9.371132e-01 -9.869135e-01 -3.011525e-01 -8.053815e-01
-4.157132e-01 -1.446356e+00 -3.746663e-01 -3.541045e-01
-1.500570e+00 -4.082080e-01 -3.814145e-01 -3.714784e-01
-9.682756e-01 -3.050887e-01 -9.852464e-01 -3.357405e-01
-9.727933e-01 -3.022948e-01 -3.228974e-01 -9.194434e-01
-8.234847e-01 -3.173983e-01 -3.059968e-01 -2.888253e-01
-3.144864e-01 -3.372184e-01 -1.132222e+00 -1.036914e+00
-3.056578e-01 -8.893425e-01 -1.110660e+00 -3.879578e-01
-2.988763e-01 -9.411453e-01 -3.708899e-01 -9.910323e-01
-2.981311e-01 -8.597590e-01 -3.282297e-01 -3.067569e-01
-3.638288e-01 -3.454125e-01 -4.042075e-01 -1.519847e+00
-3.096599e-01 -2.904240e-01 -9.618696e-01 -3.045741e-01
-3.055938e-01 -2.997664e-01 -3.261448e-01 -8.896046e-01
-2.715727e-01 -2.846420e-01 -3.186342e-01 -2.993032e-01
