 2.802761e-01  7.943544e-01  9.237648e-01  1.365656e+00
 2.848142e-01  1.191037e+00  3.104949e-01  1.202983e+00
 2.754690e-01  2.899837e-01  1.436958e+00  1.028181e+00
 3.294404e-01  8.739267e-01  1.509323e+00  2.728545e-01
 8.922336e-01  1.358014e+00  2.525121e-01  2.626618e-01
 5.824858e-01  1.029760e+00  2.145808e-01  2.320032e-01
 7.929086e-01  1.343935e+00  7.861208e-01  2.938676e-01
 5.312107e-01  9.984072e-01  6.536999e-01  2.264027e-01
 2.932499e-01  1.620998e+00  3.521727e-01  6.797470e-01
 2.362960e-01  1.207049e+00  2.265108e-01  6.851809e-01
 2.479084e-01  6.912079e-01  1.194047e+00  7.558573e-01
 2.186030e-01  7.150913e-01  1.121158e+00  2.391531e-01
 3.080545e-01  1.595592e+00  2.817937e-01  2.166625e-01
 1.913368e-01  1.162395e+00  2.366499e-01  2.367390e-01
 2.935503e-01  1.244251e+00  9.650601e-01  6.762102e-01
 1.950328e-01  1.145578e+00  8.007762e-01  2.403267e-01
 1.172291e+00  8.334605e-01  2.663811e-01  7.892194e-01
 8.332911e-01  1.225240e+00  2.842124e-01  9.352838e-01
 9.796991e-01  8.624171e-01  8.971615e-01  7.676755e-01
 8.274981e-01  7.507831e-01  1.187934e+00  2.756613e-01
 1.315121e+00  9.226028e-01  2.417355e-01  2.787850e-01
 9.591002e-01  7.006631e-01  2.147043e-01  2.136369e-01
 1.331315e+00  8.334662e-01  7.433855e-01  3.018598e-01
 9.096528e-01  7.081778e-01  6.760731e-01  2.092991e-01
 1.639894e+00  2.945426e-01  2.707035e-01  2.947731e-01
 1.188305e+00  2.881139e-01  2.982520e-01  1.225366e+00
 1.106597e+00  2.986715e-01  1.045503e+00  8.351908e-01
 1.147005e+00  2.606042e-01  1.116466e+00  2.536780e-01
 1.182586e+00  2.433019e-01  2.007397e-01  6.236497e-01
 1.080066e+00  2.303055e-01  2.102329e-01  2.007082e-01
 1.221840e+00  2.585382e-01  6.310365e-01  6.237763e-01
 1.092938e+00  2.340871e-01  6.495422e-01  2.047018e-01
 2.202624e-01  6.702989e-01  2.178827e-01  9.757017e-01
 2.551465e-01  6.768104e-01  2.580822e-01  1.410175e+00
 2.073067e-01  7.037980e-01  6.446802e-01  8.801165e-01
 2.265699e-01  2.507289e-01  1.533372e+00  2.875150e-01
 2.128367e-01  5.807548e-01  1.820856e-01  5.932816e-01
 2.178477e-01  6.276926e-01  1.839350e-01  1.984567e-01
 2.084307e-01  6.055921e-01  5.619925e-01  5.550202e-01
 2.148106e-01  6.229626e-01  5.643460e-01  1.876219e-01
 2.135091e-01  2.169856e-01  7.133567e-01  1.149442e+00
 2.195385e-01  1.936185e-01  2.297585e-01  1.175489e+00
 2.088414e-01  2.423916e-01  9.702778e-01  7.121884e-01
 2.072864e-01  2.428583e-01  1.060906e+00  2.356591e-01
 2.159932e-01  1.856693e-01  1.947326e-01  6.357301e-01
 1.998608e-01  1.907619e-01  1.988230e-01  2.024291e-01
 2.109688e-01  1.917485e-01  5.814933e-01  6.044608e-01
 1.980203e-01  1.977595e-01  6.265332e-01  2.001695e-01
 7.035874e-01  6.868143e-01  2.242715e-01  1.001947e+00
 3.038033e-01  2.721511e-01  3.268318e-01  1.717108e+00
 6.607978e-01  6.887481e-01  6.785691e-01  9.059489e-01
 7.071408e-01  2.840335e-01  1.525190e+00  3.195006e-01
 6.448522e-01  5.705667e-01  1.871263e-01  6.254835e-01
 6.091086e-01  5.174751e-01  1.936436e-01  2.076405e-01
 6.198239e-01  5.529244e-01  5.685901e-01  5.933291e-01
 5.985588e-01  5.127954e-01  5.953018e-01  2.063296e-01
 6.852571e-01  2.424336e-01  7.691891e-01  1.274223e+00
 6.772473e-01  2.168471e-01  2.452077e-01  1.296079e+00
 6.481999e-01  2.403206e-01  9.917353e-01  7.513409e-01
 6.314710e-01  2.144563e-01  1.067017e+00  2.423715e-01
 6.861356e-01  1.833324e-01  1.948563e-01  6.933001e-01
 6.341358e-01  1.680271e-01  2.030963e-01  2.210237e-01
 6.832607e-01  1.838012e-01  5.903115e-01  6.598324e-01
 6.351442e-01  1.749502e-01  6.339590e-01  2.156980e-01
 2.802761e-01  7.943544e-01  9.237648e-01 -1.365656e+00
 2.848142e-01  1.191037e+00  3.104949e-01 -1.202983e+00
 2.754690e-01  2.899837e-01  1.436958e+00 -1.028181e+00
 3.294404e-01  8.739267e-01  1.509323e+00 -2.728545e-01
 8.922336e-01  1.358014e+00  2.525121e-01 -2.626618e-01
 5.824858e-01  1.029760e+00  2.145808e-01 -2.320032e-01
 7.929086e-01  1.343935e+00  7.861208e-01 -2.938676e-01
 5.312107e-01  9.984072e-01  6.536999e-01 -2.264027e-01
 2.932499e-01  1.620998e+00  3.521727e-01 -6.797470e-01
 2.362960e-01  1.207049e+00  2.265108e-01 -6.851809e-01
 2.479084e-01  6.912079e-01  1.194047e+00 -7.558573e-01
 2.186030e-01  7.150913e-01  1.121158e+00 -2.391531e-01
 3.080545e-01  1.595592e+00  2.817937e-01 -2.166625e-01
 1.913368e-01  1.162395e+00  2.366499e-01 -2.367390e-01
 2.935503e-01  1.244251e+00  9.650601e-01 -6.762102e-01
 1.950328e-01  1.145578e+00  8.007762e-01 -2.403267e-01
 1.172291e+00  8.334605e-01  2.663811e-01 -7.892194e-01
 8.332911e-01  1.225240e+00  2.842124e-01 -9.352838e-01
 9.796991e-01  8.624171e-01  8.971615e-01 -7.676755e-01
 8.274981e-01  7.507831e-01  1.187934e+00 -2.756613e-01
 1.315121e+00  9.226028e-01  2.417355e-01 -2.787850e-01
 9.591002e-01  7.006631e-01  2.147043e-01 -2.136369e-01
 1.331315e+00  8.334662e-01  7.433855e-01 -3.018598e-01
 9.096528e-01  7.081778e-01  6.760731e-01 -2.092991e-01
 1.639894e+00  2.945426e-01  2.707035e-01 -2.947731e-01
 1.188305e+00  2.881139e-01  2.982520e-01 -1.225366e+00
 1.106597e+00  2.986715e-01  1.045503e+00 -8.351908e-01
 1.147005e+00  2.606042e-01  1.116466e+00 -2.536780e-01
 1.182586e+00  2.433019e-01  2.007397e-01 -6.236497e-01
 1.080066e+00  2.303055e-01  2.102329e-01 -2.007082e-01
 1.221840e+00  2.585382e-01  6.310365e-01 -6.237763e-01
 1.092938e+00  2.340871e-01  6.495422e-01 -2.047018e-01
 2.202624e-01  6.702989e-01  2.178827e-01 -9.757017e-01
 2.551465e-01  6.768104e-01  2.580822e-01 -1.410175e+00
 2.073067e-01  7.037980e-01  6.446802e-01 -8.801165e-01
 2.265699e-01  2.507289e-01  1.533372e+00 -2.875150e-01
 2.128367e-01  5.807548e-01  1.820856e-01 -5.932816e-01
 2.178477e-01  6.276926e-01  1.839350e-01 -1.984567e-01
 2.084307e-01  6.055921e-01  5.619925e-01 -5.550202e-01
 2.148106e-01  6.229626e-01  5.643460e-01 -1.876219e-01
 2.135091e-01  2.169856e-01  7.133567e-01 -1.149442e+00
 2.195385e-01  1.936185e-01  2.297585e-01 -1.175489e+00
 2.088414e-01  2.423916e-01  9.702778e-01 -7.121884e-01
 2.072864e-01  2.428583e-01  1.060906e+00 -2.356591e-01
 2.159932e-01  1.856693e-01  1.947326e-01 -6.357301e-01
 1.998608e-01  1.907619e-01  1.988230e-01 -2.024291e-01
 2.109688e-01  1.917485e-01  5.814933e-01 -6.044608e-01
 1.980203e-01  1.977595e-01  6.265332e-01 -2.001695e-01
 7.035874e-01  6.868143e-01  2.242715e-01 -1.001947e+00
 3.038033e-01  2.721511e-01  3.268318e-01 -1.717108e+00
 6.607978e-01  6.887481e-01  6.785691e-01 -9.059489e-01
 7.071408e-01  2.840335e-01  1.525190e+00 -3.195006e-01
 6.448522e-01  5.705667e-01  1.871263e-01 -6.254835e-01
 6.091086e-01  5.174751e-01  1.936436e-01 -2.076405e-01
 6.198239e-01  5.529244e-01  5.685901e-01 -5.933291e-01
 5.985588e-01  5.127954e-01  5.953018e-01 -2.063296e-01
 6.852571e-01  2.424336e-01  7.691891e-01 -1.274223e+00
 6.772473e-01  2.168471e-01  2.452077e-01 -1.296079e+00
 6.481999e-01  2.403206e-01  9.917353e-01 -7.513409e-01
 6.314710e-01  2.144563e-01  1.067017e+00 -2.423715e-01
 6.861356e-01  1.833324e-01  1.948563e-01 -6.933001e-01
 6.341358e-01  1.680271e-01  2.030963e-01 -2.210237e-01
 6.832607e-01  1.838012e-01  5.903115e-01 -6.598324e-01
 6.351442e-01  1.749502e-01  6.339590e-01 -2.156980e-01
 2.802761e-01  7.943544e-01 -9.237648e-01  1.365656e+00
 2.848142e-01  1.191037e+00 -3.104949e-01  1.202983e+00
 2.754690e-01  2.899837e-01 -1.436958e+00  1.028181e+00
 3.294404e-01  8.739267e-01 -1.509323e+00  2.728545e-01
 8.922336e-01  1.358014e+00 -2.525121e-01  2.626618e-01
 5.824858e-01  1.029760e+00 -2.145808e-01  2.320032e-01
 7.929086e-01  1.343935e+00 -7.861208e-01  2.938676e-01
 5.312107e-01  9.984072e-01 -6.536999e-01  2.264027e-01
 2.932499e-01  1.620998e+00 -3.521727e-01  6.797470e-01
 2.362960e-01  1.207049e+00 -2.265108e-01  6.851809e-01
 2.479084e-01  6.912079e-01 -1.194047e+00  7.558573e-01
 2.186030e-01  7.150913e-01 -1.121158e+00  2.391531e-01
 3.080545e-01  1.595592e+00 -2.817937e-01  2.166625e-01
 1.913368e-01  1.162395e+00 -2.366499e-01  2.367390e-01
 2.935503e-01  1.244251e+00 -9.650601e-01  6.762102e-01
 1.950328e-01  1.145578e+00 -8.007762e-01  2.403267e-01
 1.172291e+00  8.334605e-01 -2.663811e-01  7.892194e-01
 8.332911e-01  1.225240e+00 -2.842124e-01  9.352838e-01
 9.796991e-01  8.624171e-01 -8.971615e-01  7.676755e-01
 8.274981e-01  7.507831e-01 -1.187934e+00  2.756613e-01
 1.315121e+00  9.226028e-01 -2.417355e-01  2.787850e-01
 9.591002e-01  7.006631e-01 -2.147043e-01  2.136369e-01
 1.331315e+00  8.334662e-01 -7.433855e-01  3.018598e-01
 9.096528e-01  7.081778e-01 -6.760731e-01  2.092991e-01
 1.639894e+00  2.945426e-01 -2.707035e-01  2.947731e-01
 1.188305e+00  2.881139e-01 -2.982520e-01  1.225366e+00
 1.106597e+00  2.986715e-01 -1.045503e+00  8.351908e-01
 1.147005e+00  2.606042e-01 -1.116466e+00  2.536780e-01
 1.182586e+00  2.433019e-01 -2.007397e-01  6.236497e-01
 1.080066e+00  2.303055e-01 -2.102329e-01  2.007082e-01
 1.221840e+00  2.585382e-01 -6.310365e-01  6.237763e-01
 1.092938e+00  2.340871e-01 -6.495422e-01  2.047018e-01
 2.202624e-01  6.702989e-01 -2.178827e-01  9.757017e-01
 2.551465e-01  6.768104e-01 -2.580822e-01  1.410175e+00
 2.073067e-01  7.037980e-01 -6.446802e-01  8.801165e-01
 2.265699e-01  2.507289e-01 -1.533372e+00  2.875150e-01
 2.128367e-01  5.807548e-01 -1.820856e-01  5.932816e-01
 2.178477e-01  6.276926e-01 -1.839350e-01  1.984567e-01
 2.084307e-01  6.055921e-01 -5.619925e-01  5.550202e-01
 2.148106e-01  6.229626e-01 -5.643460e-01  1.876219e-01
 2.135091e-01  2.169856e-01 -7.133567e-01  1.149442e+00
 2.195385e-01  1.936185e-01 -2.297585e-01  1.175489e+00
 2.088414e-01  2.423916e-01 -9.702778e-01  7.121884e-01
 2.072864e-01  2.428583e-01 -1.060906e+00  2.356591e-01
 2.159932e-01  1.856693e-01 -1.947326e-01  6.357301e-01
 1.998608e-01  1.907619e-01 -1.988230e-01  2.024291e-01
 2.109688e-01  1.917485e-01 -5.814933e-01  6.044608e-01
 1.980203e-01  1.977595e-01 -6.265332e-01  2.001695e-01
 7.035874e-01  6.868143e-01 -2.242715e-01  1.001947e+00
 3.038033e-01  2.721511e-01 -3.268318e-01  1.717108e+00
 6.607978e-01  6.887481e-01 -6.785691e-01  9.059489e-01
 7.071408e-01  2.840335e-01 -1.525190e+00  3.195006e-01
 6.448522e-01  5.705667e-01 -1.871263e-01  6.254835e-01
 6.091086e-01  5.174751e-01 -1.936436e-01  2.076405e-01
 6.198239e-01  5.529244e-01 -5.685901e-01  5.933291e-01
 5.985588e-01  5.127954e-01 -5.953018e-01  2.063296e-01
 6.852571e-01  2.424336e-01 -7.691891e-01  1.274223e+00
 6.772473e-01  2.168471e-01 -2.452077e-01  1.296079e+00
 6.481999e-01  2.403206e-01 -9.917353e-01  7.513409e-01
 6.314710e-01  2.144563e-01 -1.067017e+00  2.423715e-01
 6.861356e-01  1.833324e-01 -1.948563e-01  6.933001e-01
 6.341358e-01  1.680271e-01 -2.030963e-01  2.210237e-01
 6.832607e-01  1.838012e-01 -5.903115e-01  6.598324e-01
 6.351442e-01  1.749502e-01 -6.339590e-01  2.156980e-01
 2.802761e-01  7.943544e-01 -9.237648e-01 -1.365656e+00
 2.848142e-01  1.191037e+00 -3.104949e-01 -1.202983e+00
 2.754690e-01  2.899837e-01 -1.436958e+00 -1.028181e+00
 3.294404e-01  8.739267e-01 -1.509323e+00 -2.728545e-01
 8.922336e-01  1.358014e+00 -2.525121e-01 -2.626618e-01
 5.824858e-01  1.029760e+00 -2.145808e-01 -2.320032e-01
 7.929086e-01  1.343935e+00 -7.861208e-01 -2.938676e-01
 5.312107e-01  9.984072e-01 -6.536999e-01 -2.264027e-01
 2.932499e-01  1.620998e+00 -3.521727e-01 -6.797470e-01
 2.362960e-01  1.207049e+00 -2.265108e-01 -6.851809e-01
 2.479084e-01  6.912079e-01 -1.194047e+00 -7.558573e-01
 2.186030e-01  7.150913e-01 -1.121158e+00 -2.391531e-01
 3.080545e-01  1.595592e+00 -2.817937e-01 -2.166625e-01
 1.913368e-01  1.162395e+00 -2.366499e-01 -2.367390e-01
 2.935503e-01  1.244251e+00 -9.650601e-01 -6.762102e-01
 1.950328e-01  1.145578e+00 -8.007762e-01 -2.403267e-01
 1.172291e+00  8.334605e-01 -2.663811e-01 -7.892194e-01
 8.332911e-01  1.225240e+00 -2.842124e-01 -9.352838e-01
 9.796991e-01  8.624171e-01 -8.971615e-01 -7.676755e-01
 8.274981e-01  7.507831e-01 -1.187934e+00 -2.756613e-01
 1.315121e+00  9.226028e-01 -2.417355e-01 -2.787850e-01
 9.591002e-01  7.006631e-01 -2.147043e-01 -2.136369e-01
 1.331315e+00  8.334662e-01 -7.433855e-01 -3.018598e-01
 9.096528e-01  7.081778e-01 -6.760731e-01 -2.092991e-01
 1.639894e+00  2.945426e-01 -2.707035e-01 -2.947731e-01
 1.188305e+00  2.881139e-01 -2.982520e-01 -1.225366e+00
 1.106597e+00  2.986715e-01 -1.045503e+00 -8.351908e-01
 1.147005e+00  2.606042e-01 -1.116466e+00 -2.536780e-01
 1.182586e+00  2.433019e-01 -2.007397e-01 -6.236497e-01
 1.080066e+00  2.303055e-01 -2.102329e-01 -2.007082e-01
 1.221840e+00  2.585382e-01 -6.310365e-01 -6.237763e-01
 1.092938e+00  2.340871e-01 -6.495422e-01 -2.047018e-01
 2.202624e-01  6.702989e-01 -2.178827e-01 -9.757017e-01
 2.551465e-01  6.768104e-01 -2.580822e-01 -1.410175e+00
 2.073067e-01  7.037980e-01 -6.446802e-01 -8.801165e-01
 2.265699e-01  2.507289e-01 -1.533372e+00 -2.875150e-01
 2.128367e-01  5.807548e-01 -1.820856e-01 -5.932816e-01
 2.178477e-01  6.276926e-01 -1.839350e-01 -1.984567e-01
 2.084307e-01  6.055921e-01 -5.619925e-01 -5.550202e-01
 2.148106e-01  6.229626e-01 -5.643460e-01 -1.876219e-01
 2.135091e-01  2.169856e-01 -7.133567e-01 -1.149442e+00
 2.195385e-01  1.936185e-01 -2.297585e-01 -1.175489e+00
 2.088414e-01  2.423916e-01 -9.702778e-01 -7.121884e-01
 2.072864e-01  2.428583e-01 -1.060906e+00 -2.356591e-01
 2.159932e-01  1.856693e-01 -1.947326e-01 -6.357301e-01
 1.998608e-01  1.907619e-01 -1.988230e-01 -2.024291e-01
 2.109688e-01  1.917485e-01 -5.814933e-01 -6.044608e-01
 1.980203e-01  1.977595e-01 -6.265332e-01 -2.001695e-01
 7.035874e-01  6.868143e-01 -2.242715e-01 -1.001947e+00
 3.038033e-01  2.721511e-01 -3.268318e-01 -1.717108e+00
 6.607978e-01  6.887481e-01 -6.785691e-01 -9.059489e-01
 7.071408e-01  2.840335e-01 -1.525190e+00 -3.195006e-01
 6.448522e-01  5.705667e-01 -1.871263e-01 -6.254835e-01
 6.091086e-01  5.174751e-01 -1.936436e-01 -2.076405e-01
 6.198239e-01  5.529244e-01 -5.685901e-01 -5.933291e-01
 5.985588e-01  5.127954e-01 -5.953018e-01 -2.063296e-01
 6.852571e-01  2.424336e-01 -7.691891e-01 -1.274223e+00
 6.772473e-01  2.168471e-01 -2.452077e-01 -1.296079e+00
 6.481999e-01  2.403206e-01 -9.917353e-01 -7.513409e-01
 6.314710e-01  2.144563e-01 -1.067017e+00 -2.423715e-01
 6.861356e-01  1.833324e-01 -1.948563e-01 -6.933001e-01
 6.341358e-01  1.680271e-01 -2.030963e-01 -2.210237e-01
 6.832607e-01  1.838012e-01 -5.903115e-01 -6.598324e-01
 6.351442e-01  1.749502e-01 -6.339590e-01 -2.156980e-01
 2.802761e-01 -7.943544e-01  9.237648e-01  1.365656e+00
 2.848142e-01 -1.191037e+00  3.104949e-01  1.202983e+00
 2.754690e-01 -2.899837e-01  1.436958e+00  1.028181e+00
 3.294404e-01 -8.739267e-01  1.509323e+00  2.728545e-01
 8.922336e-01 -1.358014e+00  2.525121e-01  2.626618e-01
 5.824858e-01 -1.029760e+00  2.145808e-01  2.320032e-01
 7.929086e-01 -1.343935e+00  7.861208e-01  2.938676e-01
 5.312107e-01 -9.984072e-01  6.536999e-01  2.264027e-01
 2.932499e-01 -1.620998e+00  3.521727e-01  6.797470e-01
 2.362960e-01 -1.207049e+00  2.265108e-01  6.851809e-01
 2.479084e-01 -6.912079e-01  1.194047e+00  7.558573e-01
 2.186030e-01 -7.150913e-01  1.121158e+00  2.391531e-01
 3.080545e-01 -1.595592e+00  2.817937e-01  2.166625e-01
 1.913368e-01 -1.162395e+00  2.366499e-01  2.367390e-01
 2.935503e-01 -1.244251e+00  9.650601e-01  6.762102e-01
 1.950328e-01 -1.145578e+00  8.007762e-01  2.403267e-01
 1.172291e+00 -8.334605e-01  2.663811e-01  7.892194e-01
 8.332911e-01 -1.225240e+00  2.842124e-01  9.352838e-01
 9.796991e-01 -8.624171e-01  8.971615e-01  7.676755e-01
 8.274981e-01 -7.507831e-01  1.187934e+00  2.756613e-01
 1.315121e+00 -9.226028e-01  2.417355e-01  2.787850e-01
 9.591002e-01 -7.006631e-01  2.147043e-01  2.136369e-01
 1.331315e+00 -8.334662e-01  7.433855e-01  3.018598e-01
 9.096528e-01 -7.081778e-01  6.760731e-01  2.092991e-01
 1.639894e+00 -2.945426e-01  2.707035e-01  2.947731e-01
 1.188305e+00 -2.881139e-01  2.982520e-01  1.225366e+00
 1.106597e+00 -2.986715e-01  1.045503e+00  8.351908e-01
 1.147005e+00 -2.606042e-01  1.116466e+00  2.536780e-01
 1.182586e+00 -2.433019e-01  2.007397e-01  6.236497e-01
 1.080066e+00 -2.303055e-01  2.102329e-01  2.007082e-01
 1.221840e+00 -2.585382e-01  6.310365e-01  6.237763e-01
 1.092938e+00 -2.340871e-01  6.495422e-01  2.047018e-01
 2.202624e-01 -6.702989e-01  2.178827e-01  9.757017e-01
 2.551465e-01 -6.768104e-01  2.580822e-01  1.410175e+00
 2.073067e-01 -7.037980e-01  6.446802e-01  8.801165e-01
 2.265699e-01 -2.507289e-01  1.533372e+00  2.875150e-01
 2.128367e-01 -5.807548e-01  1.820856e-01  5.932816e-01
 2.178477e-01 -6.276926e-01  1.839350e-01  1.984567e-01
 2.084307e-01 -6.055921e-01  5.619925e-01  5.550202e-01
 2.148106e-01 -6.229626e-01  5.643460e-01  1.876219e-01
 2.135091e-01 -2.169856e-01  7.133567e-01  1.149442e+00
 2.195385e-01 -1.936185e-01  2.297585e-01  1.175489e+00
 2.088414e-01 -2.423916e-01  9.702778e-01  7.121884e-01
 2.072864e-01 -2.428583e-01  1.060906e+00  2.356591e-01
 2.159932e-01 -1.856693e-01  1.947326e-01  6.357301e-01
 1.998608e-01 -1.907619e-01  1.988230e-01  2.024291e-01
 2.109688e-01 -1.917485e-01  5.814933e-01  6.044608e-01
 1.980203e-01 -1.977595e-01  6.265332e-01  2.001695e-01
 7.035874e-01 -6.868143e-01  2.242715e-01  1.001947e+00
 3.038033e-01 -2.721511e-01  3.268318e-01  1.717108e+00
 6.607978e-01 -6.887481e-01  6.785691e-01  9.059489e-01
 7.071408e-01 -2.840335e-01  1.525190e+00  3.195006e-01
 6.448522e-01 -5.705667e-01  1.871263e-01  6.254835e-01
 6.091086e-01 -5.174751e-01  1.936436e-01  2.076405e-01
 6.198239e-01 -5.529244e-01  5.685901e-01  5.933291e-01
 5.985588e-01 -5.127954e-01  5.953018e-01  2.063296e-01
 6.852571e-01 -2.424336e-01  7.691891e-01  1.274223e+00
 6.772473e-01 -2.168471e-01  2.452077e-01  1.296079e+00
 6.481999e-01 -2.403206e-01  9.917353e-01  7.513409e-01
 6.314710e-01 -2.144563e-01  1.067017e+00  2.423715e-01
 6.861356e-01 -1.833324e-01  1.948563e-01  6.933001e-01
 6.341358e-01 -1.680271e-01  2.030963e-01  2.210237e-01
 6.832607e-01 -1.838012e-01  5.903115e-01  6.598324e-01
 6.351442e-01 -1.749502e-01  6.339590e-01  2.156980e-01
 2.802761e-01 -7.943544e-01  9.237648e-01 -1.365656e+00
 2.848142e-01 -1.191037e+00  3.104949e-01 -1.202983e+00
 2.754690e-01 -2.899837e-01  1.436958e+00 -1.028181e+00
 3.294404e-01 -8.739267e-01  1.509323e+00 -2.728545e-01
 8.922336e-01 -1.358014e+00  2.525121e-01 -2.626618e-01
 5.824858e-01 -1.029760e+00  2.145808e-01 -2.320032e-01
 7.929086e-01 -1.343935e+00  7.861208e-01 -2.938676e-01
 5.312107e-01 -9.984072e-01  6.536999e-01 -2.264027e-01
 2.932499e-01 -1.620998e+00  3.521727e-01 -6.797470e-01
 2.362960e-01 -1.207049e+00  2.265108e-01 -6.851809e-01
 2.479084e-01 -6.912079e-01  1.194047e+00 -7.558573e-01
 2.186030e-01 -7.150913e-01  1.121158e+00 -2.391531e-01
 3.080545e-01 -1.595592e+00  2.817937e-01 -2.166625e-01
 1.913368e-01 -1.162395e+00  2.366499e-01 -2.367390e-01
 2.935503e-01 -1.244251e+00  9.650601e-01 -6.762102e-01
 1.950328e-01 -1.145578e+00  8.007762e-01 -2.403267e-01
 1.172291e+00 -8.334605e-01  2.663811e-01 -7.892194e-01
 8.332911e-01 -1.225240e+00  2.842124e-01 -9.352838e-01
 9.796991e-01 -8.624171e-01  8.971615e-01 -7.676755e-01
 8.274981e-01 -7.507831e-01  1.187934e+00 -2.756613e-01
 1.315121e+00 -9.226028e-01  2.417355e-01 -2.787850e-01
 9.591002e-01 -7.006631e-01  2.147043e-01 -2.136369e-01
 1.331315e+00 -8.334662e-01  7.433855e-01 -3.018598e-01
 9.096528e-01 -7.081778e-01  6.760731e-01 -2.092991e-01
 1.639894e+00 -2.945426e-01  2.707035e-01 -2.947731e-01
 1.188305e+00 -2.881139e-01  2.982520e-01 -1.225366e+00
 1.106597e+00 -2.986715e-01  1.045503e+00 -8.351908e-01
 1.147005e+00 -2.606042e-01  1.116466e+00 -2.536780e-01
 1.182586e+00 -2.433019e-01  2.007397e-01 -6.236497e-01
 1.080066e+00 -2.303055e-01  2.102329e-01 -2.007082e-01
 1.221840e+00 -2.585382e-01  6.310365e-01 -6.237763e-01
 1.092938e+00 -2.340871e-01  6.495422e-01 -2.047018e-01
 2.202624e-01 -6.702989e-01  2.178827e-01 -9.757017e-01
 2.551465e-01 -6.768104e-01  2.580822e-01 -1.410175e+00
 2.073067e-01 -7.037980e-01  6.446802e-01 -8.801165e-01
 2.265699e-01 -2.507289e-01  1.533372e+00 -2.875150e-01
 2.128367e-01 -5.807548e-01  1.820856e-01 -5.932816e-01
 2.178477e-01 -6.276926e-01  1.839350e-01 -1.984567e-01
 2.084307e-01 -6.055921e-01  5.619925e-01 -5.550202e-01
 2.148106e-01 -6.229626e-01  5.643460e-01 -1.876219e-01
 2.135091e-01 -2.169856e-01  7.133567e-01 -1.149442e+00
 2.195385e-01 -1.936185e-01  2.297585e-01 -1.175489e+00
 2.088414e-01 -2.423916e-01  9.702778e-01 -7.121884e-01
 2.072864e-01 -2.428583e-01  1.060906e+00 -2.356591e-01
 2.159932e-01 -1.856693e-01  1.947326e-01 -6.357301e-01
 1.998608e-01 -1.907619e-01  1.988230e-01 -2.024291e-01
 2.109688e-01 -1.917485e-01  5.814933e-01 -6.044608e-01
 1.980203e-01 -1.977595e-01  6.265332e-01 -2.001695e-01
 7.035874e-01 -6.868143e-01  2.242715e-01 -1.001947e+00
 3.038033e-01 -2.721511e-01  3.268318e-01 -1.717108e+00
 6.607978e-01 -6.887481e-01  6.785691e-01 -9.059489e-01
 7.071408e-01 -2.840335e-01  1.525190e+00 -3.195006e-01
 6.448522e-01 -5.705667e-01  1.871263e-01 -6.254835e-01
 6.091086e-01 -5.174751e-01  1.936436e-01 -2.076405e-01
 6.198239e-01 -5.529244e-01  5.685901e-01 -5.933291e-01
 5.985588e-01 -5.127954e-01  5.953018e-01 -2.063296e-01
 6.852571e-01 -2.424336e-01  7.691891e-01 -1.274223e+00
 6.772473e-01 -2.168471e-01  2.452077e-01 -1.296079e+00
 6.481999e-01 -2.403206e-01  9.917353e-01 -7.513409e-01
 6.314710e-01 -2.144563e-01  1.067017e+00 -2.423715e-01
 6.861356e-01 -1.833324e-01  1.948563e-01 -6.933001e-01
 6.341358e-01 -1.680271e-01  2.030963e-01 -2.210237e-01
 6.832607e-01 -1.838012e-01  5.903115e-01 -6.598324e-01
 6.351442e-01 -1.749502e-01  6.339590e-01 -2.156980e-01
 2.802761e-01 -7.943544e-01 -9.237648e-01  1.365656e+00
 2.848142e-01 -1.191037e+00 -3.104949e-01  1.202983e+00
 2.754690e-01 -2.899837e-01 -1.436958e+00  1.028181e+00
 3.294404e-01 -8.739267e-01 -1.509323e+00  2.728545e-01
 8.922336e-01 -1.358014e+00 -2.525121e-01  2.626618e-01
 5.824858e-01 -1.029760e+00 -2.145808e-01  2.320032e-01
 7.929086e-01 -1.343935e+00 -7.861208e-01  2.938676e-01
 5.312107e-01 -9.984072e-01 -6.536999e-01  2.264027e-01
 2.932499e-01 -1.620998e+00 -3.521727e-01  6.797470e-01
 2.362960e-01 -1.207049e+00 -2.265108e-01  6.851809e-01
 2.479084e-01 -6.912079e-01 -1.194047e+00  7.558573e-01
 2.186030e-01 -7.150913e-01 -1.121158e+00  2.391531e-01
 3.080545e-01 -1.595592e+00 -2.817937e-01  2.166625e-01
 1.913368e-01 -1.162395e+00 -2.366499e-01  2.367390e-01
 2.935503e-01 -1.244251e+00 -9.650601e-01  6.762102e-01
 1.950328e-01 -1.145578e+00 -8.007762e-01  2.403267e-01
 1.172291e+00 -8.334605e-01 -2.663811e-01  7.892194e-01
 8.332911e-01 -1.225240e+00 -2.842124e-01  9.352838e-01
 9.796991e-01 -8.624171e-01 -8.971615e-01  7.676755e-01
 8.274981e-01 -7.507831e-01 -1.187934e+00  2.756613e-01
 1.315121e+00 -9.226028e-01 -2.417355e-01  2.787850e-01
 9.591002e-01 -7.006631e-01 -2.147043e-01  2.136369e-01
 1.331315e+00 -8.334662e-01 -7.433855e-01  3.018598e-01
 9.096528e-01 -7.081778e-01 -6.760731e-01  2.092991e-01
 1.639894e+00 -2.945426e-01 -2.707035e-01  2.947731e-01
 1.188305e+00 -2.881139e-01 -2.982520e-01  1.225366e+00
 1.106597e+00 -2.986715e-01 -1.045503e+00  8.351908e-01
 1.147005e+00 -2.606042e-01 -1.116466e+00  2.536780e-01
 1.182586e+00 -2.433019e-01 -2.007397e-01  6.236497e-01
 1.080066e+00 -2.303055e-01 -2.102329e-01  2.007082e-01
 1.221840e+00 -2.585382e-01 -6.310365e-01  6.237763e-01
 1.092938e+00 -2.340871e-01 -6.495422e-01  2.047018e-01
 2.202624e-01 -6.702989e-01 -2.178827e-01  9.757017e-01
 2.551465e-01 -6.768104e-01 -2.580822e-01  1.410175e+00
 2.073067e-01 -7.037980e-01 -6.446802e-01  8.801165e-01
 2.265699e-01 -2.507289e-01 -1.533372e+00  2.875150e-01
 2.128367e-01 -5.807548e-01 -1.820856e-01  5.932816e-01
 2.178477e-01 -6.276926e-01 -1.839350e-01  1.984567e-01
 2.084307e-01 -6.055921e-01 -5.619925e-01  5.550202e-01
 2.148106e-01 -6.229626e-01 -5.643460e-01  1.876219e-01
 2.135091e-01 -2.169856e-01 -7.133567e-01  1.149442e+00
 2.195385e-01 -1.936185e-01 -2.297585e-01  1.175489e+00
 2.088414e-01 -2.423916e-01 -9.702778e-01  7.121884e-01
 2.072864e-01 -2.428583e-01 -1.060906e+00  2.356591e-01
 2.159932e-01 -1.856693e-01 -1.947326e-01  6.357301e-01
 1.998608e-01 -1.907619e-01 -1.988230e-01  2.024291e-01
 2.109688e-01 -1.917485e-01 -5.814933e-01  6.044608e-01
 1.980203e-01 -1.977595e-01 -6.265332e-01  2.001695e-01
 7.035874e-01 -6.868143e-01 -2.242715e-01  1.001947e+00
 3.038033e-01 -2.721511e-01 -3.268318e-01  1.717108e+00
 6.607978e-01 -6.887481e-01 -6.785691e-01  9.059489e-01
 7.071408e-01 -2.840335e-01 -1.525190e+00  3.195006e-01
 6.448522e-01 -5.705667e-01 -1.871263e-01  6.254835e-01
 6.091086e-01 -5.174751e-01 -1.936436e-01  2.076405e-01
 6.198239e-01 -5.529244e-01 -5.685901e-01  5.933291e-01
 5.985588e-01 -5.127954e-01 -5.953018e-01  2.063296e-01
 6.852571e-01 -2.424336e-01 -7.691891e-01  1.274223e+00
 6.772473e-01 -2.168471e-01 -2.452077e-01  1.296079e+00
 6.481999e-01 -2.403206e-01 -9.917353e-01  7.513409e-01
 6.314710e-01 -2.144563e-01 -1.067017e+00  2.423715e-01
 6.861356e-01 -1.833324e-01 -1.948563e-01  6.933001e-01
 6.341358e-01 -1.680271e-01 -2.030963e-01  2.210237e-01
 6.832607e-01 -1.838012e-01 -5.903115e-01  6.598324e-01
 6.351442e-01 -1.749502e-01 -6.339590e-01  2.156980e-01
 2.802761e-01 -7.943544e-01 -9.237648e-01 -1.365656e+00
 2.848142e-01 -1.191037e+00 -3.104949e-01 -1.202983e+00
 2.754690e-01 -2.899837e-01 -1.436958e+00 -1.028181e+00
 3.294404e-01 -8.739267e-01 -1.509323e+00 -2.728545e-01
 8.922336e-01 -1.358014e+00 -2.525121e-01 -2.626618e-01
 5.824858e-01 -1.029760e+00 -2.145808e-01 -2.320032e-01
 7.929086e-01 -1.343935e+00 -7.861208e-01 -2.938676e-01
 5.312107e-01 -9.984072e-01 -6.536999e-01 -2.264027e-01
 2.932499e-01 -1.620998e+00 -3.521727e-01 -6.797470e-01
 2.362960e-01 -1.207049e+00 -2.265108e-01 -6.851809e-01
 2.479084e-01 -6.912079e-01 -1.194047e+00 -7.558573e-01
 2.186030e-01 -7.150913e-01 -1.121158e+00 -2.391531e-01
 3.080545e-01 -1.595592e+00 -2.817937e-01 -2.166625e-01
 1.913368e-01 -1.162395e+00 -2.366499e-01 -2.367390e-01
 2.935503e-01 -1.244251e+00 -9.650601e-01 -6.762102e-01
 1.950328e-01 -1.145578e+00 -8.007762e-01 -2.403267e-01
 1.172291e+00 -8.334605e-01 -2.663811e-01 -7.892194e-01
 8.332911e-01 -1.225240e+00 -2.842124e-01 -9.352838e-01
 9.796991e-01 -8.624171e-01 -8.971615e-01 -7.676755e-01
 8.274981e-01 -7.507831e-01 -1.187934e+00 -2.756613e-01
 1.315121e+00 -9.226028e-01 -2.417355e-01 -2.787850e-01
 9.591002e-01 -7.006631e-01 -2.147043e-01 -2.136369e-01
 1.331315e+00 -8.334662e-01 -7.433855e-01 -3.018598e-01
 9.096528e-01 -7.081778e-01 -6.760731e-01 -2.092991e-01
 1.639894e+00 -2.945426e-01 -2.707035e-01 -2.947731e-01
 1.188305e+00 -2.881139e-01 -2.982520e-01 -1.225366e+00
 1.106597e+00 -2.986715e-01 -1.045503e+00 -8.351908e-01
 1.147005e+00 -2.606042e-01 -1.116466e+00 -2.536780e-01
 1.182586e+00 -2.433019e-01 -2.007397e-01 -6.236497e-01
 1.080066e+00 -2.303055e-01 -2.102329e-01 -2.007082e-01
 1.221840e+00 -2.585382e-01 -6.310365e-01 -6.237763e-01
 1.092938e+00 -2.340871e-01 -6.495422e-01 -2.047018e-01
 2.202624e-01 -6.702989e-01 -2.178827e-01 -9.757017e-01
 2.551465e-01 -6.768104e-01 -2.580822e-01 -1.410175e+00
 2.073067e-01 -7.037980e-01 -6.446802e-01 -8.801165e-01
 2.265699e-01 -2.507289e-01 -1.533372e+00 -2.875150e-01
 2.128367e-01 -5.807548e-01 -1.820856e-01 -5.932816e-01
 2.178477e-01 -6.276926e-01 -1.839350e-01 -1.984567e-01
 2.084307e-01 -6.055921e-01 -5.619925e-01 -5.550202e-01
 2.148106e-01 -6.229626e-01 -5.643460e-01 -1.876219e-01
 2.135091e-01 -2.169856e-01 -7.133567e-01 -1.149442e+00
 2.195385e-01 -1.936185e-01 -2.297585e-01 -1.175489e+00
 2.088414e-01 -2.423916e-01 -9.702778e-01 -7.121884e-01
 2.072864e-01 -2.428583e-01 -1.060906e+00 -2.356591e-01
 2.159932e-01 -1.856693e-01 -1.947326e-01 -6.357301e-01
 1.998608e-01 -1.907619e-01 -1.988230e-01 -2.024291e-01
 2.109688e-01 -1.917485e-01 -5.814933e-01 -6.044608e-01
 1.980203e-01 -1.977595e-01 -6.265332e-01 -2.001695e-01
 7.035874e-01 -6.868143e-01 -2.242715e-01 -1.001947e+00
 3.038033e-01 -2.721511e-01 -3.268318e-01 -1.717108e+00
 6.607978e-01 -6.887481e-01 -6.785691e-01 -9.059489e-01
 7.071408e-01 -2.840335e-01 -1.525190e+00 -3.195006e-01
 6.448522e-01 -5.705667e-01 -1.871263e-01 -6.254835e-01
 6.091086e-01 -5.174751e-01 -1.936436e-01 -2.076405e-01
 6.198239e-01 -5.529244e-01 -5.685901e-01 -5.933291e-01
 5.985588e-01 -5.127954e-01 -5.953018e-01 -2.063296e-01
 6.852571e-01 -2.424336e-01 -7.691891e-01 -1.274223e+00
 6.772473e-01 -2.168471e-01 -2.452077e-01 -1.296079e+00
 6.481999e-01 -2.403206e-01 -9.917353e-01 -7.513409e-01
 6.314710e-01 -2.144563e-01 -1.067017e+00 -2.423715e-01
 6.861356e-01 -1.833324e-01 -1.948563e-01 -6.933001e-01
 6.341358e-01 -1.680271e-01 -2.030963e-01 -2.210237e-01
 6.832607e-01 -1.838012e-01 -5.903115e-01 -6.598324e-01
 6.351442e-01 -1.749502e-01 -6.339590e-01 -2.156980e-01
-2.802761e-01  7.943544e-01  9.237648e-01  1.365656e+00
-2.848142e-01  1.191037e+00  3.104949e-01  1.202983e+00
-2.754690e-01  2.899837e-01  1.436958e+00  1.028181e+00
-3.294404e-01  8.739267e-01  1.509323e+00  2.728545e-01
-8.922336e-01  1.358014e+00  2.525121e-01  2.626618e-01
-5.824858e-01  1.029760e+00  2.145808e-01  2.320032e-01
-7.929086e-01  1.343935e+00  7.861208e-01  2.938676e-01
-5.312107e-01  9.984072e-01  6.536999e-01  2.264027e-01
-2.932499e-01  1.620998e+00  3.521727e-01  6.797470e-01
-2.362960e-01  1.207049e+00  2.265108e-01  6.851809e-01
-2.479084e-01  6.912079e-01  1.194047e+00  7.558573e-01
-2.186030e-01  7.150913e-01  1.121158e+00  2.391531e-01
-3.080545e-01  1.595592e+00  2.817937e-01  2.166625e-01
-1.913368e-01  1.162395e+00  2.366499e-01  2.367390e-01
-2.935503e-01  1.244251e+00  9.650601e-01  6.762102e-01
-1.950328e-01  1.145578e+00  8.007762e-01  2.403267e-01
-1.172291e+00  8.334605e-01  2.663811e-01  7.892194e-01
-8.332911e-01  1.225240e+00  2.842124e-01  9.352838e-01
-9.796991e-01  8.624171e-01  8.971615e-01  7.676755e-01
-8.274981e-01  7.507831e-01  1.187934e+00  2.756613e-01
-1.315121e+00  9.226028e-01  2.417355e-01  2.787850e-01
-9.591002e-01  7.006631e-01  2.147043e-01  2.136369e-01
-1.331315e+00  8.334662e-01  7.433855e-01  3.018598e-01
-9.096528e-01  7.081778e-01  6.760731e-01  2.092991e-01
-1.639894e+00  2.945426e-01  2.707035e-01  2.947731e-01
-1.188305e+00  2.881139e-01  2.982520e-01  1.225366e+00
-1.106597e+00  2.986715e-01  1.045503e+00  8.351908e-01
-1.147005e+00  2.606042e-01  1.116466e+00  2.536780e-01
-1.182586e+00  2.433019e-01  2.007397e-01  6.236497e-01
-1.080066e+00  2.303055e-01  2.102329e-01  2.007082e-01
-1.221840e+00  2.585382e-01  6.310365e-01  6.237763e-01
-1.092938e+00  2.340871e-01  6.495422e-01  2.047018e-01
-2.202624e-01  6.702989e-01  2.178827e-01  9.757017e-01
-2.551465e-01  6.768104e-01  2.580822e-01  1.410175e+00
-2.073067e-01  7.037980e-01  6.446802e-01  8.801165e-01
-2.265699e-01  2.507289e-01  1.533372e+00  2.875150e-01
-2.128367e-01  5.807548e-01  1.820856e-01  5.932816e-01
-2.178477e-01  6.276926e-01  1.839350e-01  1.984567e-01
-2.084307e-01  6.055921e-01  5.619925e-01  5.550202e-01
-2.148106e-01  6.229626e-01  5.643460e-01  1.876219e-01
-2.135091e-01  2.169856e-01  7.133567e-01  1.149442e+00
-2.195385e-01  1.936185e-01  2.297585e-01  1.175489e+00
-2.088414e-01  2.423916e-01  9.702778e-01  7.121884e-01
-2.072864e-01  2.428583e-01  1.060906e+00  2.356591e-01
-2.159932e-01  1.856693e-01  1.947326e-01  6.357301e-01
-1.998608e-01  1.907619e-01  1.988230e-01  2.024291e-01
-2.109688e-01  1.917485e-01  5.814933e-01  6.044608e-01
-1.980203e-01  1.977595e-01  6.265332e-01  2.001695e-01
-7.035874e-01  6.868143e-01  2.242715e-01  1.001947e+00
-3.038033e-01  2.721511e-01  3.268318e-01  1.717108e+00
-6.607978e-01  6.887481e-01  6.785691e-01  9.059489e-01
-7.071408e-01  2.840335e-01  1.525190e+00  3.195006e-01
-6.448522e-01  5.705667e-01  1.871263e-01  6.254835e-01
-6.091086e-01  5.174751e-01  1.936436e-01  2.076405e-01
-6.198239e-01  5.529244e-01  5.685901e-01  5.933291e-01
-5.985588e-01  5.127954e-01  5.953018e-01  2.063296e-01
-6.852571e-01  2.424336e-01  7.691891e-01  1.274223e+00
-6.772473e-01  2.168471e-01  2.452077e-01  1.296079e+00
-6.481999e-01  2.403206e-01  9.917353e-01  7.513409e-01
-6.314710e-01  2.144563e-01  1.067017e+00  2.423715e-01
-6.861356e-01  1.833324e-01  1.948563e-01  6.933001e-01
-6.341358e-01  1.680271e-01  2.030963e-01  2.210237e-01
-6.832607e-01  1.838012e-01  5.903115e-01  6.598324e-01
-6.351442e-01  1.749502e-01  6.339590e-01  2.156980e-01
-2.802761e-01  7.943544e-01  9.237648e-01 -1.365656e+00
-2.848142e-01  1.191037e+00  3.104949e-01 -1.202983e+00
-2.754690e-01  2.899837e-01  1.436958e+00 -1.028181e+00
-3.294404e-01  8.739267e-01  1.509323e+00 -2.728545e-01
-8.922336e-01  1.358014e+00  2.525121e-01 -2.626618e-01
-5.824858e-01  1.029760e+00  2.145808e-01 -2.320032e-01
-7.929086e-01  1.343935e+00  7.861208e-01 -2.938676e-01
-5.312107e-01  9.984072e-01  6.536999e-01 -2.264027e-01
-2.932499e-01  1.620998e+00  3.521727e-01 -6.797470e-01
-2.362960e-01  1.207049e+00  2.265108e-01 -6.851809e-01
-2.479084e-01  6.912079e-01  1.194047e+00 -7.558573e-01
-2.186030e-01  7.150913e-01  1.121158e+00 -2.391531e-01
-3.080545e-01  1.595592e+00  2.817937e-01 -2.166625e-01
-1.913368e-01  1.162395e+00  2.366499e-01 -2.367390e-01
-2.935503e-01  1.244251e+00  9.650601e-01 -6.762102e-01
-1.950328e-01  1.145578e+00  8.007762e-01 -2.403267e-01
-1.172291e+00  8.334605e-01  2.663811e-01 -7.892194e-01
-8.332911e-01  1.225240e+00  2.842124e-01 -9.352838e-01
-9.796991e-01  8.624171e-01  8.971615e-01 -7.676755e-01
-8.274981e-01  7.507831e-01  1.187934e+00 -2.756613e-01
-1.315121e+00  9.226028e-01  2.417355e-01 -2.787850e-01
-9.591002e-01  7.006631e-01  2.147043e-01 -2.136369e-01
-1.331315e+00  8.334662e-01  7.433855e-01 -3.018598e-01
-9.096528e-01  7.081778e-01  6.760731e-01 -2.092991e-01
-1.639894e+00  2.945426e-01  2.707035e-01 -2.947731e-01
-1.188305e+00  2.881139e-01  2.982520e-01 -1.225366e+00
-1.106597e+00  2.986715e-01  1.045503e+00 -8.351908e-01
-1.147005e+00  2.606042e-01  1.116466e+00 -2.536780e-01
-1.182586e+00  2.433019e-01  2.007397e-01 -6.236497e-01
-1.080066e+00  2.303055e-01  2.102329e-01 -2.007082e-01
-1.221840e+00  2.585382e-01  6.310365e-01 -6.237763e-01
-1.092938e+00  2.340871e-01  6.495422e-01 -2.047018e-01
-2.202624e-01  6.702989e-01  2.178827e-01 -9.757017e-01
-2.551465e-01  6.768104e-01  2.580822e-01 -1.410175e+00
-2.073067e-01  7.037980e-01  6.446802e-01 -8.801165e-01
-2.265699e-01  2.507289e-01  1.533372e+00 -2.875150e-01
-2.128367e-01  5.807548e-01  1.820856e-01 -5.932816e-01
-2.178477e-01  6.276926e-01  1.839350e-01 -1.984567e-01
-2.084307e-01  6.055921e-01  5.619925e-01 -5.550202e-01
-2.148106e-01  6.229626e-01  5.643460e-01 -1.876219e-01
-2.135091e-01  2.169856e-01  7.133567e-01 -1.149442e+00
-2.195385e-01  1.936185e-01  2.297585e-01 -1.175489e+00
-2.088414e-01  2.423916e-01  9.702778e-01 -7.121884e-01
-2.072864e-01  2.428583e-01  1.060906e+00 -2.356591e-01
-2.159932e-01  1.856693e-01  1.947326e-01 -6.357301e-01
-1.998608e-01  1.907619e-01  1.988230e-01 -2.024291e-01
-2.109688e-01  1.917485e-01  5.814933e-01 -6.044608e-01
-1.980203e-01  1.977595e-01  6.265332e-01 -2.001695e-01
-7.035874e-01  6.868143e-01  2.242715e-01 -1.001947e+00
-3.038033e-01  2.721511e-01  3.268318e-01 -1.717108e+00
-6.607978e-01  6.887481e-01  6.785691e-01 -9.059489e-01
-7.071408e-01  2.840335e-01  1.525190e+00 -3.195006e-01
-6.448522e-01  5.705667e-01  1.871263e-01 -6.254835e-01
-6.091086e-01  5.174751e-01  1.936436e-01 -2.076405e-01
-6.198239e-01  5.529244e-01  5.685901e-01 -5.933291e-01
-5.985588e-01  5.127954e-01  5.953018e-01 -2.063296e-01
-6.852571e-01  2.424336e-01  7.691891e-01 -1.274223e+00
-6.772473e-01  2.168471e-01  2.452077e-01 -1.296079e+00
-6.481999e-01  2.403206e-01  9.917353e-01 -7.513409e-01
-6.314710e-01  2.144563e-01  1.067017e+00 -2.423715e-01
-6.861356e-01  1.833324e-01  1.948563e-01 -6.933001e-01
-6.341358e-01  1.680271e-01  2.030963e-01 -2.210237e-01
-6.832607e-01  1.838012e-01  5.903115e-01 -6.598324e-01
-6.351442e-01  1.749502e-01  6.339590e-01 -2.156980e-01
-2.802761e-01  7.943544e-01 -9.237648e-01  1.365656e+00
-2.848142e-01  1.191037e+00 -3.104949e-01  1.202983e+00
-2.754690e-01  2.899837e-01 -1.436958e+00  1.028181e+00
-3.294404e-01  8.739267e-01 -1.509323e+00  2.728545e-01
-8.922336e-01  1.358014e+00 -2.525121e-01  2.626618e-01
-5.824858e-01  1.029760e+00 -2.145808e-01  2.320032e-01
-7.929086e-01  1.343935e+00 -7.861208e-01  2.938676e-01
-5.312107e-01  9.984072e-01 -6.536999e-01  2.264027e-01
-2.932499e-01  1.620998e+00 -3.521727e-01  6.797470e-01
-2.362960e-01  1.207049e+00 -2.265108e-01  6.851809e-01
-2.479084e-01  6.912079e-01 -1.194047e+00  7.558573e-01
-2.186030e-01  7.150913e-01 -1.121158e+00  2.391531e-01
-3.080545e-01  1.595592e+00 -2.817937e-01  2.166625e-01
-1.913368e-01  1.162395e+00 -2.366499e-01  2.367390e-01
-2.935503e-01  1.244251e+00 -9.650601e-01  6.762102e-01
-1.950328e-01  1.145578e+00 -8.007762e-01  2.403267e-01
-1.172291e+00  8.334605e-01 -2.663811e-01  7.892194e-01
-8.332911e-01  1.225240e+00 -2.842124e-01  9.352838e-01
-9.796991e-01  8.624171e-01 -8.971615e-01  7.676755e-01
-8.274981e-01  7.507831e-01 -1.187934e+00  2.756613e-01
-1.315121e+00  9.226028e-01 -2.417355e-01  2.787850e-01
-9.591002e-01  7.006631e-01 -2.147043e-01  2.136369e-01
-1.331315e+00  8.334662e-01 -7.433855e-01  3.018598e-01
-9.096528e-01  7.081778e-01 -6.760731e-01  2.092991e-01
-1.639894e+00  2.945426e-01 -2.707035e-01  2.947731e-01
-1.188305e+00  2.881139e-01 -2.982520e-01  1.225366e+00
-1.106597e+00  2.986715e-01 -1.045503e+00  8.351908e-01
-1.147005e+00  2.606042e-01 -1.116466e+00  2.536780e-01
-1.182586e+00  2.433019e-01 -2.007397e-01  6.236497e-01
-1.080066e+00  2.303055e-01 -2.102329e-01  2.007082e-01
-1.221840e+00  2.585382e-01 -6.310365e-01  6.237763e-01
-1.092938e+00  2.340871e-01 -6.495422e-01  2.047018e-01
-2.202624e-01  6.702989e-01 -2.178827e-01  9.757017e-01
-2.551465e-01  6.768104e-01 -2.580822e-01  1.410175e+00
-2.073067e-01  7.037980e-01 -6.446802e-01  8.801165e-01
-2.265699e-01  2.507289e-01 -1.533372e+00  2.875150e-01
-2.128367e-01  5.807548e-01 -1.820856e-01  5.932816e-01
-2.178477e-01  6.276926e-01 -1.839350e-01  1.984567e-01
-2.084307e-01  6.055921e-01 -5.619925e-01  5.550202e-01
-2.148106e-01  6.229626e-01 -5.643460e-01  1.876219e-01
-2.135091e-01  2.169856e-01 -7.133567e-01  1.149442e+00
-2.195385e-01  1.936185e-01 -2.297585e-01  1.175489e+00
-2.088414e-01  2.423916e-01 -9.702778e-01  7.121884e-01
-2.072864e-01  2.428583e-01 -1.060906e+00  2.356591e-01
-2.159932e-01  1.856693e-01 -1.947326e-01  6.357301e-01
-1.998608e-01  1.907619e-01 -1.988230e-01  2.024291e-01
-2.109688e-01  1.917485e-01 -5.814933e-01  6.044608e-01
-1.980203e-01  1.977595e-01 -6.265332e-01  2.001695e-01
-7.035874e-01  6.868143e-01 -2.242715e-01  1.001947e+00
-3.038033e-01  2.721511e-01 -3.268318e-01  1.717108e+00
-6.607978e-01  6.887481e-01 -6.785691e-01  9.059489e-01
-7.071408e-01  2.840335e-01 -1.525190e+00  3.195006e-01
-6.448522e-01  5.705667e-01 -1.871263e-01  6.254835e-01
-6.091086e-01  5.174751e-01 -1.936436e-01  2.076405e-01
-6.198239e-01  5.529244e-01 -5.685901e-01  5.933291e-01
-5.985588e-01  5.127954e-01 -5.953018e-01  2.063296e-01
-6.852571e-01  2.424336e-01 -7.691891e-01  1.274223e+00
-6.772473e-01  2.168471e-01 -2.452077e-01  1.296079e+00
-6.481999e-01  2.403206e-01 -9.917353e-01  7.513409e-01
-6.314710e-01  2.144563e-01 -1.067017e+00  2.423715e-01
-6.861356e-01  1.833324e-01 -1.948563e-01  6.933001e-01
-6.341358e-01  1.680271e-01 -2.030963e-01  2.210237e-01
-6.832607e-01  1.838012e-01 -5.903115e-01  6.598324e-01
-6.351442e-01  1.749502e-01 -6.339590e-01  2.156980e-01
-2.802761e-01  7.943544e-01 -9.237648e-01 -1.365656e+00
-2.848142e-01  1.191037e+00 -3.104949e-01 -1.202983e+00
-2.754690e-01  2.899837e-01 -1.436958e+00 -1.028181e+00
-3.294404e-01  8.739267e-01 -1.509323e+00 -2.728545e-01
-8.922336e-01  1.358014e+00 -2.525121e-01 -2.626618e-01
-5.824858e-01  1.029760e+00 -2.145808e-01 -2.320032e-01
-7.929086e-01  1.343935e+00 -7.861208e-01 -2.938676e-01
-5.312107e-01  9.984072e-01 -6.536999e-01 -2.264027e-01
-2.932499e-01  1.620998e+00 -3.521727e-01 -6.797470e-01
-2.362960e-01  1.207049e+00 -2.265108e-01 -6.851809e-01
-2.479084e-01  6.912079e-01 -1.194047e+00 -7.558573e-01
-2.186030e-01  7.150913e-01 -1.121158e+00 -2.391531e-01
-3.080545e-01  1.595592e+00 -2.817937e-01 -2.166625e-01
-1.913368e-01  1.162395e+00 -2.366499e-01 -2.367390e-01
-2.935503e-01  1.244251e+00 -9.650601e-01 -6.762102e-01
-1.950328e-01  1.145578e+00 -8.007762e-01 -2.403267e-01
-1.172291e+00  8.334605e-01 -2.663811e-01 -7.892194e-01
-8.332911e-01  1.225240e+00 -2.842124e-01 -9.352838e-01
-9.796991e-01  8.624171e-01 -8.971615e-01 -7.676755e-01
-8.274981e-01  7.507831e-01 -1.187934e+00 -2.756613e-01
-1.315121e+00  9.226028e-01 -2.417355e-01 -2.787850e-01
-9.591002e-01  7.006631e-01 -2.147043e-01 -2.136369e-01
-1.331315e+00  8.334662e-01 -7.433855e-01 -3.018598e-01
-9.096528e-01  7.081778e-01 -6.760731e-01 -2.092991e-01
-1.639894e+00  2.945426e-01 -2.707035e-01 -2.947731e-01
-1.188305e+00  2.881139e-01 -2.982520e-01 -1.225366e+00
-1.106597e+00  2.986715e-01 -1.045503e+00 -8.351908e-01
-1.147005e+00  2.606042e-01 -1.116466e+00 -2.536780e-01
-1.182586e+00  2.433019e-01 -2.007397e-01 -6.236497e-01
-1.080066e+00  2.303055e-01 -2.102329e-01 -2.007082e-01
-1.221840e+00  2.585382e-01 -6.310365e-01 -6.237763e-01
-1.092938e+00  2.340871e-01 -6.495422e-01 -2.047018e-01
-2.202624e-01  6.702989e-01 -2.178827e-01 -9.757017e-01
-2.551465e-01  6.768104e-01 -2.580822e-01 -1.410175e+00
-2.073067e-01  7.037980e-01 -6.446802e-01 -8.801165e-01
-2.265699e-01  2.507289e-01 -1.533372e+00 -2.875150e-01
-2.128367e-01  5.807548e-01 -1.820856e-01 -5.932816e-01
-2.178477e-01  6.276926e-01 -1.839350e-01 -1.984567e-01
-2.084307e-01  6.055921e-01 -5.619925e-01 -5.550202e-01
-2.148106e-01  6.229626e-01 -5.643460e-01 -1.876219e-01
-2.135091e-01  2.169856e-01 -7.133567e-01 -1.149442e+00
-2.195385e-01  1.936185e-01 -2.297585e-01 -1.175489e+00
-2.088414e-01  2.423916e-01 -9.702778e-01 -7.121884e-01
-2.072864e-01  2.428583e-01 -1.060906e+00 -2.356591e-01
-2.159932e-01  1.856693e-01 -1.947326e-01 -6.357301e-01
-1.998608e-01  1.907619e-01 -1.988230e-01 -2.024291e-01
-2.109688e-01  1.917485e-01 -5.814933e-01 -6.044608e-01
-1.980203e-01  1.977595e-01 -6.265332e-01 -2.001695e-01
-7.035874e-01  6.868143e-01 -2.242715e-01 -1.001947e+00
-3.038033e-01  2.721511e-01 -3.268318e-01 -1.717108e+00
-6.607978e-01  6.887481e-01 -6.785691e-01 -9.059489e-01
-7.071408e-01  2.840335e-01 -1.525190e+00 -3.195006e-01
-6.448522e-01  5.705667e-01 -1.871263e-01 -6.254835e-01
-6.091086e-01  5.174751e-01 -1.936436e-01 -2.076405e-01
-6.198239e-01  5.529244e-01 -5.685901e-01 -5.933291e-01
-5.985588e-01  5.127954e-01 -5.953018e-01 -2.063296e-01
-6.852571e-01  2.424336e-01 -7.691891e-01 -1.274223e+00
-6.772473e-01  2.168471e-01 -2.452077e-01 -1.296079e+00
-6.481999e-01  2.403206e-01 -9.917353e-01 -7.513409e-01
-6.314710e-01  2.144563e-01 -1.067017e+00 -2.423715e-01
-6.861356e-01  1.833324e-01 -1.948563e-01 -6.933001e-01
-6.341358e-01  1.680271e-01 -2.030963e-01 -2.210237e-01
-6.832607e-01  1.838012e-01 -5.903115e-01 -6.598324e-01
-6.351442e-01  1.749502e-01 -6.339590e-01 -2.156980e-01
-2.802761e-01 -7.943544e-01  9.237648e-01  1.365656e+00
-2.848142e-01 -1.191037e+00  3.104949e-01  1.202983e+00
-2.754690e-01 -2.899837e-01  1.436958e+00  1.028181e+00
-3.294404e-01 -8.739267e-01  1.509323e+00  2.728545e-01
-8.922336e-01 -1.358014e+00  2.525121e-01  2.626618e-01
-5.824858e-01 -1.029760e+00  2.145808e-01  2.320032e-01
-7.929086e-01 -1.343935e+00  7.861208e-01  2.938676e-01
-5.312107e-01 -9.984072e-01  6.536999e-01  2.264027e-01
-2.932499e-01 -1.620998e+00  3.521727e-01  6.797470e-01
-2.362960e-01 -1.207049e+00  2.265108e-01  6.851809e-01
-2.479084e-01 -6.912079e-01  1.194047e+00  7.558573e-01
-2.186030e-01 -7.150913e-01  1.121158e+00  2.391531e-01
-3.080545e-01 -1.595592e+00  2.817937e-01  2.166625e-01
-1.913368e-01 -1.162395e+00  2.366499e-01  2.367390e-01
-2.935503e-01 -1.244251e+00  9.650601e-01  6.762102e-01
-1.950328e-01 -1.145578e+00  8.007762e-01  2.403267e-01
-1.172291e+00 -8.334605e-01  2.663811e-01  7.892194e-01
-8.332911e-01 -1.225240e+00  2.842124e-01  9.352838e-01
-9.796991e-01 -8.624171e-01  8.971615e-01  7.676755e-01
-8.274981e-01 -7.507831e-01  1.187934e+00  2.756613e-01
-1.315121e+00 -9.226028e-01  2.417355e-01  2.787850e-01
-9.591002e-01 -7.006631e-01  2.147043e-01  2.136369e-01
-1.331315e+00 -8.334662e-01  7.433855e-01  3.018598e-01
-9.096528e-01 -7.081778e-01  6.760731e-01  2.092991e-01
-1.639894e+00 -2.945426e-01  2.707035e-01  2.947731e-01
-1.188305e+00 -2.881139e-01  2.982520e-01  1.225366e+00
-1.106597e+00 -2.986715e-01  1.045503e+00  8.351908e-01
-1.147005e+00 -2.606042e-01  1.116466e+00  2.536780e-01
-1.182586e+00 -2.433019e-01  2.007397e-01  6.236497e-01
-1.080066e+00 -2.303055e-01  2.102329e-01  2.007082e-01
-1.221840e+00 -2.585382e-01  6.310365e-01  6.237763e-01
-1.092938e+00 -2.340871e-01  6.495422e-01  2.047018e-01
-2.202624e-01 -6.702989e-01  2.178827e-01  9.757017e-01
-2.551465e-01 -6.768104e-01  2.580822e-01  1.410175e+00
-2.073067e-01 -7.037980e-01  6.446802e-01  8.801165e-01
-2.265699e-01 -2.507289e-01  1.533372e+00  2.875150e-01
-2.128367e-01 -5.807548e-01  1.820856e-01  5.932816e-01
-2.178477e-01 -6.276926e-01  1.839350e-01  1.984567e-01
-2.084307e-01 -6.055921e-01  5.619925e-01  5.550202e-01
-2.148106e-01 -6.229626e-01  5.643460e-01  1.876219e-01
-2.135091e-01 -2.169856e-01  7.133567e-01  1.149442e+00
-2.195385e-01 -1.936185e-01  2.297585e-01  1.175489e+00
-2.088414e-01 -2.423916e-01  9.702778e-01  7.121884e-01
-2.072864e-01 -2.428583e-01  1.060906e+00  2.356591e-01
-2.159932e-01 -1.856693e-01  1.947326e-01  6.357301e-01
-1.998608e-01 -1.907619e-01  1.988230e-01  2.024291e-01
-2.109688e-01 -1.917485e-01  5.814933e-01  6.044608e-01
-1.980203e-01 -1.977595e-01  6.265332e-01  2.001695e-01
-7.035874e-01 -6.868143e-01  2.242715e-01  1.001947e+00
-3.038033e-01 -2.721511e-01  3.268318e-01  1.717108e+00
-6.607978e-01 -6.887481e-01  6.785691e-01  9.059489e-01
-7.071408e-01 -2.840335e-01  1.525190e+00  3.195006e-01
-6.448522e-01 -5.705667e-01  1.871263e-01  6.254835e-01
-6.091086e-01 -5.174751e-01  1.936436e-01  2.076405e-01
-6.198239e-01 -5.529244e-01  5.685901e-01  5.933291e-01
-5.985588e-01 -5.127954e-01  5.953018e-01  2.063296e-01
-6.852571e-01 -2.424336e-01  7.691891e-01  1.274223e+00
-6.772473e-01 -2.168471e-01  2.452077e-01  1.296079e+00
-6.481999e-01 -2.403206e-01  9.917353e-01  7.513409e-01
-6.314710e-01 -2.144563e-01  1.067017e+00  2.423715e-01
-6.861356e-01 -1.833324e-01  1.948563e-01  6.933001e-01
-6.341358e-01 -1.680271e-01  2.030963e-01  2.210237e-01
-6.832607e-01 -1.838012e-01  5.903115e-01  6.598324e-01
-6.351442e-01 -1.749502e-01  6.339590e-01  2.156980e-01
-2.802761e-01 -7.943544e-01  9.237648e-01 -1.365656e+00
-2.848142e-01 -1.191037e+00  3.104949e-01 -1.202983e+00
-2.754690e-01 -2.899837e-01  1.436958e+00 -1.028181e+00
-3.294404e-01 -8.739267e-01  1.509323e+00 -2.728545e-01
-8.922336e-01 -1.358014e+00  2.525121e-01 -2.626618e-01
-5.824858e-01 -1.029760e+00  2.145808e-01 -2.320032e-01
-7.929086e-01 -1.343935e+00  7.861208e-01 -2.938676e-01
-5.312107e-01 -9.984072e-01  6.536999e-01 -2.264027e-01
-2.932499e-01 -1.620998e+00  3.521727e-01 -6.797470e-01
-2.362960e-01 -1.207049e+00  2.265108e-01 -6.851809e-01
-2.479084e-01 -6.912079e-01  1.194047e+00 -7.558573e-01
-2.186030e-01 -7.150913e-01  1.121158e+00 -2.391531e-01
-3.080545e-01 -1.595592e+00  2.817937e-01 -2.166625e-01
-1.913368e-01 -1.162395e+00  2.366499e-01 -2.367390e-01
-2.935503e-01 -1.244251e+00  9.650601e-01 -6.762102e-01
-1.950328e-01 -1.145578e+00  8.007762e-01 -2.403267e-01
-1.172291e+00 -8.334605e-01  2.663811e-01 -7.892194e-01
-8.332911e-01 -1.225240e+00  2.842124e-01 -9.352838e-01
-9.796991e-01 -8.624171e-01  8.971615e-01 -7.676755e-01
-8.274981e-01 -7.507831e-01  1.187934e+00 -2.756613e-01
-1.315121e+00 -9.226028e-01  2.417355e-01 -2.787850e-01
-9.591002e-01 -7.006631e-01  2.147043e-01 -2.136369e-01
-1.331315e+00 -8.334662e-01  7.433855e-01 -3.018598e-01
-9.096528e-01 -7.081778e-01  6.760731e-01 -2.092991e-01
-1.639894e+00 -2.945426e-01  2.707035e-01 -2.947731e-01
-1.188305e+00 -2.881139e-01  2.982520e-01 -1.225366e+00
-1.106597e+00 -2.986715e-01  1.045503e+00 -8.351908e-01
-1.147005e+00 -2.606042e-01  1.116466e+00 -2.536780e-01
-1.182586e+00 -2.433019e-01  2.007397e-01 -6.236497e-01
-1.080066e+00 -2.303055e-01  2.102329e-01 -2.007082e-01
-1.221840e+00 -2.585382e-01  6.310365e-01 -6.237763e-01
-1.092938e+00 -2.340871e-01  6.495422e-01 -2.047018e-01
-2.202624e-01 -6.702989e-01  2.178827e-01 -9.757017e-01
-2.551465e-01 -6.768104e-01  2.580822e-01 -1.410175e+00
-2.073067e-01 -7.037980e-01  6.446802e-01 -8.801165e-01
-2.265699e-01 -2.507289e-01  1.533372e+00 -2.875150e-01
-2.128367e-01 -5.807548e-01  1.820856e-01 -5.932816e-01
-2.178477e-01 -6.276926e-01  1.839350e-01 -1.984567e-01
-2.084307e-01 -6.055921e-01  5.619925e-01 -5.550202e-01
-2.148106e-01 -6.229626e-01  5.643460e-01 -1.876219e-01
-2.135091e-01 -2.169856e-01  7.133567e-01 -1.149442e+00
-2.195385e-01 -1.936185e-01  2.297585e-01 -1.175489e+00
-2.088414e-01 -2.423916e-01  9.702778e-01 -7.121884e-01
-2.072864e-01 -2.428583e-01  1.060906e+00 -2.356591e-01
-2.159932e-01 -1.856693e-01  1.947326e-01 -6.357301e-01
-1.998608e-01 -1.907619e-01  1.988230e-01 -2.024291e-01
-2.109688e-01 -1.917485e-01  5.814933e-01 -6.044608e-01
-1.980203e-01 -1.977595e-01  6.265332e-01 -2.001695e-01
-7.035874e-01 -6.868143e-01  2.242715e-01 -1.001947e+00
-3.038033e-01 -2.721511e-01  3.268318e-01 -1.717108e+00
-6.607978e-01 -6.887481e-01  6.785691e-01 -9.059489e-01
-7.071408e-01 -2.840335e-01  1.525190e+00 -3.195006e-01
-6.448522e-01 -5.705667e-01  1.871263e-01 -6.254835e-01
-6.091086e-01 -5.174751e-01  1.936436e-01 -2.076405e-01
-6.198239e-01 -5.529244e-01  5.685901e-01 -5.933291e-01
-5.985588e-01 -5.127954e-01  5.953018e-01 -2.063296e-01
-6.852571e-01 -2.424336e-01  7.691891e-01 -1.274223e+00
-6.772473e-01 -2.168471e-01  2.452077e-01 -1.296079e+00
-6.481999e-01 -2.403206e-01  9.917353e-01 -7.513409e-01
-6.314710e-01 -2.144563e-01  1.067017e+00 -2.423715e-01
-6.861356e-01 -1.833324e-01  1.948563e-01 -6.933001e-01
-6.341358e-01 -1.680271e-01  2.030963e-01 -2.210237e-01
-6.832607e-01 -1.838012e-01  5.903115e-01 -6.598324e-01
-6.351442e-01 -1.749502e-01  6.339590e-01 -2.156980e-01
-2.802761e-01 -7.943544e-01 -9.237648e-01  1.365656e+00
-2.848142e-01 -1.191037e+00 -3.104949e-01  1.202983e+00
-2.754690e-01 -2.899837e-01 -1.436958e+00  1.028181e+00
-3.294404e-01 -8.739267e-01 -1.509323e+00  2.728545e-01
-8.922336e-01 -1.358014e+00 -2.525121e-01  2.626618e-01
-5.824858e-01 -1.029760e+00 -2.145808e-01  2.320032e-01
-7.929086e-01 -1.343935e+00 -7.861208e-01  2.938676e-01
-5.312107e-01 -9.984072e-01 -6.536999e-01  2.264027e-01
-2.932499e-01 -1.620998e+00 -3.521727e-01  6.797470e-01
-2.362960e-01 -1.207049e+00 -2.265108e-01  6.851809e-01
-2.479084e-01 -6.912079e-01 -1.194047e+00  7.558573e-01
-2.186030e-01 -7.150913e-01 -1.121158e+00  2.391531e-01
-3.080545e-01 -1.595592e+00 -2.817937e-01  2.166625e-01
-1.913368e-01 -1.162395e+00 -2.366499e-01  2.367390e-01
-2.935503e-01 -1.244251e+00 -9.650601e-01  6.762102e-01
-1.950328e-01 -1.145578e+00 -8.007762e-01  2.403267e-01
-1.172291e+00 -8.334605e-01 -2.663811e-01  7.892194e-01
-8.332911e-01 -1.225240e+00 -2.842124e-01  9.352838e-01
-9.796991e-01 -8.624171e-01 -8.971615e-01  7.676755e-01
-8.274981e-01 -7.507831e-01 -1.187934e+00  2.756613e-01
-1.315121e+00 -9.226028e-01 -2.417355e-01  2.787850e-01
-9.591002e-01 -7.006631e-01 -2.147043e-01  2.136369e-01
-1.331315e+00 -8.334662e-01 -7.433855e-01  3.018598e-01
-9.096528e-01 -7.081778e-01 -6.760731e-01  2.092991e-01
-1.639894e+00 -2.945426e-01 -2.707035e-01  2.947731e-01
-1.188305e+00 -2.881139e-01 -2.982520e-01  1.225366e+00
-1.106597e+00 -2.986715e-01 -1.045503e+00  8.351908e-01
-1.147005e+00 -2.606042e-01 -1.116466e+00  2.536780e-01
-1.182586e+00 -2.433019e-01 -2.007397e-01  6.236497e-01
-1.080066e+00 -2.303055e-01 -2.102329e-01  2.007082e-01
-1.221840e+00 -2.585382e-01 -6.310365e-01  6.237763e-01
-1.092938e+00 -2.340871e-01 -6.495422e-01  2.047018e-01
-2.202624e-01 -6.702989e-01 -2.178827e-01  9.757017e-01
-2.551465e-01 -6.768104e-01 -2.580822e-01  1.410175e+00
-2.073067e-01 -7.037980e-01 -6.446802e-01  8.801165e-01
-2.265699e-01 -2.507289e-01 -1.533372e+00  2.875150e-01
-2.128367e-01 -5.807548e-01 -1.820856e-01  5.932816e-01
-2.178477e-01 -6.276926e-01 -1.839350e-01  1.984567e-01
-2.084307e-01 -6.055921e-01 -5.619925e-01  5.550202e-01
-2.148106e-01 -6.229626e-01 -5.643460e-01  1.876219e-01
-2.135091e-01 -2.169856e-01 -7.133567e-01  1.149442e+00
-2.195385e-01 -1.936185e-01 -2.297585e-01  1.175489e+00
-2.088414e-01 -2.423916e-01 -9.702778e-01  7.121884e-01
-2.072864e-01 -2.428583e-01 -1.060906e+00  2.356591e-01
-2.159932e-01 -1.856693e-01 -1.947326e-01  6.357301e-01
-1.998608e-01 -1.907619e-01 -1.988230e-01  2.024291e-01
-2.109688e-01 -1.917485e-01 -5.814933e-01  6.044608e-01
-1.980203e-01 -1.977595e-01 -6.265332e-01  2.001695e-01
-7.035874e-01 -6.868143e-01 -2.242715e-01  1.001947e+00
-3.038033e-01 -2.721511e-01 -3.268318e-01  1.717108e+00
-6.607978e-01 -6.887481e-01 -6.785691e-01  9.059489e-01
-7.071408e-01 -2.840335e-01 -1.525190e+00  3.195006e-01
-6.448522e-01 -5.705667e-01 -1.871263e-01  6.254835e-01
-6.091086e-01 -5.174751e-01 -1.936436e-01  2.076405e-01
-6.198239e-01 -5.529244e-01 -5.685901e-01  5.933291e-01
-5.985588e-01 -5.127954e-01 -5.953018e-01  2.063296e-01
-6.852571e-01 -2.424336e-01 -7.691891e-01  1.274223e+00
-6.772473e-01 -2.168471e-01 -2.452077e-01  1.296079e+00
-6.481999e-01 -2.403206e-01 -9.917353e-01  7.513409e-01
-6.314710e-01 -2.144563e-01 -1.067017e+00  2.423715e-01
-6.861356e-01 -1.833324e-01 -1.948563e-01  6.933001e-01
-6.341358e-01 -1.680271e-01 -2.030963e-01  2.210237e-01
-6.832607e-01 -1.838012e-01 -5.903115e-01  6.598324e-01
-6.351442e-01 -1.749502e-01 -6.339590e-01  2.156980e-01
-2.802761e-01 -7.943544e-01 -9.237648e-01 -1.365656e+00
-2.848142e-01 -1.191037e+00 -3.104949e-01 -1.202983e+00
-2.754690e-01 -2.899837e-01 -1.436958e+00 -1.028181e+00
-3.294404e-01 -8.739267e-01 -1.509323e+00 -2.728545e-01
-8.922336e-01 -1.358014e+00 -2.525121e-01 -2.626618e-01
-5.824858e-01 -1.029760e+00 -2.145808e-01 -2.320032e-01
-7.929086e-01 -1.343935e+00 -7.861208e-01 -2.938676e-01
-5.312107e-01 -9.984072e-01 -6.536999e-01 -2.264027e-01
-2.932499e-01 -1.620998e+00 -3.521727e-01 -6.797470e-01
-2.362960e-01 -1.207049e+00 -2.265108e-01 -6.851809e-01
-2.479084e-01 -6.912079e-01 -1.194047e+00 -7.558573e-01
-2.186030e-01 -7.150913e-01 -1.121158e+00 -2.391531e-01
-3.080545e-01 -1.595592e+00 -2.817937e-01 -2.166625e-01
-1.913368e-01 -1.162395e+00 -2.366499e-01 -2.367390e-01
-2.935503e-01 -1.244251e+00 -9.650601e-01 -6.762102e-01
-1.950328e-01 -1.145578e+00 -8.007762e-01 -2.403267e-01
-1.172291e+00 -8.334605e-01 -2.663811e-01 -7.892194e-01
-8.332911e-01 -1.225240e+00 -2.842124e-01 -9.352838e-01
-9.796991e-01 -8.624171e-01 -8.971615e-01 -7.676755e-01
-8.274981e-01 -7.507831e-01 -1.187934e+00 -2.756613e-01
-1.315121e+00 -9.226028e-01 -2.417355e-01 -2.787850e-01
-9.591002e-01 -7.006631e-01 -2.147043e-01 -2.136369e-01
-1.331315e+00 -8.334662e-01 -7.433855e-01 -3.018598e-01
-9.096528e-01 -7.081778e-01 -6.760731e-01 -2.092991e-01
-1.639894e+00 -2.945426e-01 -2.707035e-01 -2.947731e-01
-1.188305e+00 -2.881139e-01 -2.982520e-01 -1.225366e+00
-1.106597e+00 -2.986715e-01 -1.045503e+00 -8.351908e-01
-1.147005e+00 -2.606042e-01 -1.116466e+00 -2.536780e-01
-1.182586e+00 -2.433019e-01 -2.007397e-01 -6.236497e-01
-1.080066e+00 -2.303055e-01 -2.102329e-01 -2.007082e-01
-1.221840e+00 -2.585382e-01 -6.310365e-01 -6.237763e-01
-1.092938e+00 -2.340871e-01 -6.495422e-01 -2.047018e-01
-2.202624e-01 -6.702989e-01 -2.178827e-01 -9.757017e-01
-2.551465e-01 -6.768104e-01 -2.580822e-01 -1.410175e+00
-2.073067e-01 -7.037980e-01 -6.446802e-01 -8.801165e-01
-2.265699e-01 -2.507289e-01 -1.533372e+00 -2.875150e-01
-2.128367e-01 -5.807548e-01 -1.820856e-01 -5.932816e-01
-2.178477e-01 -6.276926e-01 -1.839350e-01 -1.984567e-01
-2.084307e-01 -6.055921e-01 -5.619925e-01 -5.550202e-01
-2.148106e-01 -6.229626e-01 -5.643460e-01 -1.876219e-01
-2.135091e-01 -2.169856e-01 -7.133567e-01 -1.149442e+00
-2.195385e-01 -1.936185e-01 -2.297585e-01 -1.175489e+00
-2.088414e-01 -2.423916e-01 -9.702778e-01 -7.121884e-01
-2.072864e-01 -2.428583e-01 -1.060906e+00 -2.356591e-01
-2.159932e-01 -1.856693e-01 -1.947326e-01 -6.357301e-01
-1.998608e-01 -1.907619e-01 -1.988230e-01 -2.024291e-01
-2.109688e-01 -1.917485e-01 -5.814933e-01 -6.044608e-01
-1.980203e-01 -1.977595e-01 -6.265332e-01 -2.001695e-01
-7.035874e-01 -6.868143e-01 -2.242715e-01 -1.001947e+00
-3.038033e-01 -2.721511e-01 -3.268318e-01 -1.717108e+00
-6.607978e-01 -6.887481e-01 -6.785691e-01 -9.059489e-01
-7.071408e-01 -2.840335e-01 -1.525190e+00 -3.195006e-01
-6.448522e-01 -5.705667e-01 -1.871263e-01 -6.254835e-01
-6.091086e-01 -5.174751e-01 -1.936436e-01 -2.076405e-01
-6.198239e-01 -5.529244e-01 -5.685901e-01 -5.933291e-01
-5.985588e-01 -5.127954e-01 -5.953018e-01 -2.063296e-01
-6.852571e-01 -2.424336e-01 -7.691891e-01 -1.274223e+00
-6.772473e-01 -2.168471e-01 -2.452077e-01 -1.296079e+00
-6.481999e-01 -2.403206e-01 -9.917353e-01 -7.513409e-01
-6.314710e-01 -2.144563e-01 -1.067017e+00 -2.423715e-01
-6.861356e-01 -1.833324e-01 -1.948563e-01 -6.933001e-01
-6.341358e-01 -1.680271e-01 -2.030963e-01 -2.210237e-01
-6.832607e-01 -1.838012e-01 -5.903115e-01 -6.598324e-01
-6.351442e-01 -1.749502e-01 -6.339590e-01 -2.156980e-01
