 4.852126e-01  1.149927e+00  4.867220e-01  1.146928e+00
 4.871525e-01  1.151828e+00  1.144709e+00  4.842027e-01
 5.162572e-01  1.237808e+00  2.716324e-01  4.829031e-01
 5.187594e-01  1.240993e+00  4.798850e-01  2.734278e-01
 1.151153e+00  4.856861e-01  4.869576e-01  1.146579e+00
 1.151809e+00  4.863882e-01  1.146807e+00  4.858099e-01
 1.236875e+00  5.173427e-01  2.735486e-01  4.800392e-01
 1.238271e+00  5.161020e-01  4.813070e-01  2.726551e-01
 2.731161e-01  4.846279e-01  5.156116e-01  1.238962e+00
 2.755949e-01  4.873110e-01  1.243256e+00  5.156142e-01
 2.782195e-01  4.995257e-01  2.784594e-01  5.024460e-01
 2.797188e-01  5.040261e-01  5.053657e-01  2.791379e-01
 4.822046e-01  2.750085e-01  5.189775e-01  1.243739e+00
 4.827350e-01  2.745474e-01  1.243238e+00  5.158476e-01
 5.001229e-01  2.791615e-01  2.813443e-01  5.034005e-01
 5.011334e-01  2.796210e-01  5.047119e-01  2.801125e-01
 4.852126e-01  1.149927e+00  4.867220e-01 -1.146928e+00
 4.871525e-01  1.151828e+00  1.144709e+00 -4.842027e-01
 5.162572e-01  1.237808e+00  2.716324e-01 -4.829031e-01
 5.187594e-01  1.240993e+00  4.798850e-01 -2.734278e-01
 1.151153e+00  4.856861e-01  4.869576e-01 -1.146579e+00
 1.151809e+00  4.863882e-01  1.146807e+00 -4.858099e-01
 1.236875e+00  5.173427e-01  2.735486e-01 -4.800392e-01
 1.238271e+00  5.161020e-01  4.813070e-01 -2.726551e-01
 2.731161e-01  4.846279e-01  5.156116e-01 -1.238962e+00
 2.755949e-01  4.873110e-01  1.243256e+00 -5.156142e-01
 2.782195e-01  4.995257e-01  2.784594e-01 -5.024460e-01
 2.797188e-01  5.040261e-01  5.053657e-01 -2.791379e-01
 4.822046e-01  2.750085e-01  5.189775e-01 -1.243739e+00
 4.827350e-01  2.745474e-01  1.243238e+00 -5.158476e-01
 5.001229e-01  2.791615e-01  2.813443e-01 -5.034005e-01
 5.011334e-01  2.796210e-01  5.047119e-01 -2.801125e-01
 4.852126e-01  1.149927e+00 -4.867220e-01  1.146928e+00
 4.871525e-01  1.151828e+00 -1.144709e+00  4.842027e-01
 5.162572e-01  1.237808e+00 -2.716324e-01  4.829031e-01
 5.187594e-01  1.240993e+00 -4.798850e-01  2.734278e-01
 1.151153e+00  4.856861e-01 -4.869576e-01  1.146579e+00
 1.151809e+00  4.863882e-01 -1.146807e+00  4.858099e-01
 1.236875e+00  5.173427e-01 -2.735486e-01  4.800392e-01
 1.238271e+00  5.161020e-01 -4.813070e-01  2.726551e-01
 2.731161e-01  4.846279e-01 -5.156116e-01  1.238962e+00
 2.755949e-01  4.873110e-01 -1.243256e+00  5.156142e-01
 2.782195e-01  4.995257e-01 -2.784594e-01  5.024460e-01
 2.797188e-01  5.040261e-01 -5.053657e-01  2.791379e-01
 4.822046e-01  2.750085e-01 -5.189775e-01  1.243739e+00
 4.827350e-01  2.745474e-01 -1.243238e+00  5.158476e-01
 5.001229e-01  2.791615e-01 -2.813443e-01  5.034005e-01
 5.011334e-01  2.796210e-01 -5.047119e-01  2.801125e-01
 4.852126e-01  1.149927e+00 -4.867220e-01 -1.146928e+00
 4.871525e-01  1.151828e+00 -1.144709e+00 -4.842027e-01
 5.162572e-01  1.237808e+00 -2.716324e-01 -4.829031e-01
 5.187594e-01  1.240993e+00 -4.798850e-01 -2.734278e-01
 1.151153e+00  4.856861e-01 -4.869576e-01 -1.146579e+00
 1.151809e+00  4.863882e-01 -1.146807e+00 -4.858099e-01
 1.236875e+00  5.173427e-01 -2.735486e-01 -4.800392e-01
 1.238271e+00  5.161020e-01 -4.813070e-01 -2.726551e-01
 2.731161e-01  4.846279e-01 -5.156116e-01 -1.238962e+00
 2.755949e-01  4.873110e-01 -1.243256e+00 -5.156142e-01
 2.782195e-01  4.995257e-01 -2.784594e-01 -5.024460e-01
 2.797188e-01  5.040261e-01 -5.053657e-01 -2.791379e-01
 4.822046e-01  2.750085e-01 -5.189775e-01 -1.243739e+00
 4.827350e-01  2.745474e-01 -1.243238e+00 -5.158476e-01
 5.001229e-01  2.791615e-01 -2.813443e-01 -5.034005e-01
 5.011334e-01  2.796210e-01 -5.047119e-01 -2.801125e-01
 4.852126e-01 -1.149927e+00  4.867220e-01  1.146928e+00
 4.871525e-01 -1.151828e+00  1.144709e+00  4.842027e-01
 5.162572e-01 -1.237808e+00  2.716324e-01  4.829031e-01
 5.187594e-01 -1.240993e+00  4.798850e-01  2.734278e-01
 1.151153e+00 -4.856861e-01  4.869576e-01  1.146579e+00
 1.151809e+00 -4.863882e-01  1.146807e+00  4.858099e-01
 1.236875e+00 -5.173427e-01  2.735486e-01  4.800392e-01
 1.238271e+00 -5.161020e-01  4.813070e-01  2.726551e-01
 2.731161e-01 -4.846279e-01  5.156116e-01  1.238962e+00
 2.755949e-01 -4.873110e-01  1.243256e+00  5.156142e-01
 2.782195e-01 -4.995257e-01  2.784594e-01  5.024460e-01
 2.797188e-01 -5.040261e-01  5.053657e-01  2.791379e-01
 4.822046e-01 -2.750085e-01  5.189775e-01  1.243739e+00
 4.827350e-01 -2.745474e-01  1.243238e+00  5.158476e-01
 5.001229e-01 -2.791615e-01  2.813443e-01  5.034005e-01
 5.011334e-01 -2.796210e-01  5.047119e-01  2.801125e-01
 4.852126e-01 -1.149927e+00  4.867220e-01 -1.146928e+00
 4.871525e-01 -1.151828e+00  1.144709e+00 -4.842027e-01
 5.162572e-01 -1.237808e+00  2.716324e-01 -4.829031e-01
 5.187594e-01 -1.240993e+00  4.798850e-01 -2.734278e-01
 1.151153e+00 -4.856861e-01  4.869576e-01 -1.146579e+00
 1.151809e+00 -4.863882e-01  1.146807e+00 -4.858099e-01
 1.236875e+00 -5.173427e-01  2.735486e-01 -4.800392e-01
 1.238271e+00 -5.161020e-01  4.813070e-01 -2.726551e-01
 2.731161e-01 -4.846279e-01  5.156116e-01 -1.238962e+00
 2.755949e-01 -4.873110e-01  1.243256e+00 -5.156142e-01
 2.782195e-01 -4.995257e-01  2.784594e-01 -5.024460e-01
 2.797188e-01 -5.040261e-01  5.053657e-01 -2.791379e-01
 4.822046e-01 -2.750085e-01  5.189775e-01 -1.243739e+00
 4.827350e-01 -2.745474e-01  1.243238e+00 -5.158476e-01
 5.001229e-01 -2.791615e-01  2.813443e-01 -5.034005e-01
 5.011334e-01 -2.796210e-01  5.047119e-01 -2.801125e-01
 4.852126e-01 -1.149927e+00 -4.867220e-01  1.146928e+00
 4.871525e-01 -1.151828e+00 -1.144709e+00  4.842027e-01
 5.162572e-01 -1.237808e+00 -2.716324e-01  4.829031e-01
 5.187594e-01 -1.240993e+00 -4.798850e-01  2.734278e-01
 1.151153e+00 -4.856861e-01 -4.869576e-01  1.146579e+00
 1.151809e+00 -4.863882e-01 -1.146807e+00  4.858099e-01
 1.236875e+00 -5.173427e-01 -2.735486e-01  4.800392e-01
 1.238271e+00 -5.161020e-01 -4.813070e-01  2.726551e-01
 2.731161e-01 -4.846279e-01 -5.156116e-01  1.238962e+00
 2.755949e-01 -4.873110e-01 -1.243256e+00  5.156142e-01
 2.782195e-01 -4.995257e-01 -2.784594e-01  5.024460e-01
 2.797188e-01 -5.040261e-01 -5.053657e-01  2.791379e-01
 4.822046e-01 -2.750085e-01 -5.189775e-01  1.243739e+00
 4.827350e-01 -2.745474e-01 -1.243238e+00  5.158476e-01
 5.001229e-01 -2.791615e-01 -2.813443e-01  5.034005e-01
 5.011334e-01 -2.796210e-01 -5.047119e-01  2.801125e-01
 4.852126e-01 -1.149927e+00 -4.867220e-01 -1.146928e+00
 4.871525e-01 -1.151828e+00 -1.144709e+00 -4.842027e-01
 5.162572e-01 -1.237808e+00 -2.716324e-01 -4.829031e-01
 5.187594e-01 -1.240993e+00 -4.798850e-01 -2.734278e-01
 1.151153e+00 -4.856861e-01 -4.869576e-01 -1.146579e+00
 1.151809e+00 -4.863882e-01 -1.146807e+00 -4.858099e-01
 1.236875e+00 -5.173427e-01 -2.735486e-01 -4.800392e-01
 1.238271e+00 -5.161020e-01 -4.813070e-01 -2.726551e-01
 2.731161e-01 -4.846279e-01 -5.156116e-01 -1.238962e+00
 2.755949e-01 -4.873110e-01 -1.243256e+00 -5.156142e-01
 2.782195e-01 -4.995257e-01 -2.784594e-01 -5.024460e-01
 2.797188e-01 -5.040261e-01 -5.053657e-01 -2.791379e-01
 4.822046e-01 -2.750085e-01 -5.189775e-01 -1.243739e+00
 4.827350e-01 -2.745474e-01 -1.243238e+00 -5.158476e-01
 5.001229e-01 -2.791615e-01 -2.813443e-01 -5.034005e-01
 5.011334e-01 -2.796210e-01 -5.047119e-01 -2.801125e-01
-4.852126e-01  1.149927e+00  4.867220e-01  1.146928e+00
-4.871525e-01  1.151828e+00  1.144709e+00  4.842027e-01
-5.162572e-01  1.237808e+00  2.716324e-01  4.829031e-01
-5.187594e-01  1.240993e+00  4.798850e-01  2.734278e-01
-1.151153e+00  4.856861e-01  4.869576e-01  1.146579e+00
-1.151809e+00  4.863882e-01  1.146807e+00  4.858099e-01
-1.236875e+00  5.173427e-01  2.735486e-01  4.800392e-01
-1.238271e+00  5.161020e-01  4.813070e-01  2.726551e-01
-2.731161e-01  4.846279e-01  5.156116e-01  1.238962e+00
-2.755949e-01  4.873110e-01  1.243256e+00  5.156142e-01
-2.782195e-01  4.995257e-01  2.784594e-01  5.024460e-01
-2.797188e-01  5.040261e-01  5.053657e-01  2.791379e-01
-4.822046e-01  2.750085e-01  5.189775e-01  1.243739e+00
-4.827350e-01  2.745474e-01  1.243238e+00  5.158476e-01
-5.001229e-01  2.791615e-01  2.813443e-01  5.034005e-01
-5.011334e-01  2.796210e-01  5.047119e-01  2.801125e-01
-4.852126e-01  1.149927e+00  4.867220e-01 -1.146928e+00
-4.871525e-01  1.151828e+00  1.144709e+00 -4.842027e-01
-5.162572e-01  1.237808e+00  2.716324e-01 -4.829031e-01
-5.187594e-01  1.240993e+00  4.798850e-01 -2.734278e-01
-1.151153e+00  4.856861e-01  4.869576e-01 -1.146579e+00
-1.151809e+00  4.863882e-01  1.146807e+00 -4.858099e-01
-1.236875e+00  5.173427e-01  2.735486e-01 -4.800392e-01
-1.238271e+00  5.161020e-01  4.813070e-01 -2.726551e-01
-2.731161e-01  4.846279e-01  5.156116e-01 -1.238962e+00
-2.755949e-01  4.873110e-01  1.243256e+00 -5.156142e-01
-2.782195e-01  4.995257e-01  2.784594e-01 -5.024460e-01
-2.797188e-01  5.040261e-01  5.053657e-01 -2.791379e-01
-4.822046e-01  2.750085e-01  5.189775e-01 -1.243739e+00
-4.827350e-01  2.745474e-01  1.243238e+00 -5.158476e-01
-5.001229e-01  2.791615e-01  2.813443e-01 -5.034005e-01
-5.011334e-01  2.796210e-01  5.047119e-01 -2.801125e-01
-4.852126e-01  1.149927e+00 -4.867220e-01  1.146928e+00
-4.871525e-01  1.151828e+00 -1.144709e+00  4.842027e-01
-5.162572e-01  1.237808e+00 -2.716324e-01  4.829031e-01
-5.187594e-01  1.240993e+00 -4.798850e-01  2.734278e-01
-1.151153e+00  4.856861e-01 -4.869576e-01  1.146579e+00
-1.151809e+00  4.863882e-01 -1.146807e+00  4.858099e-01
-1.236875e+00  5.173427e-01 -2.735486e-01  4.800392e-01
-1.238271e+00  5.161020e-01 -4.813070e-01  2.726551e-01
-2.731161e-01  4.846279e-01 -5.156116e-01  1.238962e+00
-2.755949e-01  4.873110e-01 -1.243256e+00  5.156142e-01
-2.782195e-01  4.995257e-01 -2.784594e-01  5.024460e-01
-2.797188e-01  5.040261e-01 -5.053657e-01  2.791379e-01
-4.822046e-01  2.750085e-01 -5.189775e-01  1.243739e+00
-4.827350e-01  2.745474e-01 -1.243238e+00  5.158476e-01
-5.001229e-01  2.791615e-01 -2.813443e-01  5.034005e-01
-5.011334e-01  2.796210e-01 -5.047119e-01  2.801125e-01
-4.852126e-01  1.149927e+00 -4.867220e-01 -1.146928e+00
-4.871525e-01  1.151828e+00 -1.144709e+00 -4.842027e-01
-5.162572e-01  1.237808e+00 -2.716324e-01 -4.829031e-01
-5.187594e-01  1.240993e+00 -4.798850e-01 -2.734278e-01
-1.151153e+00  4.856861e-01 -4.869576e-01 -1.146579e+00
-1.151809e+00  4.863882e-01 -1.146807e+00 -4.858099e-01
-1.236875e+00  5.173427e-01 -2.735486e-01 -4.800392e-01
-1.238271e+00  5.161020e-01 -4.813070e-01 -2.726551e-01
-2.731161e-01  4.846279e-01 -5.156116e-01 -1.238962e+00
-2.755949e-01  4.873110e-01 -1.243256e+00 -5.156142e-01
-2.782195e-01  4.995257e-01 -2.784594e-01 -5.024460e-01
-2.797188e-01  5.040261e-01 -5.053657e-01 -2.791379e-01
-4.822046e-01  2.750085e-01 -5.189775e-01 -1.243739e+00
-4.827350e-01  2.745474e-01 -1.243238e+00 -5.158476e-01
-5.001229e-01  2.791615e-01 -2.813443e-01 -5.034005e-01
-5.011334e-01  2.796210e-01 -5.047119e-01 -2.801125e-01
-4.852126e-01 -1.149927e+00  4.867220e-01  1.146928e+00
-4.871525e-01 -1.151828e+00  1.144709e+00  4.842027e-01
-5.162572e-01 -1.237808e+00  2.716324e-01  4.829031e-01
-5.187594e-01 -1.240993e+00  4.798850e-01  2.734278e-01
-1.151153e+00 -4.856861e-01  4.869576e-01  1.146579e+00
-1.151809e+00 -4.863882e-01  1.146807e+00  4.858099e-01
-1.236875e+00 -5.173427e-01  2.735486e-01  4.800392e-01
-1.238271e+00 -5.161020e-01  4.813070e-01  2.726551e-01
-2.731161e-01 -4.846279e-01  5.156116e-01  1.238962e+00
-2.755949e-01 -4.873110e-01  1.243256e+00  5.156142e-01
-2.782195e-01 -4.995257e-01  2.784594e-01  5.024460e-01
-2.797188e-01 -5.040261e-01  5.053657e-01  2.791379e-01
-4.822046e-01 -2.750085e-01  5.189775e-01  1.243739e+00
-4.827350e-01 -2.745474e-01  1.243238e+00  5.158476e-01
-5.001229e-01 -2.791615e-01  2.813443e-01  5.034005e-01
-5.011334e-01 -2.796210e-01  5.047119e-01  2.801125e-01
-4.852126e-01 -1.149927e+00  4.867220e-01 -1.146928e+00
-4.871525e-01 -1.151828e+00  1.144709e+00 -4.842027e-01
-5.162572e-01 -1.237808e+00  2.716324e-01 -4.829031e-01
-5.187594e-01 -1.240993e+00  4.798850e-01 -2.734278e-01
-1.151153e+00 -4.856861e-01  4.869576e-01 -1.146579e+00
-1.151809e+00 -4.863882e-01  1.146807e+00 -4.858099e-01
-1.236875e+00 -5.173427e-01  2.735486e-01 -4.800392e-01
-1.238271e+00 -5.161020e-01  4.813070e-01 -2.726551e-01
-2.731161e-01 -4.846279e-01  5.156116e-01 -1.238962e+00
-2.755949e-01 -4.873110e-01  1.243256e+00 -5.156142e-01
-2.782195e-01 -4.995257e-01  2.784594e-01 -5.024460e-01
-2.797188e-01 -5.040261e-01  5.053657e-01 -2.791379e-01
-4.822046e-01 -2.750085e-01  5.189775e-01 -1.243739e+00
-4.827350e-01 -2.745474e-01  1.243238e+00 -5.158476e-01
-5.001229e-01 -2.791615e-01  2.813443e-01 -5.034005e-01
-5.011334e-01 -2.796210e-01  5.047119e-01 -2.801125e-01
-4.852126e-01 -1.149927e+00 -4.867220e-01  1.146928e+00
-4.871525e-01 -1.151828e+00 -1.144709e+00  4.842027e-01
-5.162572e-01 -1.237808e+00 -2.716324e-01  4.829031e-01
-5.187594e-01 -1.240993e+00 -4.798850e-01  2.734278e-01
-1.151153e+00 -4.856861e-01 -4.869576e-01  1.146579e+00
-1.151809e+00 -4.863882e-01 -1.146807e+00  4.858099e-01
-1.236875e+00 -5.173427e-01 -2.735486e-01  4.800392e-01
-1.238271e+00 -5.161020e-01 -4.813070e-01  2.726551e-01
-2.731161e-01 -4.846279e-01 -5.156116e-01  1.238962e+00
-2.755949e-01 -4.873110e-01 -1.243256e+00  5.156142e-01
-2.782195e-01 -4.995257e-01 -2.784594e-01  5.024460e-01
-2.797188e-01 -5.040261e-01 -5.053657e-01  2.791379e-01
-4.822046e-01 -2.750085e-01 -5.189775e-01  1.243739e+00
-4.827350e-01 -2.745474e-01 -1.243238e+00  5.158476e-01
-5.001229e-01 -2.791615e-01 -2.813443e-01  5.034005e-01
-5.011334e-01 -2.796210e-01 -5.047119e-01  2.801125e-01
-4.852126e-01 -1.149927e+00 -4.867220e-01 -1.146928e+00
-4.871525e-01 -1.151828e+00 -1.144709e+00 -4.842027e-01
-5.162572e-01 -1.237808e+00 -2.716324e-01 -4.829031e-01
-5.187594e-01 -1.240993e+00 -4.798850e-01 -2.734278e-01
-1.151153e+00 -4.856861e-01 -4.869576e-01 -1.146579e+00
-1.151809e+00 -4.863882e-01 -1.146807e+00 -4.858099e-01
-1.236875e+00 -5.173427e-01 -2.735486e-01 -4.800392e-01
-1.238271e+00 -5.161020e-01 -4.813070e-01 -2.726551e-01
-2.731161e-01 -4.846279e-01 -5.156116e-01 -1.238962e+00
-2.755949e-01 -4.873110e-01 -1.243256e+00 -5.156142e-01
-2.782195e-01 -4.995257e-01 -2.784594e-01 -5.024460e-01
-2.797188e-01 -5.040261e-01 -5.053657e-01 -2.791379e-01
-4.822046e-01 -2.750085e-01 -5.189775e-01 -1.243739e+00
-4.827350e-01 -2.745474e-01 -1.243238e+00 -5.158476e-01
-5.001229e-01 -2.791615e-01 -2.813443e-01 -5.034005e-01
-5.011334e-01 -2.796210e-01 -5.047119e-01 -2.801125e-01
