 4.741594e-01  1.154458e+00  4.760968e-01  1.160713e+00
 4.742677e-01  1.158607e+00  1.155661e+00  4.728951e-01
 5.025785e-01  1.228181e+00  2.557663e-01  5.031687e-01
 5.124750e-01  1.240454e+00  4.954700e-01  2.575665e-01
 1.157175e+00  4.736107e-01  4.739498e-01  1.155673e+00
 1.160711e+00  4.755710e-01  1.154202e+00  4.750239e-01
 1.227443e+00  5.044711e-01  2.562925e-01  4.967051e-01
 1.234597e+00  5.121506e-01  4.933106e-01  2.558810e-01
 2.572075e-01  4.951335e-01  5.085286e-01  1.234399e+00
 2.605136e-01  4.993806e-01  1.240298e+00  5.085158e-01
 2.620251e-01  5.243325e-01  2.633481e-01  5.206177e-01
 2.643650e-01  5.257108e-01  5.267611e-01  2.626845e-01
 4.997454e-01  2.580315e-01  5.069816e-01  1.229249e+00
 5.035481e-01  2.571947e-01  1.230042e+00  5.061749e-01
 5.183332e-01  2.644201e-01  2.651218e-01  5.215741e-01
 5.203686e-01  2.643776e-01  5.256253e-01  2.640969e-01
 4.741594e-01  1.154458e+00  4.760968e-01 -1.160713e+00
 4.742677e-01  1.158607e+00  1.155661e+00 -4.728951e-01
 5.025785e-01  1.228181e+00  2.557663e-01 -5.031687e-01
 5.124750e-01  1.240454e+00  4.954700e-01 -2.575665e-01
 1.157175e+00  4.736107e-01  4.739498e-01 -1.155673e+00
 1.160711e+00  4.755710e-01  1.154202e+00 -4.750239e-01
 1.227443e+00  5.044711e-01  2.562925e-01 -4.967051e-01
 1.234597e+00  5.121506e-01  4.933106e-01 -2.558810e-01
 2.572075e-01  4.951335e-01  5.085286e-01 -1.234399e+00
 2.605136e-01  4.993806e-01  1.240298e+00 -5.085158e-01
 2.620251e-01  5.243325e-01  2.633481e-01 -5.206177e-01
 2.643650e-01  5.257108e-01  5.267611e-01 -2.626845e-01
 4.997454e-01  2.580315e-01  5.069816e-01 -1.229249e+00
 5.035481e-01  2.571947e-01  1.230042e+00 -5.061749e-01
 5.183332e-01  2.644201e-01  2.651218e-01 -5.215741e-01
 5.203686e-01  2.643776e-01  5.256253e-01 -2.640969e-01
 4.741594e-01  1.154458e+00 -4.760968e-01  1.160713e+00
 4.742677e-01  1.158607e+00 -1.155661e+00  4.728951e-01
 5.025785e-01  1.228181e+00 -2.557663e-01  5.031687e-01
 5.124750e-01  1.240454e+00 -4.954700e-01  2.575665e-01
 1.157175e+00  4.736107e-01 -4.739498e-01  1.155673e+00
 1.160711e+00  4.755710e-01 -1.154202e+00  4.750239e-01
 1.227443e+00  5.044711e-01 -2.562925e-01  4.967051e-01
 1.234597e+00  5.121506e-01 -4.933106e-01  2.558810e-01
 2.572075e-01  4.951335e-01 -5.085286e-01  1.234399e+00
 2.605136e-01  4.993806e-01 -1.240298e+00  5.085158e-01
 2.620251e-01  5.243325e-01 -2.633481e-01  5.206177e-01
 2.643650e-01  5.257108e-01 -5.267611e-01  2.626845e-01
 4.997454e-01  2.580315e-01 -5.069816e-01  1.229249e+00
 5.035481e-01  2.571947e-01 -1.230042e+00  5.061749e-01
 5.183332e-01  2.644201e-01 -2.651218e-01  5.215741e-01
 5.203686e-01  2.643776e-01 -5.256253e-01  2.640969e-01
 4.741594e-01  1.154458e+00 -4.760968e-01 -1.160713e+00
 4.742677e-01  1.158607e+00 -1.155661e+00 -4.728951e-01
 5.025785e-01  1.228181e+00 -2.557663e-01 -5.031687e-01
 5.124750e-01  1.240454e+00 -4.954700e-01 -2.575665e-01
 1.157175e+00  4.736107e-01 -4.739498e-01 -1.155673e+00
 1.160711e+00  4.755710e-01 -1.154202e+00 -4.750239e-01
 1.227443e+00  5.044711e-01 -2.562925e-01 -4.967051e-01
 1.234597e+00  5.121506e-01 -4.933106e-01 -2.558810e-01
 2.572075e-01  4.951335e-01 -5.085286e-01 -1.234399e+00
 2.605136e-01  4.993806e-01 -1.240298e+00 -5.085158e-01
 2.620251e-01  5.243325e-01 -2.633481e-01 -5.206177e-01
 2.643650e-01  5.257108e-01 -5.267611e-01 -2.626845e-01
 4.997454e-01  2.580315e-01 -5.069816e-01 -1.229249e+00
 5.035481e-01  2.571947e-01 -1.230042e+00 -5.061749e-01
 5.183332e-01  2.644201e-01 -2.651218e-01 -5.215741e-01
 5.203686e-01  2.643776e-01 -5.256253e-01 -2.640969e-01
 4.741594e-01 -1.154458e+00  4.760968e-01  1.160713e+00
 4.742677e-01 -1.158607e+00  1.155661e+00  4.728951e-01
 5.025785e-01 -1.228181e+00  2.557663e-01  5.031687e-01
 5.124750e-01 -1.240454e+00  4.954700e-01  2.575665e-01
 1.157175e+00 -4.736107e-01  4.739498e-01  1.155673e+00
 1.160711e+00 -4.755710e-01  1.154202e+00  4.750239e-01
 1.227443e+00 -5.044711e-01  2.562925e-01  4.967051e-01
 1.234597e+00 -5.121506e-01  4.933106e-01  2.558810e-01
 2.572075e-01 -4.951335e-01  5.085286e-01  1.234399e+00
 2.605136e-01 -4.993806e-01  1.240298e+00  5.085158e-01
 2.620251e-01 -5.243325e-01  2.633481e-01  5.206177e-01
 2.643650e-01 -5.257108e-01  5.267611e-01  2.626845e-01
 4.997454e-01 -2.580315e-01  5.069816e-01  1.229249e+00
 5.035481e-01 -2.571947e-01  1.230042e+00  5.061749e-01
 5.183332e-01 -2.644201e-01  2.651218e-01  5.215741e-01
 5.203686e-01 -2.643776e-01  5.256253e-01  2.640969e-01
 4.741594e-01 -1.154458e+00  4.760968e-01 -1.160713e+00
 4.742677e-01 -1.158607e+00  1.155661e+00 -4.728951e-01
 5.025785e-01 -1.228181e+00  2.557663e-01 -5.031687e-01
 5.124750e-01 -1.240454e+00  4.954700e-01 -2.575665e-01
 1.157175e+00 -4.736107e-01  4.739498e-01 -1.155673e+00
 1.160711e+00 -4.755710e-01  1.154202e+00 -4.750239e-01
 1.227443e+00 -5.044711e-01  2.562925e-01 -4.967051e-01
 1.234597e+00 -5.121506e-01  4.933106e-01 -2.558810e-01
 2.572075e-01 -4.951335e-01  5.085286e-01 -1.234399e+00
 2.605136e-01 -4.993806e-01  1.240298e+00 -5.085158e-01
 2.620251e-01 -5.243325e-01  2.633481e-01 -5.206177e-01
 2.643650e-01 -5.257108e-01  5.267611e-01 -2.626845e-01
 4.997454e-01 -2.580315e-01  5.069816e-01 -1.229249e+00
 5.035481e-01 -2.571947e-01  1.230042e+00 -5.061749e-01
 5.183332e-01 -2.644201e-01  2.651218e-01 -5.215741e-01
 5.203686e-01 -2.643776e-01  5.256253e-01 -2.640969e-01
 4.741594e-01 -1.154458e+00 -4.760968e-01  1.160713e+00
 4.742677e-01 -1.158607e+00 -1.155661e+00  4.728951e-01
 5.025785e-01 -1.228181e+00 -2.557663e-01  5.031687e-01
 5.124750e-01 -1.240454e+00 -4.954700e-01  2.575665e-01
 1.157175e+00 -4.736107e-01 -4.739498e-01  1.155673e+00
 1.160711e+00 -4.755710e-01 -1.154202e+00  4.750239e-01
 1.227443e+00 -5.044711e-01 -2.562925e-01  4.967051e-01
 1.234597e+00 -5.121506e-01 -4.933106e-01  2.558810e-01
 2.572075e-01 -4.951335e-01 -5.085286e-01  1.234399e+00
 2.605136e-01 -4.993806e-01 -1.240298e+00  5.085158e-01
 2.620251e-01 -5.243325e-01 -2.633481e-01  5.206177e-01
 2.643650e-01 -5.257108e-01 -5.267611e-01  2.626845e-01
 4.997454e-01 -2.580315e-01 -5.069816e-01  1.229249e+00
 5.035481e-01 -2.571947e-01 -1.230042e+00  5.061749e-01
 5.183332e-01 -2.644201e-01 -2.651218e-01  5.215741e-01
 5.203686e-01 -2.643776e-01 -5.256253e-01  2.640969e-01
 4.741594e-01 -1.154458e+00 -4.760968e-01 -1.160713e+00
 4.742677e-01 -1.158607e+00 -1.155661e+00 -4.728951e-01
 5.025785e-01 -1.228181e+00 -2.557663e-01 -5.031687e-01
 5.124750e-01 -1.240454e+00 -4.954700e-01 -2.575665e-01
 1.157175e+00 -4.736107e-01 -4.739498e-01 -1.155673e+00
 1.160711e+00 -4.755710e-01 -1.154202e+00 -4.750239e-01
 1.227443e+00 -5.044711e-01 -2.562925e-01 -4.967051e-01
 1.234597e+00 -5.121506e-01 -4.933106e-01 -2.558810e-01
 2.572075e-01 -4.951335e-01 -5.085286e-01 -1.234399e+00
 2.605136e-01 -4.993806e-01 -1.240298e+00 -5.085158e-01
 2.620251e-01 -5.243325e-01 -2.633481e-01 -5.206177e-01
 2.643650e-01 -5.257108e-01 -5.267611e-01 -2.626845e-01
 4.997454e-01 -2.580315e-01 -5.069816e-01 -1.229249e+00
 5.035481e-01 -2.571947e-01 -1.230042e+00 -5.061749e-01
 5.183332e-01 -2.644201e-01 -2.651218e-01 -5.215741e-01
 5.203686e-01 -2.643776e-01 -5.256253e-01 -2.640969e-01
-4.741594e-01  1.154458e+00  4.760968e-01  1.160713e+00
-4.742677e-01  1.158607e+00  1.155661e+00  4.728951e-01
-5.025785e-01  1.228181e+00  2.557663e-01  5.031687e-01
-5.124750e-01  1.240454e+00  4.954700e-01  2.575665e-01
-1.157175e+00  4.736107e-01  4.739498e-01  1.155673e+00
-1.160711e+00  4.755710e-01  1.154202e+00  4.750239e-01
-1.227443e+00  5.044711e-01  2.562925e-01  4.967051e-01
-1.234597e+00  5.121506e-01  4.933106e-01  2.558810e-01
-2.572075e-01  4.951335e-01  5.085286e-01  1.234399e+00
-2.605136e-01  4.993806e-01  1.240298e+00  5.085158e-01
-2.620251e-01  5.243325e-01  2.633481e-01  5.206177e-01
-2.643650e-01  5.257108e-01  5.267611e-01  2.626845e-01
-4.997454e-01  2.580315e-01  5.069816e-01  1.229249e+00
-5.035481e-01  2.571947e-01  1.230042e+00  5.061749e-01
-5.183332e-01  2.644201e-01  2.651218e-01  5.215741e-01
-5.203686e-01  2.643776e-01  5.256253e-01  2.640969e-01
-4.741594e-01  1.154458e+00  4.760968e-01 -1.160713e+00
-4.742677e-01  1.158607e+00  1.155661e+00 -4.728951e-01
-5.025785e-01  1.228181e+00  2.557663e-01 -5.031687e-01
-5.124750e-01  1.240454e+00  4.954700e-01 -2.575665e-01
-1.157175e+00  4.736107e-01  4.739498e-01 -1.155673e+00
-1.160711e+00  4.755710e-01  1.154202e+00 -4.750239e-01
-1.227443e+00  5.044711e-01  2.562925e-01 -4.967051e-01
-1.234597e+00  5.121506e-01  4.933106e-01 -2.558810e-01
-2.572075e-01  4.951335e-01  5.085286e-01 -1.234399e+00
-2.605136e-01  4.993806e-01  1.240298e+00 -5.085158e-01
-2.620251e-01  5.243325e-01  2.633481e-01 -5.206177e-01
-2.643650e-01  5.257108e-01  5.267611e-01 -2.626845e-01
-4.997454e-01  2.580315e-01  5.069816e-01 -1.229249e+00
-5.035481e-01  2.571947e-01  1.230042e+00 -5.061749e-01
-5.183332e-01  2.644201e-01  2.651218e-01 -5.215741e-01
-5.203686e-01  2.643776e-01  5.256253e-01 -2.640969e-01
-4.741594e-01  1.154458e+00 -4.760968e-01  1.160713e+00
-4.742677e-01  1.158607e+00 -1.155661e+00  4.728951e-01
-5.025785e-01  1.228181e+00 -2.557663e-01  5.031687e-01
-5.124750e-01  1.240454e+00 -4.954700e-01  2.575665e-01
-1.157175e+00  4.736107e-01 -4.739498e-01  1.155673e+00
-1.160711e+00  4.755710e-01 -1.154202e+00  4.750239e-01
-1.227443e+00  5.044711e-01 -2.562925e-01  4.967051e-01
-1.234597e+00  5.121506e-01 -4.933106e-01  2.558810e-01
-2.572075e-01  4.951335e-01 -5.085286e-01  1.234399e+00
-2.605136e-01  4.993806e-01 -1.240298e+00  5.085158e-01
-2.620251e-01  5.243325e-01 -2.633481e-01  5.206177e-01
-2.643650e-01  5.257108e-01 -5.267611e-01  2.626845e-01
-4.997454e-01  2.580315e-01 -5.069816e-01  1.229249e+00
-5.035481e-01  2.571947e-01 -1.230042e+00  5.061749e-01
-5.183332e-01  2.644201e-01 -2.651218e-01  5.215741e-01
-5.203686e-01  2.643776e-01 -5.256253e-01  2.640969e-01
-4.741594e-01  1.154458e+00 -4.760968e-01 -1.160713e+00
-4.742677e-01  1.158607e+00 -1.155661e+00 -4.728951e-01
-5.025785e-01  1.228181e+00 -2.557663e-01 -5.031687e-01
-5.124750e-01  1.240454e+00 -4.954700e-01 -2.575665e-01
-1.157175e+00  4.736107e-01 -4.739498e-01 -1.155673e+00
-1.160711e+00  4.755710e-01 -1.154202e+00 -4.750239e-01
-1.227443e+00  5.044711e-01 -2.562925e-01 -4.967051e-01
-1.234597e+00  5.121506e-01 -4.933106e-01 -2.558810e-01
-2.572075e-01  4.951335e-01 -5.085286e-01 -1.234399e+00
-2.605136e-01  4.993806e-01 -1.240298e+00 -5.085158e-01
-2.620251e-01  5.243325e-01 -2.633481e-01 -5.206177e-01
-2.643650e-01  5.257108e-01 -5.267611e-01 -2.626845e-01
-4.997454e-01  2.580315e-01 -5.069816e-01 -1.229249e+00
-5.035481e-01  2.571947e-01 -1.230042e+00 -5.061749e-01
-5.183332e-01  2.644201e-01 -2.651218e-01 -5.215741e-01
-5.203686e-01  2.643776e-01 -5.256253e-01 -2.640969e-01
-4.741594e-01 -1.154458e+00  4.760968e-01  1.160713e+00
-4.742677e-01 -1.158607e+00  1.155661e+00  4.728951e-01
-5.025785e-01 -1.228181e+00  2.557663e-01  5.031687e-01
-5.124750e-01 -1.240454e+00  4.954700e-01  2.575665e-01
-1.157175e+00 -4.736107e-01  4.739498e-01  1.155673e+00
-1.160711e+00 -4.755710e-01  1.154202e+00  4.750239e-01
-1.227443e+00 -5.044711e-01  2.562925e-01  4.967051e-01
-1.234597e+00 -5.121506e-01  4.933106e-01  2.558810e-01
-2.572075e-01 -4.951335e-01  5.085286e-01  1.234399e+00
-2.605136e-01 -4.993806e-01  1.240298e+00  5.085158e-01
-2.620251e-01 -5.243325e-01  2.633481e-01  5.206177e-01
-2.643650e-01 -5.257108e-01  5.267611e-01  2.626845e-01
-4.997454e-01 -2.580315e-01  5.069816e-01  1.229249e+00
-5.035481e-01 -2.571947e-01  1.230042e+00  5.061749e-01
-5.183332e-01 -2.644201e-01  2.651218e-01  5.215741e-01
-5.203686e-01 -2.643776e-01  5.256253e-01  2.640969e-01
-4.741594e-01 -1.154458e+00  4.760968e-01 -1.160713e+00
-4.742677e-01 -1.158607e+00  1.155661e+00 -4.728951e-01
-5.025785e-01 -1.228181e+00  2.557663e-01 -5.031687e-01
-5.124750e-01 -1.240454e+00  4.954700e-01 -2.575665e-01
-1.157175e+00 -4.736107e-01  4.739498e-01 -1.155673e+00
-1.160711e+00 -4.755710e-01  1.154202e+00 -4.750239e-01
-1.227443e+00 -5.044711e-01  2.562925e-01 -4.967051e-01
-1.234597e+00 -5.121506e-01  4.933106e-01 -2.558810e-01
-2.572075e-01 -4.951335e-01  5.085286e-01 -1.234399e+00
-2.605136e-01 -4.993806e-01  1.240298e+00 -5.085158e-01
-2.620251e-01 -5.243325e-01  2.633481e-01 -5.206177e-01
-2.643650e-01 -5.257108e-01  5.267611e-01 -2.626845e-01
-4.997454e-01 -2.580315e-01  5.069816e-01 -1.229249e+00
-5.035481e-01 -2.571947e-01  1.230042e+00 -5.061749e-01
-5.183332e-01 -2.644201e-01  2.651218e-01 -5.215741e-01
-5.203686e-01 -2.643776e-01  5.256253e-01 -2.640969e-01
-4.741594e-01 -1.154458e+00 -4.760968e-01  1.160713e+00
-4.742677e-01 -1.158607e+00 -1.155661e+00  4.728951e-01
-5.025785e-01 -1.228181e+00 -2.557663e-01  5.031687e-01
-5.124750e-01 -1.240454e+00 -4.954700e-01  2.575665e-01
-1.157175e+00 -4.736107e-01 -4.739498e-01  1.155673e+00
-1.160711e+00 -4.755710e-01 -1.154202e+00  4.750239e-01
-1.227443e+00 -5.044711e-01 -2.562925e-01  4.967051e-01
-1.234597e+00 -5.121506e-01 -4.933106e-01  2.558810e-01
-2.572075e-01 -4.951335e-01 -5.085286e-01  1.234399e+00
-2.605136e-01 -4.993806e-01 -1.240298e+00  5.085158e-01
-2.620251e-01 -5.243325e-01 -2.633481e-01  5.206177e-01
-2.643650e-01 -5.257108e-01 -5.267611e-01  2.626845e-01
-4.997454e-01 -2.580315e-01 -5.069816e-01  1.229249e+00
-5.035481e-01 -2.571947e-01 -1.230042e+00  5.061749e-01
-5.183332e-01 -2.644201e-01 -2.651218e-01  5.215741e-01
-5.203686e-01 -2.643776e-01 -5.256253e-01  2.640969e-01
-4.741594e-01 -1.154458e+00 -4.760968e-01 -1.160713e+00
-4.742677e-01 -1.158607e+00 -1.155661e+00 -4.728951e-01
-5.025785e-01 -1.228181e+00 -2.557663e-01 -5.031687e-01
-5.124750e-01 -1.240454e+00 -4.954700e-01 -2.575665e-01
-1.157175e+00 -4.736107e-01 -4.739498e-01 -1.155673e+00
-1.160711e+00 -4.755710e-01 -1.154202e+00 -4.750239e-01
-1.227443e+00 -5.044711e-01 -2.562925e-01 -4.967051e-01
-1.234597e+00 -5.121506e-01 -4.933106e-01 -2.558810e-01
-2.572075e-01 -4.951335e-01 -5.085286e-01 -1.234399e+00
-2.605136e-01 -4.993806e-01 -1.240298e+00 -5.085158e-01
-2.620251e-01 -5.243325e-01 -2.633481e-01 -5.206177e-01
-2.643650e-01 -5.257108e-01 -5.267611e-01 -2.626845e-01
-4.997454e-01 -2.580315e-01 -5.069816e-01 -1.229249e+00
-5.035481e-01 -2.571947e-01 -1.230042e+00 -5.061749e-01
-5.183332e-01 -2.644201e-01 -2.651218e-01 -5.215741e-01
-5.203686e-01 -2.643776e-01 -5.256253e-01 -2.640969e-01
