 8.746147e-01  8.726798e-01  8.699634e-01  8.738163e-01
 9.097983e-01  9.114791e-01  8.997903e-01  2.732052e-01
 9.103597e-01  9.102238e-01  2.729838e-01  8.982020e-01
 8.772851e-01  8.781766e-01  2.724296e-01  2.703859e-01
 8.983705e-01  2.738781e-01  9.121436e-01  9.144508e-01
 8.672055e-01  2.723686e-01  8.693779e-01  2.721324e-01
 8.666101e-01  2.722399e-01  2.731304e-01  8.672662e-01
 1.328335e+00  3.346735e-01  3.348898e-01  3.350405e-01
 2.736157e-01  8.976945e-01  9.133291e-01  9.102036e-01
 2.727818e-01  8.659028e-01  8.673103e-01  2.741213e-01
 2.717340e-01  8.676772e-01  2.742582e-01  8.690655e-01
 3.342619e-01  1.330491e+00  3.349267e-01  3.358335e-01
 2.706024e-01  2.711915e-01  8.767501e-01  8.784403e-01
 3.359511e-01  3.345007e-01  1.328524e+00  3.350296e-01
 3.339800e-01  3.350152e-01  3.361205e-01  1.330011e+00
 3.042449e-01  3.042253e-01  3.051401e-01  3.039776e-01
 8.746147e-01  8.726798e-01  8.699634e-01 -8.738163e-01
 9.097983e-01  9.114791e-01  8.997903e-01 -2.732052e-01
 9.103597e-01  9.102238e-01  2.729838e-01 -8.982020e-01
 8.772851e-01  8.781766e-01  2.724296e-01 -2.703859e-01
 8.983705e-01  2.738781e-01  9.121436e-01 -9.144508e-01
 8.672055e-01  2.723686e-01  8.693779e-01 -2.721324e-01
 8.666101e-01  2.722399e-01  2.731304e-01 -8.672662e-01
 1.328335e+00  3.346735e-01  3.348898e-01 -3.350405e-01
 2.736157e-01  8.976945e-01  9.133291e-01 -9.102036e-01
 2.727818e-01  8.659028e-01  8.673103e-01 -2.741213e-01
 2.717340e-01  8.676772e-01  2.742582e-01 -8.690655e-01
 3.342619e-01  1.330491e+00  3.349267e-01 -3.358335e-01
 2.706024e-01  2.711915e-01  8.767501e-01 -8.784403e-01
 3.359511e-01  3.345007e-01  1.328524e+00 -3.350296e-01
 3.339800e-01  3.350152e-01  3.361205e-01 -1.330011e+00
 3.042449e-01  3.042253e-01  3.051401e-01 -3.039776e-01
 8.746147e-01  8.726798e-01 -8.699634e-01  8.738163e-01
 9.097983e-01  9.114791e-01 -8.997903e-01  2.732052e-01
 9.103597e-01  9.102238e-01 -2.729838e-01  8.982020e-01
 8.772851e-01  8.781766e-01 -2.724296e-01  2.703859e-01
 8.983705e-01  2.738781e-01 -9.121436e-01  9.144508e-01
 8.672055e-01  2.723686e-01 -8.693779e-01  2.721324e-01
 8.666101e-01  2.722399e-01 -2.731304e-01  8.672662e-01
 1.328335e+00  3.346735e-01 -3.348898e-01  3.350405e-01
 2.736157e-01  8.976945e-01 -9.133291e-01  9.102036e-01
 2.727818e-01  8.659028e-01 -8.673103e-01  2.741213e-01
 2.717340e-01  8.676772e-01 -2.742582e-01  8.690655e-01
 3.342619e-01  1.330491e+00 -3.349267e-01  3.358335e-01
 2.706024e-01  2.711915e-01 -8.767501e-01  8.784403e-01
 3.359511e-01  3.345007e-01 -1.328524e+00  3.350296e-01
 3.339800e-01  3.350152e-01 -3.361205e-01  1.330011e+00
 3.042449e-01  3.042253e-01 -3.051401e-01  3.039776e-01
 8.746147e-01  8.726798e-01 -8.699634e-01 -8.738163e-01
 9.097983e-01  9.114791e-01 -8.997903e-01 -2.732052e-01
 9.103597e-01  9.102238e-01 -2.729838e-01 -8.982020e-01
 8.772851e-01  8.781766e-01 -2.724296e-01 -2.703859e-01
 8.983705e-01  2.738781e-01 -9.121436e-01 -9.144508e-01
 8.672055e-01  2.723686e-01 -8.693779e-01 -2.721324e-01
 8.666101e-01  2.722399e-01 -2.731304e-01 -8.672662e-01
 1.328335e+00  3.346735e-01 -3.348898e-01 -3.350405e-01
 2.736157e-01  8.976945e-01 -9.133291e-01 -9.102036e-01
 2.727818e-01  8.659028e-01 -8.673103e-01 -2.741213e-01
 2.717340e-01  8.676772e-01 -2.742582e-01 -8.690655e-01
 3.342619e-01  1.330491e+00 -3.349267e-01 -3.358335e-01
 2.706024e-01  2.711915e-01 -8.767501e-01 -8.784403e-01
 3.359511e-01  3.345007e-01 -1.328524e+00 -3.350296e-01
 3.339800e-01  3.350152e-01 -3.361205e-01 -1.330011e+00
 3.042449e-01  3.042253e-01 -3.051401e-01 -3.039776e-01
 8.746147e-01 -8.726798e-01  8.699634e-01  8.738163e-01
 9.097983e-01 -9.114791e-01  8.997903e-01  2.732052e-01
 9.103597e-01 -9.102238e-01  2.729838e-01  8.982020e-01
 8.772851e-01 -8.781766e-01  2.724296e-01  2.703859e-01
 8.983705e-01 -2.738781e-01  9.121436e-01  9.144508e-01
 8.672055e-01 -2.723686e-01  8.693779e-01  2.721324e-01
 8.666101e-01 -2.722399e-01  2.731304e-01  8.672662e-01
 1.328335e+00 -3.346735e-01  3.348898e-01  3.350405e-01
 2.736157e-01 -8.976945e-01  9.133291e-01  9.102036e-01
 2.727818e-01 -8.659028e-01  8.673103e-01  2.741213e-01
 2.717340e-01 -8.676772e-01  2.742582e-01  8.690655e-01
 3.342619e-01 -1.330491e+00  3.349267e-01  3.358335e-01
 2.706024e-01 -2.711915e-01  8.767501e-01  8.784403e-01
 3.359511e-01 -3.345007e-01  1.328524e+00  3.350296e-01
 3.339800e-01 -3.350152e-01  3.361205e-01  1.330011e+00
 3.042449e-01 -3.042253e-01  3.051401e-01  3.039776e-01
 8.746147e-01 -8.726798e-01  8.699634e-01 -8.738163e-01
 9.097983e-01 -9.114791e-01  8.997903e-01 -2.732052e-01
 9.103597e-01 -9.102238e-01  2.729838e-01 -8.982020e-01
 8.772851e-01 -8.781766e-01  2.724296e-01 -2.703859e-01
 8.983705e-01 -2.738781e-01  9.121436e-01 -9.144508e-01
 8.672055e-01 -2.723686e-01  8.693779e-01 -2.721324e-01
 8.666101e-01 -2.722399e-01  2.731304e-01 -8.672662e-01
 1.328335e+00 -3.346735e-01  3.348898e-01 -3.350405e-01
 2.736157e-01 -8.976945e-01  9.133291e-01 -9.102036e-01
 2.727818e-01 -8.659028e-01  8.673103e-01 -2.741213e-01
 2.717340e-01 -8.676772e-01  2.742582e-01 -8.690655e-01
 3.342619e-01 -1.330491e+00  3.349267e-01 -3.358335e-01
 2.706024e-01 -2.711915e-01  8.767501e-01 -8.784403e-01
 3.359511e-01 -3.345007e-01  1.328524e+00 -3.350296e-01
 3.339800e-01 -3.350152e-01  3.361205e-01 -1.330011e+00
 3.042449e-01 -3.042253e-01  3.051401e-01 -3.039776e-01
 8.746147e-01 -8.726798e-01 -8.699634e-01  8.738163e-01
 9.097983e-01 -9.114791e-01 -8.997903e-01  2.732052e-01
 9.103597e-01 -9.102238e-01 -2.729838e-01  8.982020e-01
 8.772851e-01 -8.781766e-01 -2.724296e-01  2.703859e-01
 8.983705e-01 -2.738781e-01 -9.121436e-01  9.144508e-01
 8.672055e-01 -2.723686e-01 -8.693779e-01  2.721324e-01
 8.666101e-01 -2.722399e-01 -2.731304e-01  8.672662e-01
 1.328335e+00 -3.346735e-01 -3.348898e-01  3.350405e-01
 2.736157e-01 -8.976945e-01 -9.133291e-01  9.102036e-01
 2.727818e-01 -8.659028e-01 -8.673103e-01  2.741213e-01
 2.717340e-01 -8.676772e-01 -2.742582e-01  8.690655e-01
 3.342619e-01 -1.330491e+00 -3.349267e-01  3.358335e-01
 2.706024e-01 -2.711915e-01 -8.767501e-01  8.784403e-01
 3.359511e-01 -3.345007e-01 -1.328524e+00  3.350296e-01
 3.339800e-01 -3.350152e-01 -3.361205e-01  1.330011e+00
 3.042449e-01 -3.042253e-01 -3.051401e-01  3.039776e-01
 8.746147e-01 -8.726798e-01 -8.699634e-01 -8.738163e-01
 9.097983e-01 -9.114791e-01 -8.997903e-01 -2.732052e-01
 9.103597e-01 -9.102238e-01 -2.729838e-01 -8.982020e-01
 8.772851e-01 -8.781766e-01 -2.724296e-01 -2.703859e-01
 8.983705e-01 -2.738781e-01 -9.121436e-01 -9.144508e-01
 8.672055e-01 -2.723686e-01 -8.693779e-01 -2.721324e-01
 8.666101e-01 -2.722399e-01 -2.731304e-01 -8.672662e-01
 1.328335e+00 -3.346735e-01 -3.348898e-01 -3.350405e-01
 2.736157e-01 -8.976945e-01 -9.133291e-01 -9.102036e-01
 2.727818e-01 -8.659028e-01 -8.673103e-01 -2.741213e-01
 2.717340e-01 -8.676772e-01 -2.742582e-01 -8.690655e-01
 3.342619e-01 -1.330491e+00 -3.349267e-01 -3.358335e-01
 2.706024e-01 -2.711915e-01 -8.767501e-01 -8.784403e-01
 3.359511e-01 -3.345007e-01 -1.328524e+00 -3.350296e-01
 3.339800e-01 -3.350152e-01 -3.361205e-01 -1.330011e+00
 3.042449e-01 -3.042253e-01 -3.051401e-01 -3.039776e-01
-8.746147e-01  8.726798e-01  8.699634e-01  8.738163e-01
-9.097983e-01  9.114791e-01  8.997903e-01  2.732052e-01
-9.103597e-01  9.102238e-01  2.729838e-01  8.982020e-01
-8.772851e-01  8.781766e-01  2.724296e-01  2.703859e-01
-8.983705e-01  2.738781e-01  9.121436e-01  9.144508e-01
-8.672055e-01  2.723686e-01  8.693779e-01  2.721324e-01
-8.666101e-01  2.722399e-01  2.731304e-01  8.672662e-01
-1.328335e+00  3.346735e-01  3.348898e-01  3.350405e-01
-2.736157e-01  8.976945e-01  9.133291e-01  9.102036e-01
-2.727818e-01  8.659028e-01  8.673103e-01  2.741213e-01
-2.717340e-01  8.676772e-01  2.742582e-01  8.690655e-01
-3.342619e-01  1.330491e+00  3.349267e-01  3.358335e-01
-2.706024e-01  2.711915e-01  8.767501e-01  8.784403e-01
-3.359511e-01  3.345007e-01  1.328524e+00  3.350296e-01
-3.339800e-01  3.350152e-01  3.361205e-01  1.330011e+00
-3.042449e-01  3.042253e-01  3.051401e-01  3.039776e-01
-8.746147e-01  8.726798e-01  8.699634e-01 -8.738163e-01
-9.097983e-01  9.114791e-01  8.997903e-01 -2.732052e-01
-9.103597e-01  9.102238e-01  2.729838e-01 -8.982020e-01
-8.772851e-01  8.781766e-01  2.724296e-01 -2.703859e-01
-8.983705e-01  2.738781e-01  9.121436e-01 -9.144508e-01
-8.672055e-01  2.723686e-01  8.693779e-01 -2.721324e-01
-8.666101e-01  2.722399e-01  2.731304e-01 -8.672662e-01
-1.328335e+00  3.346735e-01  3.348898e-01 -3.350405e-01
-2.736157e-01  8.976945e-01  9.133291e-01 -9.102036e-01
-2.727818e-01  8.659028e-01  8.673103e-01 -2.741213e-01
-2.717340e-01  8.676772e-01  2.742582e-01 -8.690655e-01
-3.342619e-01  1.330491e+00  3.349267e-01 -3.358335e-01
-2.706024e-01  2.711915e-01  8.767501e-01 -8.784403e-01
-3.359511e-01  3.345007e-01  1.328524e+00 -3.350296e-01
-3.339800e-01  3.350152e-01  3.361205e-01 -1.330011e+00
-3.042449e-01  3.042253e-01  3.051401e-01 -3.039776e-01
-8.746147e-01  8.726798e-01 -8.699634e-01  8.738163e-01
-9.097983e-01  9.114791e-01 -8.997903e-01  2.732052e-01
-9.103597e-01  9.102238e-01 -2.729838e-01  8.982020e-01
-8.772851e-01  8.781766e-01 -2.724296e-01  2.703859e-01
-8.983705e-01  2.738781e-01 -9.121436e-01  9.144508e-01
-8.672055e-01  2.723686e-01 -8.693779e-01  2.721324e-01
-8.666101e-01  2.722399e-01 -2.731304e-01  8.672662e-01
-1.328335e+00  3.346735e-01 -3.348898e-01  3.350405e-01
-2.736157e-01  8.976945e-01 -9.133291e-01  9.102036e-01
-2.727818e-01  8.659028e-01 -8.673103e-01  2.741213e-01
-2.717340e-01  8.676772e-01 -2.742582e-01  8.690655e-01
-3.342619e-01  1.330491e+00 -3.349267e-01  3.358335e-01
-2.706024e-01  2.711915e-01 -8.767501e-01  8.784403e-01
-3.359511e-01  3.345007e-01 -1.328524e+00  3.350296e-01
-3.339800e-01  3.350152e-01 -3.361205e-01  1.330011e+00
-3.042449e-01  3.042253e-01 -3.051401e-01  3.039776e-01
-8.746147e-01  8.726798e-01 -8.699634e-01 -8.738163e-01
-9.097983e-01  9.114791e-01 -8.997903e-01 -2.732052e-01
-9.103597e-01  9.102238e-01 -2.729838e-01 -8.982020e-01
-8.772851e-01  8.781766e-01 -2.724296e-01 -2.703859e-01
-8.983705e-01  2.738781e-01 -9.121436e-01 -9.144508e-01
-8.672055e-01  2.723686e-01 -8.693779e-01 -2.721324e-01
-8.666101e-01  2.722399e-01 -2.731304e-01 -8.672662e-01
-1.328335e+00  3.346735e-01 -3.348898e-01 -3.350405e-01
-2.736157e-01  8.976945e-01 -9.133291e-01 -9.102036e-01
-2.727818e-01  8.659028e-01 -8.673103e-01 -2.741213e-01
-2.717340e-01  8.676772e-01 -2.742582e-01 -8.690655e-01
-3.342619e-01  1.330491e+00 -3.349267e-01 -3.358335e-01
-2.706024e-01  2.711915e-01 -8.767501e-01 -8.784403e-01
-3.359511e-01  3.345007e-01 -1.328524e+00 -3.350296e-01
-3.339800e-01  3.350152e-01 -3.361205e-01 -1.330011e+00
-3.042449e-01  3.042253e-01 -3.051401e-01 -3.039776e-01
-8.746147e-01 -8.726798e-01  8.699634e-01  8.738163e-01
-9.097983e-01 -9.114791e-01  8.997903e-01  2.732052e-01
-9.103597e-01 -9.102238e-01  2.729838e-01  8.982020e-01
-8.772851e-01 -8.781766e-01  2.724296e-01  2.703859e-01
-8.983705e-01 -2.738781e-01  9.121436e-01  9.144508e-01
-8.672055e-01 -2.723686e-01  8.693779e-01  2.721324e-01
-8.666101e-01 -2.722399e-01  2.731304e-01  8.672662e-01
-1.328335e+00 -3.346735e-01  3.348898e-01  3.350405e-01
-2.736157e-01 -8.976945e-01  9.133291e-01  9.102036e-01
-2.727818e-01 -8.659028e-01  8.673103e-01  2.741213e-01
-2.717340e-01 -8.676772e-01  2.742582e-01  8.690655e-01
-3.342619e-01 -1.330491e+00  3.349267e-01  3.358335e-01
-2.706024e-01 -2.711915e-01  8.767501e-01  8.784403e-01
-3.359511e-01 -3.345007e-01  1.328524e+00  3.350296e-01
-3.339800e-01 -3.350152e-01  3.361205e-01  1.330011e+00
-3.042449e-01 -3.042253e-01  3.051401e-01  3.039776e-01
-8.746147e-01 -8.726798e-01  8.699634e-01 -8.738163e-01
-9.097983e-01 -9.114791e-01  8.997903e-01 -2.732052e-01
-9.103597e-01 -9.102238e-01  2.729838e-01 -8.982020e-01
-8.772851e-01 -8.781766e-01  2.724296e-01 -2.703859e-01
-8.983705e-01 -2.738781e-01  9.121436e-01 -9.144508e-01
-8.672055e-01 -2.723686e-01  8.693779e-01 -2.721324e-01
-8.666101e-01 -2.722399e-01  2.731304e-01 -8.672662e-01
-1.328335e+00 -3.346735e-01  3.348898e-01 -3.350405e-01
-2.736157e-01 -8.976945e-01  9.133291e-01 -9.102036e-01
-2.727818e-01 -8.659028e-01  8.673103e-01 -2.741213e-01
-2.717340e-01 -8.676772e-01  2.742582e-01 -8.690655e-01
-3.342619e-01 -1.330491e+00  3.349267e-01 -3.358335e-01
-2.706024e-01 -2.711915e-01  8.767501e-01 -8.784403e-01
-3.359511e-01 -3.345007e-01  1.328524e+00 -3.350296e-01
-3.339800e-01 -3.350152e-01  3.361205e-01 -1.330011e+00
-3.042449e-01 -3.042253e-01  3.051401e-01 -3.039776e-01
-8.746147e-01 -8.726798e-01 -8.699634e-01  8.738163e-01
-9.097983e-01 -9.114791e-01 -8.997903e-01  2.732052e-01
-9.103597e-01 -9.102238e-01 -2.729838e-01  8.982020e-01
-8.772851e-01 -8.781766e-01 -2.724296e-01  2.703859e-01
-8.983705e-01 -2.738781e-01 -9.121436e-01  9.144508e-01
-8.672055e-01 -2.723686e-01 -8.693779e-01  2.721324e-01
-8.666101e-01 -2.722399e-01 -2.731304e-01  8.672662e-01
-1.328335e+00 -3.346735e-01 -3.348898e-01  3.350405e-01
-2.736157e-01 -8.976945e-01 -9.133291e-01  9.102036e-01
-2.727818e-01 -8.659028e-01 -8.673103e-01  2.741213e-01
-2.717340e-01 -8.676772e-01 -2.742582e-01  8.690655e-01
-3.342619e-01 -1.330491e+00 -3.349267e-01  3.358335e-01
-2.706024e-01 -2.711915e-01 -8.767501e-01  8.784403e-01
-3.359511e-01 -3.345007e-01 -1.328524e+00  3.350296e-01
-3.339800e-01 -3.350152e-01 -3.361205e-01  1.330011e+00
-3.042449e-01 -3.042253e-01 -3.051401e-01  3.039776e-01
-8.746147e-01 -8.726798e-01 -8.699634e-01 -8.738163e-01
-9.097983e-01 -9.114791e-01 -8.997903e-01 -2.732052e-01
-9.103597e-01 -9.102238e-01 -2.729838e-01 -8.982020e-01
-8.772851e-01 -8.781766e-01 -2.724296e-01 -2.703859e-01
-8.983705e-01 -2.738781e-01 -9.121436e-01 -9.144508e-01
-8.672055e-01 -2.723686e-01 -8.693779e-01 -2.721324e-01
-8.666101e-01 -2.722399e-01 -2.731304e-01 -8.672662e-01
-1.328335e+00 -3.346735e-01 -3.348898e-01 -3.350405e-01
-2.736157e-01 -8.976945e-01 -9.133291e-01 -9.102036e-01
-2.727818e-01 -8.659028e-01 -8.673103e-01 -2.741213e-01
-2.717340e-01 -8.676772e-01 -2.742582e-01 -8.690655e-01
-3.342619e-01 -1.330491e+00 -3.349267e-01 -3.358335e-01
-2.706024e-01 -2.711915e-01 -8.767501e-01 -8.784403e-01
-3.359511e-01 -3.345007e-01 -1.328524e+00 -3.350296e-01
-3.339800e-01 -3.350152e-01 -3.361205e-01 -1.330011e+00
-3.042449e-01 -3.042253e-01 -3.051401e-01 -3.039776e-01
