 1.173446e+00  4.721965e-01  4.662086e-01  4.259326e-01
 4.725267e-01  1.173747e+00  4.256747e-01  4.677034e-01
 4.672048e-01  4.272097e-01  1.173316e+00  4.724368e-01
 4.264243e-01  4.671868e-01  4.724676e-01  1.173199e+00
 1.173446e+00  4.721965e-01  4.662086e-01 -4.259326e-01
 4.725267e-01  1.173747e+00  4.256747e-01 -4.677034e-01
 4.672048e-01  4.272097e-01  1.173316e+00 -4.724368e-01
 4.264243e-01  4.671868e-01  4.724676e-01 -1.173199e+00
 1.173446e+00  4.721965e-01 -4.662086e-01  4.259326e-01
 4.725267e-01  1.173747e+00 -4.256747e-01  4.677034e-01
 4.672048e-01  4.272097e-01 -1.173316e+00  4.724368e-01
 4.264243e-01  4.671868e-01 -4.724676e-01  1.173199e+00
 1.173446e+00  4.721965e-01 -4.662086e-01 -4.259326e-01
 4.725267e-01  1.173747e+00 -4.256747e-01 -4.677034e-01
 4.672048e-01  4.272097e-01 -1.173316e+00 -4.724368e-01
 4.264243e-01  4.671868e-01 -4.724676e-01 -1.173199e+00
 1.173446e+00 -4.721965e-01  4.662086e-01  4.259326e-01
 4.725267e-01 -1.173747e+00  4.256747e-01  4.677034e-01
 4.672048e-01 -4.272097e-01  1.173316e+00  4.724368e-01
 4.264243e-01 -4.671868e-01  4.724676e-01  1.173199e+00
 1.173446e+00 -4.721965e-01  4.662086e-01 -4.259326e-01
 4.725267e-01 -1.173747e+00  4.256747e-01 -4.677034e-01
 4.672048e-01 -4.272097e-01  1.173316e+00 -4.724368e-01
 4.264243e-01 -4.671868e-01  4.724676e-01 -1.173199e+00
 1.173446e+00 -4.721965e-01 -4.662086e-01  4.259326e-01
 4.725267e-01 -1.173747e+00 -4.256747e-01  4.677034e-01
 4.672048e-01 -4.272097e-01 -1.173316e+00  4.724368e-01
 4.264243e-01 -4.671868e-01 -4.724676e-01  1.173199e+00
 1.173446e+00 -4.721965e-01 -4.662086e-01 -4.259326e-01
 4.725267e-01 -1.173747e+00 -4.256747e-01 -4.677034e-01
 4.672048e-01 -4.272097e-01 -1.173316e+00 -4.724368e-01
 4.264243e-01 -4.671868e-01 -4.724676e-01 -1.173199e+00
-1.173446e+00  4.721965e-01  4.662086e-01  4.259326e-01
-4.725267e-01  1.173747e+00  4.256747e-01  4.677034e-01
-4.672048e-01  4.272097e-01  1.173316e+00  4.724368e-01
-4.264243e-01  4.671868e-01  4.724676e-01  1.173199e+00
-1.173446e+00  4.721965e-01  4.662086e-01 -4.259326e-01
-4.725267e-01  1.173747e+00  4.256747e-01 -4.677034e-01
-4.672048e-01  4.272097e-01  1.173316e+00 -4.724368e-01
-4.264243e-01  4.671868e-01  4.724676e-01 -1.173199e+00
-1.173446e+00  4.721965e-01 -4.662086e-01  4.259326e-01
-4.725267e-01  1.173747e+00 -4.256747e-01  4.677034e-01
-4.672048e-01  4.272097e-01 -1.173316e+00  4.724368e-01
-4.264243e-01  4.671868e-01 -4.724676e-01  1.173199e+00
-1.173446e+00  4.721965e-01 -4.662086e-01 -4.259326e-01
-4.725267e-01  1.173747e+00 -4.256747e-01 -4.677034e-01
-4.672048e-01  4.272097e-01 -1.173316e+00 -4.724368e-01
-4.264243e-01  4.671868e-01 -4.724676e-01 -1.173199e+00
-1.173446e+00 -4.721965e-01  4.662086e-01  4.259326e-01
-4.725267e-01 -1.173747e+00  4.256747e-01  4.677034e-01
-4.672048e-01 -4.272097e-01  1.173316e+00  4.724368e-01
-4.264243e-01 -4.671868e-01  4.724676e-01  1.173199e+00
-1.173446e+00 -4.721965e-01  4.662086e-01 -4.259326e-01
-4.725267e-01 -1.173747e+00  4.256747e-01 -4.677034e-01
-4.672048e-01 -4.272097e-01  1.173316e+00 -4.724368e-01
-4.264243e-01 -4.671868e-01  4.724676e-01 -1.173199e+00
-1.173446e+00 -4.721965e-01 -4.662086e-01  4.259326e-01
-4.725267e-01 -1.173747e+00 -4.256747e-01  4.677034e-01
-4.672048e-01 -4.272097e-01 -1.173316e+00  4.724368e-01
-4.264243e-01 -4.671868e-01 -4.724676e-01  1.173199e+00
-1.173446e+00 -4.721965e-01 -4.662086e-01 -4.259326e-01
-4.725267e-01 -1.173747e+00 -4.256747e-01 -4.677034e-01
-4.672048e-01 -4.272097e-01 -1.173316e+00 -4.724368e-01
-4.264243e-01 -4.671868e-01 -4.724676e-01 -1.173199e+00
