 8.675992e-01  8.685049e-01  8.682387e-01  8.678545e-01
 8.981750e-01  8.986634e-01  9.024770e-01  2.682789e-01
 8.988550e-01  8.975043e-01  2.689739e-01  8.996609e-01
 9.131197e-01  9.134731e-01  2.748877e-01  2.738121e-01
 9.001428e-01  2.686292e-01  8.982210e-01  9.015659e-01
 8.836703e-01  2.681313e-01  8.846498e-01  2.694960e-01
 8.791739e-01  2.682745e-01  2.689898e-01  8.811874e-01
 1.313257e+00  3.265838e-01  3.281231e-01  3.284492e-01
 2.690181e-01  9.000422e-01  8.975804e-01  8.979920e-01
 2.699182e-01  8.817760e-01  8.836653e-01  2.699372e-01
 2.696997e-01  8.818024e-01  2.696741e-01  8.828782e-01
 3.246975e-01  1.312370e+00  3.274289e-01  3.276136e-01
 2.730882e-01  2.743938e-01  9.085880e-01  9.109402e-01
 3.280998e-01  3.267509e-01  1.313818e+00  3.265584e-01
 3.268735e-01  3.285072e-01  3.259250e-01  1.316080e+00
 3.057709e-01  3.051345e-01  3.053534e-01  3.031927e-01
 8.675992e-01  8.685049e-01  8.682387e-01 -8.678545e-01
 8.981750e-01  8.986634e-01  9.024770e-01 -2.682789e-01
 8.988550e-01  8.975043e-01  2.689739e-01 -8.996609e-01
 9.131197e-01  9.134731e-01  2.748877e-01 -2.738121e-01
 9.001428e-01  2.686292e-01  8.982210e-01 -9.015659e-01
 8.836703e-01  2.681313e-01  8.846498e-01 -2.694960e-01
 8.791739e-01  2.682745e-01  2.689898e-01 -8.811874e-01
 1.313257e+00  3.265838e-01  3.281231e-01 -3.284492e-01
 2.690181e-01  9.000422e-01  8.975804e-01 -8.979920e-01
 2.699182e-01  8.817760e-01  8.836653e-01 -2.699372e-01
 2.696997e-01  8.818024e-01  2.696741e-01 -8.828782e-01
 3.246975e-01  1.312370e+00  3.274289e-01 -3.276136e-01
 2.730882e-01  2.743938e-01  9.085880e-01 -9.109402e-01
 3.280998e-01  3.267509e-01  1.313818e+00 -3.265584e-01
 3.268735e-01  3.285072e-01  3.259250e-01 -1.316080e+00
 3.057709e-01  3.051345e-01  3.053534e-01 -3.031927e-01
 8.675992e-01  8.685049e-01 -8.682387e-01  8.678545e-01
 8.981750e-01  8.986634e-01 -9.024770e-01  2.682789e-01
 8.988550e-01  8.975043e-01 -2.689739e-01  8.996609e-01
 9.131197e-01  9.134731e-01 -2.748877e-01  2.738121e-01
 9.001428e-01  2.686292e-01 -8.982210e-01  9.015659e-01
 8.836703e-01  2.681313e-01 -8.846498e-01  2.694960e-01
 8.791739e-01  2.682745e-01 -2.689898e-01  8.811874e-01
 1.313257e+00  3.265838e-01 -3.281231e-01  3.284492e-01
 2.690181e-01  9.000422e-01 -8.975804e-01  8.979920e-01
 2.699182e-01  8.817760e-01 -8.836653e-01  2.699372e-01
 2.696997e-01  8.818024e-01 -2.696741e-01  8.828782e-01
 3.246975e-01  1.312370e+00 -3.274289e-01  3.276136e-01
 2.730882e-01  2.743938e-01 -9.085880e-01  9.109402e-01
 3.280998e-01  3.267509e-01 -1.313818e+00  3.265584e-01
 3.268735e-01  3.285072e-01 -3.259250e-01  1.316080e+00
 3.057709e-01  3.051345e-01 -3.053534e-01  3.031927e-01
 8.675992e-01  8.685049e-01 -8.682387e-01 -8.678545e-01
 8.981750e-01  8.986634e-01 -9.024770e-01 -2.682789e-01
 8.988550e-01  8.975043e-01 -2.689739e-01 -8.996609e-01
 9.131197e-01  9.134731e-01 -2.748877e-01 -2.738121e-01
 9.001428e-01  2.686292e-01 -8.982210e-01 -9.015659e-01
 8.836703e-01  2.681313e-01 -8.846498e-01 -2.694960e-01
 8.791739e-01  2.682745e-01 -2.689898e-01 -8.811874e-01
 1.313257e+00  3.265838e-01 -3.281231e-01 -3.284492e-01
 2.690181e-01  9.000422e-01 -8.975804e-01 -8.979920e-01
 2.699182e-01  8.817760e-01 -8.836653e-01 -2.699372e-01
 2.696997e-01  8.818024e-01 -2.696741e-01 -8.828782e-01
 3.246975e-01  1.312370e+00 -3.274289e-01 -3.276136e-01
 2.730882e-01  2.743938e-01 -9.085880e-01 -9.109402e-01
 3.280998e-01  3.267509e-01 -1.313818e+00 -3.265584e-01
 3.268735e-01  3.285072e-01 -3.259250e-01 -1.316080e+00
 3.057709e-01  3.051345e-01 -3.053534e-01 -3.031927e-01
 8.675992e-01 -8.685049e-01  8.682387e-01  8.678545e-01
 8.981750e-01 -8.986634e-01  9.024770e-01  2.682789e-01
 8.988550e-01 -8.975043e-01  2.689739e-01  8.996609e-01
 9.131197e-01 -9.134731e-01  2.748877e-01  2.738121e-01
 9.001428e-01 -2.686292e-01  8.982210e-01  9.015659e-01
 8.836703e-01 -2.681313e-01  8.846498e-01  2.694960e-01
 8.791739e-01 -2.682745e-01  2.689898e-01  8.811874e-01
 1.313257e+00 -3.265838e-01  3.281231e-01  3.284492e-01
 2.690181e-01 -9.000422e-01  8.975804e-01  8.979920e-01
 2.699182e-01 -8.817760e-01  8.836653e-01  2.699372e-01
 2.696997e-01 -8.818024e-01  2.696741e-01  8.828782e-01
 3.246975e-01 -1.312370e+00  3.274289e-01  3.276136e-01
 2.730882e-01 -2.743938e-01  9.085880e-01  9.109402e-01
 3.280998e-01 -3.267509e-01  1.313818e+00  3.265584e-01
 3.268735e-01 -3.285072e-01  3.259250e-01  1.316080e+00
 3.057709e-01 -3.051345e-01  3.053534e-01  3.031927e-01
 8.675992e-01 -8.685049e-01  8.682387e-01 -8.678545e-01
 8.981750e-01 -8.986634e-01  9.024770e-01 -2.682789e-01
 8.988550e-01 -8.975043e-01  2.689739e-01 -8.996609e-01
 9.131197e-01 -9.134731e-01  2.748877e-01 -2.738121e-01
 9.001428e-01 -2.686292e-01  8.982210e-01 -9.015659e-01
 8.836703e-01 -2.681313e-01  8.846498e-01 -2.694960e-01
 8.791739e-01 -2.682745e-01  2.689898e-01 -8.811874e-01
 1.313257e+00 -3.265838e-01  3.281231e-01 -3.284492e-01
 2.690181e-01 -9.000422e-01  8.975804e-01 -8.979920e-01
 2.699182e-01 -8.817760e-01  8.836653e-01 -2.699372e-01
 2.696997e-01 -8.818024e-01  2.696741e-01 -8.828782e-01
 3.246975e-01 -1.312370e+00  3.274289e-01 -3.276136e-01
 2.730882e-01 -2.743938e-01  9.085880e-01 -9.109402e-01
 3.280998e-01 -3.267509e-01  1.313818e+00 -3.265584e-01
 3.268735e-01 -3.285072e-01  3.259250e-01 -1.316080e+00
 3.057709e-01 -3.051345e-01  3.053534e-01 -3.031927e-01
 8.675992e-01 -8.685049e-01 -8.682387e-01  8.678545e-01
 8.981750e-01 -8.986634e-01 -9.024770e-01  2.682789e-01
 8.988550e-01 -8.975043e-01 -2.689739e-01  8.996609e-01
 9.131197e-01 -9.134731e-01 -2.748877e-01  2.738121e-01
 9.001428e-01 -2.686292e-01 -8.982210e-01  9.015659e-01
 8.836703e-01 -2.681313e-01 -8.846498e-01  2.694960e-01
 8.791739e-01 -2.682745e-01 -2.689898e-01  8.811874e-01
 1.313257e+00 -3.265838e-01 -3.281231e-01  3.284492e-01
 2.690181e-01 -9.000422e-01 -8.975804e-01  8.979920e-01
 2.699182e-01 -8.817760e-01 -8.836653e-01  2.699372e-01
 2.696997e-01 -8.818024e-01 -2.696741e-01  8.828782e-01
 3.246975e-01 -1.312370e+00 -3.274289e-01  3.276136e-01
 2.730882e-01 -2.743938e-01 -9.085880e-01  9.109402e-01
 3.280998e-01 -3.267509e-01 -1.313818e+00  3.265584e-01
 3.268735e-01 -3.285072e-01 -3.259250e-01  1.316080e+00
 3.057709e-01 -3.051345e-01 -3.053534e-01  3.031927e-01
 8.675992e-01 -8.685049e-01 -8.682387e-01 -8.678545e-01
 8.981750e-01 -8.986634e-01 -9.024770e-01 -2.682789e-01
 8.988550e-01 -8.975043e-01 -2.689739e-01 -8.996609e-01
 9.131197e-01 -9.134731e-01 -2.748877e-01 -2.738121e-01
 9.001428e-01 -2.686292e-01 -8.982210e-01 -9.015659e-01
 8.836703e-01 -2.681313e-01 -8.846498e-01 -2.694960e-01
 8.791739e-01 -2.682745e-01 -2.689898e-01 -8.811874e-01
 1.313257e+00 -3.265838e-01 -3.281231e-01 -3.284492e-01
 2.690181e-01 -9.000422e-01 -8.975804e-01 -8.979920e-01
 2.699182e-01 -8.817760e-01 -8.836653e-01 -2.699372e-01
 2.696997e-01 -8.818024e-01 -2.696741e-01 -8.828782e-01
 3.246975e-01 -1.312370e+00 -3.274289e-01 -3.276136e-01
 2.730882e-01 -2.743938e-01 -9.085880e-01 -9.109402e-01
 3.280998e-01 -3.267509e-01 -1.313818e+00 -3.265584e-01
 3.268735e-01 -3.285072e-01 -3.259250e-01 -1.316080e+00
 3.057709e-01 -3.051345e-01 -3.053534e-01 -3.031927e-01
-8.675992e-01  8.685049e-01  8.682387e-01  8.678545e-01
-8.981750e-01  8.986634e-01  9.024770e-01  2.682789e-01
-8.988550e-01  8.975043e-01  2.689739e-01  8.996609e-01
-9.131197e-01  9.134731e-01  2.748877e-01  2.738121e-01
-9.001428e-01  2.686292e-01  8.982210e-01  9.015659e-01
-8.836703e-01  2.681313e-01  8.846498e-01  2.694960e-01
-8.791739e-01  2.682745e-01  2.689898e-01  8.811874e-01
-1.313257e+00  3.265838e-01  3.281231e-01  3.284492e-01
-2.690181e-01  9.000422e-01  8.975804e-01  8.979920e-01
-2.699182e-01  8.817760e-01  8.836653e-01  2.699372e-01
-2.696997e-01  8.818024e-01  2.696741e-01  8.828782e-01
-3.246975e-01  1.312370e+00  3.274289e-01  3.276136e-01
-2.730882e-01  2.743938e-01  9.085880e-01  9.109402e-01
-3.280998e-01  3.267509e-01  1.313818e+00  3.265584e-01
-3.268735e-01  3.285072e-01  3.259250e-01  1.316080e+00
-3.057709e-01  3.051345e-01  3.053534e-01  3.031927e-01
-8.675992e-01  8.685049e-01  8.682387e-01 -8.678545e-01
-8.981750e-01  8.986634e-01  9.024770e-01 -2.682789e-01
-8.988550e-01  8.975043e-01  2.689739e-01 -8.996609e-01
-9.131197e-01  9.134731e-01  2.748877e-01 -2.738121e-01
-9.001428e-01  2.686292e-01  8.982210e-01 -9.015659e-01
-8.836703e-01  2.681313e-01  8.846498e-01 -2.694960e-01
-8.791739e-01  2.682745e-01  2.689898e-01 -8.811874e-01
-1.313257e+00  3.265838e-01  3.281231e-01 -3.284492e-01
-2.690181e-01  9.000422e-01  8.975804e-01 -8.979920e-01
-2.699182e-01  8.817760e-01  8.836653e-01 -2.699372e-01
-2.696997e-01  8.818024e-01  2.696741e-01 -8.828782e-01
-3.246975e-01  1.312370e+00  3.274289e-01 -3.276136e-01
-2.730882e-01  2.743938e-01  9.085880e-01 -9.109402e-01
-3.280998e-01  3.267509e-01  1.313818e+00 -3.265584e-01
-3.268735e-01  3.285072e-01  3.259250e-01 -1.316080e+00
-3.057709e-01  3.051345e-01  3.053534e-01 -3.031927e-01
-8.675992e-01  8.685049e-01 -8.682387e-01  8.678545e-01
-8.981750e-01  8.986634e-01 -9.024770e-01  2.682789e-01
-8.988550e-01  8.975043e-01 -2.689739e-01  8.996609e-01
-9.131197e-01  9.134731e-01 -2.748877e-01  2.738121e-01
-9.001428e-01  2.686292e-01 -8.982210e-01  9.015659e-01
-8.836703e-01  2.681313e-01 -8.846498e-01  2.694960e-01
-8.791739e-01  2.682745e-01 -2.689898e-01  8.811874e-01
-1.313257e+00  3.265838e-01 -3.281231e-01  3.284492e-01
-2.690181e-01  9.000422e-01 -8.975804e-01  8.979920e-01
-2.699182e-01  8.817760e-01 -8.836653e-01  2.699372e-01
-2.696997e-01  8.818024e-01 -2.696741e-01  8.828782e-01
-3.246975e-01  1.312370e+00 -3.274289e-01  3.276136e-01
-2.730882e-01  2.743938e-01 -9.085880e-01  9.109402e-01
-3.280998e-01  3.267509e-01 -1.313818e+00  3.265584e-01
-3.268735e-01  3.285072e-01 -3.259250e-01  1.316080e+00
-3.057709e-01  3.051345e-01 -3.053534e-01  3.031927e-01
-8.675992e-01  8.685049e-01 -8.682387e-01 -8.678545e-01
-8.981750e-01  8.986634e-01 -9.024770e-01 -2.682789e-01
-8.988550e-01  8.975043e-01 -2.689739e-01 -8.996609e-01
-9.131197e-01  9.134731e-01 -2.748877e-01 -2.738121e-01
-9.001428e-01  2.686292e-01 -8.982210e-01 -9.015659e-01
-8.836703e-01  2.681313e-01 -8.846498e-01 -2.694960e-01
-8.791739e-01  2.682745e-01 -2.689898e-01 -8.811874e-01
-1.313257e+00  3.265838e-01 -3.281231e-01 -3.284492e-01
-2.690181e-01  9.000422e-01 -8.975804e-01 -8.979920e-01
-2.699182e-01  8.817760e-01 -8.836653e-01 -2.699372e-01
-2.696997e-01  8.818024e-01 -2.696741e-01 -8.828782e-01
-3.246975e-01  1.312370e+00 -3.274289e-01 -3.276136e-01
-2.730882e-01  2.743938e-01 -9.085880e-01 -9.109402e-01
-3.280998e-01  3.267509e-01 -1.313818e+00 -3.265584e-01
-3.268735e-01  3.285072e-01 -3.259250e-01 -1.316080e+00
-3.057709e-01  3.051345e-01 -3.053534e-01 -3.031927e-01
-8.675992e-01 -8.685049e-01  8.682387e-01  8.678545e-01
-8.981750e-01 -8.986634e-01  9.024770e-01  2.682789e-01
-8.988550e-01 -8.975043e-01  2.689739e-01  8.996609e-01
-9.131197e-01 -9.134731e-01  2.748877e-01  2.738121e-01
-9.001428e-01 -2.686292e-01  8.982210e-01  9.015659e-01
-8.836703e-01 -2.681313e-01  8.846498e-01  2.694960e-01
-8.791739e-01 -2.682745e-01  2.689898e-01  8.811874e-01
-1.313257e+00 -3.265838e-01  3.281231e-01  3.284492e-01
-2.690181e-01 -9.000422e-01  8.975804e-01  8.979920e-01
-2.699182e-01 -8.817760e-01  8.836653e-01  2.699372e-01
-2.696997e-01 -8.818024e-01  2.696741e-01  8.828782e-01
-3.246975e-01 -1.312370e+00  3.274289e-01  3.276136e-01
-2.730882e-01 -2.743938e-01  9.085880e-01  9.109402e-01
-3.280998e-01 -3.267509e-01  1.313818e+00  3.265584e-01
-3.268735e-01 -3.285072e-01  3.259250e-01  1.316080e+00
-3.057709e-01 -3.051345e-01  3.053534e-01  3.031927e-01
-8.675992e-01 -8.685049e-01  8.682387e-01 -8.678545e-01
-8.981750e-01 -8.986634e-01  9.024770e-01 -2.682789e-01
-8.988550e-01 -8.975043e-01  2.689739e-01 -8.996609e-01
-9.131197e-01 -9.134731e-01  2.748877e-01 -2.738121e-01
-9.001428e-01 -2.686292e-01  8.982210e-01 -9.015659e-01
-8.836703e-01 -2.681313e-01  8.846498e-01 -2.694960e-01
-8.791739e-01 -2.682745e-01  2.689898e-01 -8.811874e-01
-1.313257e+00 -3.265838e-01  3.281231e-01 -3.284492e-01
-2.690181e-01 -9.000422e-01  8.975804e-01 -8.979920e-01
-2.699182e-01 -8.817760e-01  8.836653e-01 -2.699372e-01
-2.696997e-01 -8.818024e-01  2.696741e-01 -8.828782e-01
-3.246975e-01 -1.312370e+00  3.274289e-01 -3.276136e-01
-2.730882e-01 -2.743938e-01  9.085880e-01 -9.109402e-01
-3.280998e-01 -3.267509e-01  1.313818e+00 -3.265584e-01
-3.268735e-01 -3.285072e-01  3.259250e-01 -1.316080e+00
-3.057709e-01 -3.051345e-01  3.053534e-01 -3.031927e-01
-8.675992e-01 -8.685049e-01 -8.682387e-01  8.678545e-01
-8.981750e-01 -8.986634e-01 -9.024770e-01  2.682789e-01
-8.988550e-01 -8.975043e-01 -2.689739e-01  8.996609e-01
-9.131197e-01 -9.134731e-01 -2.748877e-01  2.738121e-01
-9.001428e-01 -2.686292e-01 -8.982210e-01  9.015659e-01
-8.836703e-01 -2.681313e-01 -8.846498e-01  2.694960e-01
-8.791739e-01 -2.682745e-01 -2.689898e-01  8.811874e-01
-1.313257e+00 -3.265838e-01 -3.281231e-01  3.284492e-01
-2.690181e-01 -9.000422e-01 -8.975804e-01  8.979920e-01
-2.699182e-01 -8.817760e-01 -8.836653e-01  2.699372e-01
-2.696997e-01 -8.818024e-01 -2.696741e-01  8.828782e-01
-3.246975e-01 -1.312370e+00 -3.274289e-01  3.276136e-01
-2.730882e-01 -2.743938e-01 -9.085880e-01  9.109402e-01
-3.280998e-01 -3.267509e-01 -1.313818e+00  3.265584e-01
-3.268735e-01 -3.285072e-01 -3.259250e-01  1.316080e+00
-3.057709e-01 -3.051345e-01 -3.053534e-01  3.031927e-01
-8.675992e-01 -8.685049e-01 -8.682387e-01 -8.678545e-01
-8.981750e-01 -8.986634e-01 -9.024770e-01 -2.682789e-01
-8.988550e-01 -8.975043e-01 -2.689739e-01 -8.996609e-01
-9.131197e-01 -9.134731e-01 -2.748877e-01 -2.738121e-01
-9.001428e-01 -2.686292e-01 -8.982210e-01 -9.015659e-01
-8.836703e-01 -2.681313e-01 -8.846498e-01 -2.694960e-01
-8.791739e-01 -2.682745e-01 -2.689898e-01 -8.811874e-01
-1.313257e+00 -3.265838e-01 -3.281231e-01 -3.284492e-01
-2.690181e-01 -9.000422e-01 -8.975804e-01 -8.979920e-01
-2.699182e-01 -8.817760e-01 -8.836653e-01 -2.699372e-01
-2.696997e-01 -8.818024e-01 -2.696741e-01 -8.828782e-01
-3.246975e-01 -1.312370e+00 -3.274289e-01 -3.276136e-01
-2.730882e-01 -2.743938e-01 -9.085880e-01 -9.109402e-01
-3.280998e-01 -3.267509e-01 -1.313818e+00 -3.265584e-01
-3.268735e-01 -3.285072e-01 -3.259250e-01 -1.316080e+00
-3.057709e-01 -3.051345e-01 -3.053534e-01 -3.031927e-01
