 5.050120e-01  3.702498e-01  1.162761e+00  5.139813e-01
 1.161363e+00  5.136029e-01  5.038614e-01  3.709918e-01
 3.694125e-01  5.033392e-01  5.127207e-01  1.159119e+00
 5.108256e-01  1.157642e+00  3.710098e-01  5.026389e-01
 5.050120e-01  3.702498e-01  1.162761e+00 -5.139813e-01
 1.161363e+00  5.136029e-01  5.038614e-01 -3.709918e-01
 3.694125e-01  5.033392e-01  5.127207e-01 -1.159119e+00
 5.108256e-01  1.157642e+00  3.710098e-01 -5.026389e-01
 5.050120e-01  3.702498e-01 -1.162761e+00  5.139813e-01
 1.161363e+00  5.136029e-01 -5.038614e-01  3.709918e-01
 3.694125e-01  5.033392e-01 -5.127207e-01  1.159119e+00
 5.108256e-01  1.157642e+00 -3.710098e-01  5.026389e-01
 5.050120e-01  3.702498e-01 -1.162761e+00 -5.139813e-01
 1.161363e+00  5.136029e-01 -5.038614e-01 -3.709918e-01
 3.694125e-01  5.033392e-01 -5.127207e-01 -1.159119e+00
 5.108256e-01  1.157642e+00 -3.710098e-01 -5.026389e-01
 5.050120e-01 -3.702498e-01  1.162761e+00  5.139813e-01
 1.161363e+00 -5.136029e-01  5.038614e-01  3.709918e-01
 3.694125e-01 -5.033392e-01  5.127207e-01  1.159119e+00
 5.108256e-01 -1.157642e+00  3.710098e-01  5.026389e-01
 5.050120e-01 -3.702498e-01  1.162761e+00 -5.139813e-01
 1.161363e+00 -5.136029e-01  5.038614e-01 -3.709918e-01
 3.694125e-01 -5.033392e-01  5.127207e-01 -1.159119e+00
 5.108256e-01 -1.157642e+00  3.710098e-01 -5.026389e-01
 5.050120e-01 -3.702498e-01 -1.162761e+00  5.139813e-01
 1.161363e+00 -5.136029e-01 -5.038614e-01  3.709918e-01
 3.694125e-01 -5.033392e-01 -5.127207e-01  1.159119e+00
 5.108256e-01 -1.157642e+00 -3.710098e-01  5.026389e-01
 5.050120e-01 -3.702498e-01 -1.162761e+00 -5.139813e-01
 1.161363e+00 -5.136029e-01 -5.038614e-01 -3.709918e-01
 3.694125e-01 -5.033392e-01 -5.127207e-01 -1.159119e+00
 5.108256e-01 -1.157642e+00 -3.710098e-01 -5.026389e-01
-5.050120e-01  3.702498e-01  1.162761e+00  5.139813e-01
-1.161363e+00  5.136029e-01  5.038614e-01  3.709918e-01
-3.694125e-01  5.033392e-01  5.127207e-01  1.159119e+00
-5.108256e-01  1.157642e+00  3.710098e-01  5.026389e-01
-5.050120e-01  3.702498e-01  1.162761e+00 -5.139813e-01
-1.161363e+00  5.136029e-01  5.038614e-01 -3.709918e-01
-3.694125e-01  5.033392e-01  5.127207e-01 -1.159119e+00
-5.108256e-01  1.157642e+00  3.710098e-01 -5.026389e-01
-5.050120e-01  3.702498e-01 -1.162761e+00  5.139813e-01
-1.161363e+00  5.136029e-01 -5.038614e-01  3.709918e-01
-3.694125e-01  5.033392e-01 -5.127207e-01  1.159119e+00
-5.108256e-01  1.157642e+00 -3.710098e-01  5.026389e-01
-5.050120e-01  3.702498e-01 -1.162761e+00 -5.139813e-01
-1.161363e+00  5.136029e-01 -5.038614e-01 -3.709918e-01
-3.694125e-01  5.033392e-01 -5.127207e-01 -1.159119e+00
-5.108256e-01  1.157642e+00 -3.710098e-01 -5.026389e-01
-5.050120e-01 -3.702498e-01  1.162761e+00  5.139813e-01
-1.161363e+00 -5.136029e-01  5.038614e-01  3.709918e-01
-3.694125e-01 -5.033392e-01  5.127207e-01  1.159119e+00
-5.108256e-01 -1.157642e+00  3.710098e-01  5.026389e-01
-5.050120e-01 -3.702498e-01  1.162761e+00 -5.139813e-01
-1.161363e+00 -5.136029e-01  5.038614e-01 -3.709918e-01
-3.694125e-01 -5.033392e-01  5.127207e-01 -1.159119e+00
-5.108256e-01 -1.157642e+00  3.710098e-01 -5.026389e-01
-5.050120e-01 -3.702498e-01 -1.162761e+00  5.139813e-01
-1.161363e+00 -5.136029e-01 -5.038614e-01  3.709918e-01
-3.694125e-01 -5.033392e-01 -5.127207e-01  1.159119e+00
-5.108256e-01 -1.157642e+00 -3.710098e-01  5.026389e-01
-5.050120e-01 -3.702498e-01 -1.162761e+00 -5.139813e-01
-1.161363e+00 -5.136029e-01 -5.038614e-01 -3.709918e-01
-3.694125e-01 -5.033392e-01 -5.127207e-01 -1.159119e+00
-5.108256e-01 -1.157642e+00 -3.710098e-01 -5.026389e-01
