 4.823117e-01  4.824528e-01  1.174441e+00  3.963132e-01
 1.174054e+00  3.950320e-01  4.825736e-01  4.818697e-01
 3.968976e-01  1.175059e+00  4.822804e-01  4.819315e-01
 4.810007e-01  4.810676e-01  3.954902e-01  1.173187e+00
 4.823117e-01  4.824528e-01  1.174441e+00 -3.963132e-01
 1.174054e+00  3.950320e-01  4.825736e-01 -4.818697e-01
 3.968976e-01  1.175059e+00  4.822804e-01 -4.819315e-01
 4.810007e-01  4.810676e-01  3.954902e-01 -1.173187e+00
 4.823117e-01  4.824528e-01 -1.174441e+00  3.963132e-01
 1.174054e+00  3.950320e-01 -4.825736e-01  4.818697e-01
 3.968976e-01  1.175059e+00 -4.822804e-01  4.819315e-01
 4.810007e-01  4.810676e-01 -3.954902e-01  1.173187e+00
 4.823117e-01  4.824528e-01 -1.174441e+00 -3.963132e-01
 1.174054e+00  3.950320e-01 -4.825736e-01 -4.818697e-01
 3.968976e-01  1.175059e+00 -4.822804e-01 -4.819315e-01
 4.810007e-01  4.810676e-01 -3.954902e-01 -1.173187e+00
 4.823117e-01 -4.824528e-01  1.174441e+00  3.963132e-01
 1.174054e+00 -3.950320e-01  4.825736e-01  4.818697e-01
 3.968976e-01 -1.175059e+00  4.822804e-01  4.819315e-01
 4.810007e-01 -4.810676e-01  3.954902e-01  1.173187e+00
 4.823117e-01 -4.824528e-01  1.174441e+00 -3.963132e-01
 1.174054e+00 -3.950320e-01  4.825736e-01 -4.818697e-01
 3.968976e-01 -1.175059e+00  4.822804e-01 -4.819315e-01
 4.810007e-01 -4.810676e-01  3.954902e-01 -1.173187e+00
 4.823117e-01 -4.824528e-01 -1.174441e+00  3.963132e-01
 1.174054e+00 -3.950320e-01 -4.825736e-01  4.818697e-01
 3.968976e-01 -1.175059e+00 -4.822804e-01  4.819315e-01
 4.810007e-01 -4.810676e-01 -3.954902e-01  1.173187e+00
 4.823117e-01 -4.824528e-01 -1.174441e+00 -3.963132e-01
 1.174054e+00 -3.950320e-01 -4.825736e-01 -4.818697e-01
 3.968976e-01 -1.175059e+00 -4.822804e-01 -4.819315e-01
 4.810007e-01 -4.810676e-01 -3.954902e-01 -1.173187e+00
-4.823117e-01  4.824528e-01  1.174441e+00  3.963132e-01
-1.174054e+00  3.950320e-01  4.825736e-01  4.818697e-01
-3.968976e-01  1.175059e+00  4.822804e-01  4.819315e-01
-4.810007e-01  4.810676e-01  3.954902e-01  1.173187e+00
-4.823117e-01  4.824528e-01  1.174441e+00 -3.963132e-01
-1.174054e+00  3.950320e-01  4.825736e-01 -4.818697e-01
-3.968976e-01  1.175059e+00  4.822804e-01 -4.819315e-01
-4.810007e-01  4.810676e-01  3.954902e-01 -1.173187e+00
-4.823117e-01  4.824528e-01 -1.174441e+00  3.963132e-01
-1.174054e+00  3.950320e-01 -4.825736e-01  4.818697e-01
-3.968976e-01  1.175059e+00 -4.822804e-01  4.819315e-01
-4.810007e-01  4.810676e-01 -3.954902e-01  1.173187e+00
-4.823117e-01  4.824528e-01 -1.174441e+00 -3.963132e-01
-1.174054e+00  3.950320e-01 -4.825736e-01 -4.818697e-01
-3.968976e-01  1.175059e+00 -4.822804e-01 -4.819315e-01
-4.810007e-01  4.810676e-01 -3.954902e-01 -1.173187e+00
-4.823117e-01 -4.824528e-01  1.174441e+00  3.963132e-01
-1.174054e+00 -3.950320e-01  4.825736e-01  4.818697e-01
-3.968976e-01 -1.175059e+00  4.822804e-01  4.819315e-01
-4.810007e-01 -4.810676e-01  3.954902e-01  1.173187e+00
-4.823117e-01 -4.824528e-01  1.174441e+00 -3.963132e-01
-1.174054e+00 -3.950320e-01  4.825736e-01 -4.818697e-01
-3.968976e-01 -1.175059e+00  4.822804e-01 -4.819315e-01
-4.810007e-01 -4.810676e-01  3.954902e-01 -1.173187e+00
-4.823117e-01 -4.824528e-01 -1.174441e+00  3.963132e-01
-1.174054e+00 -3.950320e-01 -4.825736e-01  4.818697e-01
-3.968976e-01 -1.175059e+00 -4.822804e-01  4.819315e-01
-4.810007e-01 -4.810676e-01 -3.954902e-01  1.173187e+00
-4.823117e-01 -4.824528e-01 -1.174441e+00 -3.963132e-01
-1.174054e+00 -3.950320e-01 -4.825736e-01 -4.818697e-01
-3.968976e-01 -1.175059e+00 -4.822804e-01 -4.819315e-01
-4.810007e-01 -4.810676e-01 -3.954902e-01 -1.173187e+00
