 4.744989e-01  4.743882e-01  1.174727e+00  4.137340e-01
 1.174527e+00  4.129806e-01  4.752112e-01  4.736712e-01
 4.133244e-01  1.175201e+00  4.745806e-01  4.742919e-01
 4.731423e-01  4.728824e-01  4.130758e-01  1.173952e+00
 4.744989e-01  4.743882e-01  1.174727e+00 -4.137340e-01
 1.174527e+00  4.129806e-01  4.752112e-01 -4.736712e-01
 4.133244e-01  1.175201e+00  4.745806e-01 -4.742919e-01
 4.731423e-01  4.728824e-01  4.130758e-01 -1.173952e+00
 4.744989e-01  4.743882e-01 -1.174727e+00  4.137340e-01
 1.174527e+00  4.129806e-01 -4.752112e-01  4.736712e-01
 4.133244e-01  1.175201e+00 -4.745806e-01  4.742919e-01
 4.731423e-01  4.728824e-01 -4.130758e-01  1.173952e+00
 4.744989e-01  4.743882e-01 -1.174727e+00 -4.137340e-01
 1.174527e+00  4.129806e-01 -4.752112e-01 -4.736712e-01
 4.133244e-01  1.175201e+00 -4.745806e-01 -4.742919e-01
 4.731423e-01  4.728824e-01 -4.130758e-01 -1.173952e+00
 4.744989e-01 -4.743882e-01  1.174727e+00  4.137340e-01
 1.174527e+00 -4.129806e-01  4.752112e-01  4.736712e-01
 4.133244e-01 -1.175201e+00  4.745806e-01  4.742919e-01
 4.731423e-01 -4.728824e-01  4.130758e-01  1.173952e+00
 4.744989e-01 -4.743882e-01  1.174727e+00 -4.137340e-01
 1.174527e+00 -4.129806e-01  4.752112e-01 -4.736712e-01
 4.133244e-01 -1.175201e+00  4.745806e-01 -4.742919e-01
 4.731423e-01 -4.728824e-01  4.130758e-01 -1.173952e+00
 4.744989e-01 -4.743882e-01 -1.174727e+00  4.137340e-01
 1.174527e+00 -4.129806e-01 -4.752112e-01  4.736712e-01
 4.133244e-01 -1.175201e+00 -4.745806e-01  4.742919e-01
 4.731423e-01 -4.728824e-01 -4.130758e-01  1.173952e+00
 4.744989e-01 -4.743882e-01 -1.174727e+00 -4.137340e-01
 1.174527e+00 -4.129806e-01 -4.752112e-01 -4.736712e-01
 4.133244e-01 -1.175201e+00 -4.745806e-01 -4.742919e-01
 4.731423e-01 -4.728824e-01 -4.130758e-01 -1.173952e+00
-4.744989e-01  4.743882e-01  1.174727e+00  4.137340e-01
-1.174527e+00  4.129806e-01  4.752112e-01  4.736712e-01
-4.133244e-01  1.175201e+00  4.745806e-01  4.742919e-01
-4.731423e-01  4.728824e-01  4.130758e-01  1.173952e+00
-4.744989e-01  4.743882e-01  1.174727e+00 -4.137340e-01
-1.174527e+00  4.129806e-01  4.752112e-01 -4.736712e-01
-4.133244e-01  1.175201e+00  4.745806e-01 -4.742919e-01
-4.731423e-01  4.728824e-01  4.130758e-01 -1.173952e+00
-4.744989e-01  4.743882e-01 -1.174727e+00  4.137340e-01
-1.174527e+00  4.129806e-01 -4.752112e-01  4.736712e-01
-4.133244e-01  1.175201e+00 -4.745806e-01  4.742919e-01
-4.731423e-01  4.728824e-01 -4.130758e-01  1.173952e+00
-4.744989e-01  4.743882e-01 -1.174727e+00 -4.137340e-01
-1.174527e+00  4.129806e-01 -4.752112e-01 -4.736712e-01
-4.133244e-01  1.175201e+00 -4.745806e-01 -4.742919e-01
-4.731423e-01  4.728824e-01 -4.130758e-01 -1.173952e+00
-4.744989e-01 -4.743882e-01  1.174727e+00  4.137340e-01
-1.174527e+00 -4.129806e-01  4.752112e-01  4.736712e-01
-4.133244e-01 -1.175201e+00  4.745806e-01  4.742919e-01
-4.731423e-01 -4.728824e-01  4.130758e-01  1.173952e+00
-4.744989e-01 -4.743882e-01  1.174727e+00 -4.137340e-01
-1.174527e+00 -4.129806e-01  4.752112e-01 -4.736712e-01
-4.133244e-01 -1.175201e+00  4.745806e-01 -4.742919e-01
-4.731423e-01 -4.728824e-01  4.130758e-01 -1.173952e+00
-4.744989e-01 -4.743882e-01 -1.174727e+00  4.137340e-01
-1.174527e+00 -4.129806e-01 -4.752112e-01  4.736712e-01
-4.133244e-01 -1.175201e+00 -4.745806e-01  4.742919e-01
-4.731423e-01 -4.728824e-01 -4.130758e-01  1.173952e+00
-4.744989e-01 -4.743882e-01 -1.174727e+00 -4.137340e-01
-1.174527e+00 -4.129806e-01 -4.752112e-01 -4.736712e-01
-4.133244e-01 -1.175201e+00 -4.745806e-01 -4.742919e-01
-4.731423e-01 -4.728824e-01 -4.130758e-01 -1.173952e+00
