 3.952550e-01  1.487531e+00  3.809016e-01  3.794974e-01
 9.188161e-01  9.780530e-01  9.150735e-01  3.309640e-01
 9.185985e-01  9.789083e-01  3.320110e-01  9.147648e-01
 9.025856e-01  8.287973e-01  2.868266e-01  2.870870e-01
 9.273605e-01  3.358136e-01  9.623682e-01  9.627162e-01
 8.671685e-01  2.966920e-01  8.951425e-01  3.012431e-01
 8.673497e-01  2.974508e-01  2.997095e-01  8.941081e-01
 1.329693e+00  3.335424e-01  3.549354e-01  3.543682e-01
 3.302234e-01  9.132986e-01  9.709227e-01  9.730363e-01
 2.910127e-01  8.430824e-01  9.293076e-01  3.058025e-01
 2.908258e-01  8.415765e-01  3.042554e-01  9.280398e-01
 2.925774e-01  7.695057e-01  3.013727e-01  3.007125e-01
 2.841365e-01  2.797337e-01  8.736782e-01  8.760456e-01
 3.442710e-01  3.326623e-01  1.371262e+00  3.597808e-01
 3.435205e-01  3.336026e-01  3.592546e-01  1.373152e+00
 3.285907e-01  2.483111e-01  3.363751e-01  3.373616e-01
 3.952550e-01  1.487531e+00  3.809016e-01 -3.794974e-01
 9.188161e-01  9.780530e-01  9.150735e-01 -3.309640e-01
 9.185985e-01  9.789083e-01  3.320110e-01 -9.147648e-01
 9.025856e-01  8.287973e-01  2.868266e-01 -2.870870e-01
 9.273605e-01  3.358136e-01  9.623682e-01 -9.627162e-01
 8.671685e-01  2.966920e-01  8.951425e-01 -3.012431e-01
 8.673497e-01  2.974508e-01  2.997095e-01 -8.941081e-01
 1.329693e+00  3.335424e-01  3.549354e-01 -3.543682e-01
 3.302234e-01  9.132986e-01  9.709227e-01 -9.730363e-01
 2.910127e-01  8.430824e-01  9.293076e-01 -3.058025e-01
 2.908258e-01  8.415765e-01  3.042554e-01 -9.280398e-01
 2.925774e-01  7.695057e-01  3.013727e-01 -3.007125e-01
 2.841365e-01  2.797337e-01  8.736782e-01 -8.760456e-01
 3.442710e-01  3.326623e-01  1.371262e+00 -3.597808e-01
 3.435205e-01  3.336026e-01  3.592546e-01 -1.373152e+00
 3.285907e-01  2.483111e-01  3.363751e-01 -3.373616e-01
 3.952550e-01  1.487531e+00 -3.809016e-01  3.794974e-01
 9.188161e-01  9.780530e-01 -9.150735e-01  3.309640e-01
 9.185985e-01  9.789083e-01 -3.320110e-01  9.147648e-01
 9.025856e-01  8.287973e-01 -2.868266e-01  2.870870e-01
 9.273605e-01  3.358136e-01 -9.623682e-01  9.627162e-01
 8.671685e-01  2.966920e-01 -8.951425e-01  3.012431e-01
 8.673497e-01  2.974508e-01 -2.997095e-01  8.941081e-01
 1.329693e+00  3.335424e-01 -3.549354e-01  3.543682e-01
 3.302234e-01  9.132986e-01 -9.709227e-01  9.730363e-01
 2.910127e-01  8.430824e-01 -9.293076e-01  3.058025e-01
 2.908258e-01  8.415765e-01 -3.042554e-01  9.280398e-01
 2.925774e-01  7.695057e-01 -3.013727e-01  3.007125e-01
 2.841365e-01  2.797337e-01 -8.736782e-01  8.760456e-01
 3.442710e-01  3.326623e-01 -1.371262e+00  3.597808e-01
 3.435205e-01  3.336026e-01 -3.592546e-01  1.373152e+00
 3.285907e-01  2.483111e-01 -3.363751e-01  3.373616e-01
 3.952550e-01  1.487531e+00 -3.809016e-01 -3.794974e-01
 9.188161e-01  9.780530e-01 -9.150735e-01 -3.309640e-01
 9.185985e-01  9.789083e-01 -3.320110e-01 -9.147648e-01
 9.025856e-01  8.287973e-01 -2.868266e-01 -2.870870e-01
 9.273605e-01  3.358136e-01 -9.623682e-01 -9.627162e-01
 8.671685e-01  2.966920e-01 -8.951425e-01 -3.012431e-01
 8.673497e-01  2.974508e-01 -2.997095e-01 -8.941081e-01
 1.329693e+00  3.335424e-01 -3.549354e-01 -3.543682e-01
 3.302234e-01  9.132986e-01 -9.709227e-01 -9.730363e-01
 2.910127e-01  8.430824e-01 -9.293076e-01 -3.058025e-01
 2.908258e-01  8.415765e-01 -3.042554e-01 -9.280398e-01
 2.925774e-01  7.695057e-01 -3.013727e-01 -3.007125e-01
 2.841365e-01  2.797337e-01 -8.736782e-01 -8.760456e-01
 3.442710e-01  3.326623e-01 -1.371262e+00 -3.597808e-01
 3.435205e-01  3.336026e-01 -3.592546e-01 -1.373152e+00
 3.285907e-01  2.483111e-01 -3.363751e-01 -3.373616e-01
 3.952550e-01 -1.487531e+00  3.809016e-01  3.794974e-01
 9.188161e-01 -9.780530e-01  9.150735e-01  3.309640e-01
 9.185985e-01 -9.789083e-01  3.320110e-01  9.147648e-01
 9.025856e-01 -8.287973e-01  2.868266e-01  2.870870e-01
 9.273605e-01 -3.358136e-01  9.623682e-01  9.627162e-01
 8.671685e-01 -2.966920e-01  8.951425e-01  3.012431e-01
 8.673497e-01 -2.974508e-01  2.997095e-01  8.941081e-01
 1.329693e+00 -3.335424e-01  3.549354e-01  3.543682e-01
 3.302234e-01 -9.132986e-01  9.709227e-01  9.730363e-01
 2.910127e-01 -8.430824e-01  9.293076e-01  3.058025e-01
 2.908258e-01 -8.415765e-01  3.042554e-01  9.280398e-01
 2.925774e-01 -7.695057e-01  3.013727e-01  3.007125e-01
 2.841365e-01 -2.797337e-01  8.736782e-01  8.760456e-01
 3.442710e-01 -3.326623e-01  1.371262e+00  3.597808e-01
 3.435205e-01 -3.336026e-01  3.592546e-01  1.373152e+00
 3.285907e-01 -2.483111e-01  3.363751e-01  3.373616e-01
 3.952550e-01 -1.487531e+00  3.809016e-01 -3.794974e-01
 9.188161e-01 -9.780530e-01  9.150735e-01 -3.309640e-01
 9.185985e-01 -9.789083e-01  3.320110e-01 -9.147648e-01
 9.025856e-01 -8.287973e-01  2.868266e-01 -2.870870e-01
 9.273605e-01 -3.358136e-01  9.623682e-01 -9.627162e-01
 8.671685e-01 -2.966920e-01  8.951425e-01 -3.012431e-01
 8.673497e-01 -2.974508e-01  2.997095e-01 -8.941081e-01
 1.329693e+00 -3.335424e-01  3.549354e-01 -3.543682e-01
 3.302234e-01 -9.132986e-01  9.709227e-01 -9.730363e-01
 2.910127e-01 -8.430824e-01  9.293076e-01 -3.058025e-01
 2.908258e-01 -8.415765e-01  3.042554e-01 -9.280398e-01
 2.925774e-01 -7.695057e-01  3.013727e-01 -3.007125e-01
 2.841365e-01 -2.797337e-01  8.736782e-01 -8.760456e-01
 3.442710e-01 -3.326623e-01  1.371262e+00 -3.597808e-01
 3.435205e-01 -3.336026e-01  3.592546e-01 -1.373152e+00
 3.285907e-01 -2.483111e-01  3.363751e-01 -3.373616e-01
 3.952550e-01 -1.487531e+00 -3.809016e-01  3.794974e-01
 9.188161e-01 -9.780530e-01 -9.150735e-01  3.309640e-01
 9.185985e-01 -9.789083e-01 -3.320110e-01  9.147648e-01
 9.025856e-01 -8.287973e-01 -2.868266e-01  2.870870e-01
 9.273605e-01 -3.358136e-01 -9.623682e-01  9.627162e-01
 8.671685e-01 -2.966920e-01 -8.951425e-01  3.012431e-01
 8.673497e-01 -2.974508e-01 -2.997095e-01  8.941081e-01
 1.329693e+00 -3.335424e-01 -3.549354e-01  3.543682e-01
 3.302234e-01 -9.132986e-01 -9.709227e-01  9.730363e-01
 2.910127e-01 -8.430824e-01 -9.293076e-01  3.058025e-01
 2.908258e-01 -8.415765e-01 -3.042554e-01  9.280398e-01
 2.925774e-01 -7.695057e-01 -3.013727e-01  3.007125e-01
 2.841365e-01 -2.797337e-01 -8.736782e-01  8.760456e-01
 3.442710e-01 -3.326623e-01 -1.371262e+00  3.597808e-01
 3.435205e-01 -3.336026e-01 -3.592546e-01  1.373152e+00
 3.285907e-01 -2.483111e-01 -3.363751e-01  3.373616e-01
 3.952550e-01 -1.487531e+00 -3.809016e-01 -3.794974e-01
 9.188161e-01 -9.780530e-01 -9.150735e-01 -3.309640e-01
 9.185985e-01 -9.789083e-01 -3.320110e-01 -9.147648e-01
 9.025856e-01 -8.287973e-01 -2.868266e-01 -2.870870e-01
 9.273605e-01 -3.358136e-01 -9.623682e-01 -9.627162e-01
 8.671685e-01 -2.966920e-01 -8.951425e-01 -3.012431e-01
 8.673497e-01 -2.974508e-01 -2.997095e-01 -8.941081e-01
 1.329693e+00 -3.335424e-01 -3.549354e-01 -3.543682e-01
 3.302234e-01 -9.132986e-01 -9.709227e-01 -9.730363e-01
 2.910127e-01 -8.430824e-01 -9.293076e-01 -3.058025e-01
 2.908258e-01 -8.415765e-01 -3.042554e-01 -9.280398e-01
 2.925774e-01 -7.695057e-01 -3.013727e-01 -3.007125e-01
 2.841365e-01 -2.797337e-01 -8.736782e-01 -8.760456e-01
 3.442710e-01 -3.326623e-01 -1.371262e+00 -3.597808e-01
 3.435205e-01 -3.336026e-01 -3.592546e-01 -1.373152e+00
 3.285907e-01 -2.483111e-01 -3.363751e-01 -3.373616e-01
-3.952550e-01  1.487531e+00  3.809016e-01  3.794974e-01
-9.188161e-01  9.780530e-01  9.150735e-01  3.309640e-01
-9.185985e-01  9.789083e-01  3.320110e-01  9.147648e-01
-9.025856e-01  8.287973e-01  2.868266e-01  2.870870e-01
-9.273605e-01  3.358136e-01  9.623682e-01  9.627162e-01
-8.671685e-01  2.966920e-01  8.951425e-01  3.012431e-01
-8.673497e-01  2.974508e-01  2.997095e-01  8.941081e-01
-1.329693e+00  3.335424e-01  3.549354e-01  3.543682e-01
-3.302234e-01  9.132986e-01  9.709227e-01  9.730363e-01
-2.910127e-01  8.430824e-01  9.293076e-01  3.058025e-01
-2.908258e-01  8.415765e-01  3.042554e-01  9.280398e-01
-2.925774e-01  7.695057e-01  3.013727e-01  3.007125e-01
-2.841365e-01  2.797337e-01  8.736782e-01  8.760456e-01
-3.442710e-01  3.326623e-01  1.371262e+00  3.597808e-01
-3.435205e-01  3.336026e-01  3.592546e-01  1.373152e+00
-3.285907e-01  2.483111e-01  3.363751e-01  3.373616e-01
-3.952550e-01  1.487531e+00  3.809016e-01 -3.794974e-01
-9.188161e-01  9.780530e-01  9.150735e-01 -3.309640e-01
-9.185985e-01  9.789083e-01  3.320110e-01 -9.147648e-01
-9.025856e-01  8.287973e-01  2.868266e-01 -2.870870e-01
-9.273605e-01  3.358136e-01  9.623682e-01 -9.627162e-01
-8.671685e-01  2.966920e-01  8.951425e-01 -3.012431e-01
-8.673497e-01  2.974508e-01  2.997095e-01 -8.941081e-01
-1.329693e+00  3.335424e-01  3.549354e-01 -3.543682e-01
-3.302234e-01  9.132986e-01  9.709227e-01 -9.730363e-01
-2.910127e-01  8.430824e-01  9.293076e-01 -3.058025e-01
-2.908258e-01  8.415765e-01  3.042554e-01 -9.280398e-01
-2.925774e-01  7.695057e-01  3.013727e-01 -3.007125e-01
-2.841365e-01  2.797337e-01  8.736782e-01 -8.760456e-01
-3.442710e-01  3.326623e-01  1.371262e+00 -3.597808e-01
-3.435205e-01  3.336026e-01  3.592546e-01 -1.373152e+00
-3.285907e-01  2.483111e-01  3.363751e-01 -3.373616e-01
-3.952550e-01  1.487531e+00 -3.809016e-01  3.794974e-01
-9.188161e-01  9.780530e-01 -9.150735e-01  3.309640e-01
-9.185985e-01  9.789083e-01 -3.320110e-01  9.147648e-01
-9.025856e-01  8.287973e-01 -2.868266e-01  2.870870e-01
-9.273605e-01  3.358136e-01 -9.623682e-01  9.627162e-01
-8.671685e-01  2.966920e-01 -8.951425e-01  3.012431e-01
-8.673497e-01  2.974508e-01 -2.997095e-01  8.941081e-01
-1.329693e+00  3.335424e-01 -3.549354e-01  3.543682e-01
-3.302234e-01  9.132986e-01 -9.709227e-01  9.730363e-01
-2.910127e-01  8.430824e-01 -9.293076e-01  3.058025e-01
-2.908258e-01  8.415765e-01 -3.042554e-01  9.280398e-01
-2.925774e-01  7.695057e-01 -3.013727e-01  3.007125e-01
-2.841365e-01  2.797337e-01 -8.736782e-01  8.760456e-01
-3.442710e-01  3.326623e-01 -1.371262e+00  3.597808e-01
-3.435205e-01  3.336026e-01 -3.592546e-01  1.373152e+00
-3.285907e-01  2.483111e-01 -3.363751e-01  3.373616e-01
-3.952550e-01  1.487531e+00 -3.809016e-01 -3.794974e-01
-9.188161e-01  9.780530e-01 -9.150735e-01 -3.309640e-01
-9.185985e-01  9.789083e-01 -3.320110e-01 -9.147648e-01
-9.025856e-01  8.287973e-01 -2.868266e-01 -2.870870e-01
-9.273605e-01  3.358136e-01 -9.623682e-01 -9.627162e-01
-8.671685e-01  2.966920e-01 -8.951425e-01 -3.012431e-01
-8.673497e-01  2.974508e-01 -2.997095e-01 -8.941081e-01
-1.329693e+00  3.335424e-01 -3.549354e-01 -3.543682e-01
-3.302234e-01  9.132986e-01 -9.709227e-01 -9.730363e-01
-2.910127e-01  8.430824e-01 -9.293076e-01 -3.058025e-01
-2.908258e-01  8.415765e-01 -3.042554e-01 -9.280398e-01
-2.925774e-01  7.695057e-01 -3.013727e-01 -3.007125e-01
-2.841365e-01  2.797337e-01 -8.736782e-01 -8.760456e-01
-3.442710e-01  3.326623e-01 -1.371262e+00 -3.597808e-01
-3.435205e-01  3.336026e-01 -3.592546e-01 -1.373152e+00
-3.285907e-01  2.483111e-01 -3.363751e-01 -3.373616e-01
-3.952550e-01 -1.487531e+00  3.809016e-01  3.794974e-01
-9.188161e-01 -9.780530e-01  9.150735e-01  3.309640e-01
-9.185985e-01 -9.789083e-01  3.320110e-01  9.147648e-01
-9.025856e-01 -8.287973e-01  2.868266e-01  2.870870e-01
-9.273605e-01 -3.358136e-01  9.623682e-01  9.627162e-01
-8.671685e-01 -2.966920e-01  8.951425e-01  3.012431e-01
-8.673497e-01 -2.974508e-01  2.997095e-01  8.941081e-01
-1.329693e+00 -3.335424e-01  3.549354e-01  3.543682e-01
-3.302234e-01 -9.132986e-01  9.709227e-01  9.730363e-01
-2.910127e-01 -8.430824e-01  9.293076e-01  3.058025e-01
-2.908258e-01 -8.415765e-01  3.042554e-01  9.280398e-01
-2.925774e-01 -7.695057e-01  3.013727e-01  3.007125e-01
-2.841365e-01 -2.797337e-01  8.736782e-01  8.760456e-01
-3.442710e-01 -3.326623e-01  1.371262e+00  3.597808e-01
-3.435205e-01 -3.336026e-01  3.592546e-01  1.373152e+00
-3.285907e-01 -2.483111e-01  3.363751e-01  3.373616e-01
-3.952550e-01 -1.487531e+00  3.809016e-01 -3.794974e-01
-9.188161e-01 -9.780530e-01  9.150735e-01 -3.309640e-01
-9.185985e-01 -9.789083e-01  3.320110e-01 -9.147648e-01
-9.025856e-01 -8.287973e-01  2.868266e-01 -2.870870e-01
-9.273605e-01 -3.358136e-01  9.623682e-01 -9.627162e-01
-8.671685e-01 -2.966920e-01  8.951425e-01 -3.012431e-01
-8.673497e-01 -2.974508e-01  2.997095e-01 -8.941081e-01
-1.329693e+00 -3.335424e-01  3.549354e-01 -3.543682e-01
-3.302234e-01 -9.132986e-01  9.709227e-01 -9.730363e-01
-2.910127e-01 -8.430824e-01  9.293076e-01 -3.058025e-01
-2.908258e-01 -8.415765e-01  3.042554e-01 -9.280398e-01
-2.925774e-01 -7.695057e-01  3.013727e-01 -3.007125e-01
-2.841365e-01 -2.797337e-01  8.736782e-01 -8.760456e-01
-3.442710e-01 -3.326623e-01  1.371262e+00 -3.597808e-01
-3.435205e-01 -3.336026e-01  3.592546e-01 -1.373152e+00
-3.285907e-01 -2.483111e-01  3.363751e-01 -3.373616e-01
-3.952550e-01 -1.487531e+00 -3.809016e-01  3.794974e-01
-9.188161e-01 -9.780530e-01 -9.150735e-01  3.309640e-01
-9.185985e-01 -9.789083e-01 -3.320110e-01  9.147648e-01
-9.025856e-01 -8.287973e-01 -2.868266e-01  2.870870e-01
-9.273605e-01 -3.358136e-01 -9.623682e-01  9.627162e-01
-8.671685e-01 -2.966920e-01 -8.951425e-01  3.012431e-01
-8.673497e-01 -2.974508e-01 -2.997095e-01  8.941081e-01
-1.329693e+00 -3.335424e-01 -3.549354e-01  3.543682e-01
-3.302234e-01 -9.132986e-01 -9.709227e-01  9.730363e-01
-2.910127e-01 -8.430824e-01 -9.293076e-01  3.058025e-01
-2.908258e-01 -8.415765e-01 -3.042554e-01  9.280398e-01
-2.925774e-01 -7.695057e-01 -3.013727e-01  3.007125e-01
-2.841365e-01 -2.797337e-01 -8.736782e-01  8.760456e-01
-3.442710e-01 -3.326623e-01 -1.371262e+00  3.597808e-01
-3.435205e-01 -3.336026e-01 -3.592546e-01  1.373152e+00
-3.285907e-01 -2.483111e-01 -3.363751e-01  3.373616e-01
-3.952550e-01 -1.487531e+00 -3.809016e-01 -3.794974e-01
-9.188161e-01 -9.780530e-01 -9.150735e-01 -3.309640e-01
-9.185985e-01 -9.789083e-01 -3.320110e-01 -9.147648e-01
-9.025856e-01 -8.287973e-01 -2.868266e-01 -2.870870e-01
-9.273605e-01 -3.358136e-01 -9.623682e-01 -9.627162e-01
-8.671685e-01 -2.966920e-01 -8.951425e-01 -3.012431e-01
-8.673497e-01 -2.974508e-01 -2.997095e-01 -8.941081e-01
-1.329693e+00 -3.335424e-01 -3.549354e-01 -3.543682e-01
-3.302234e-01 -9.132986e-01 -9.709227e-01 -9.730363e-01
-2.910127e-01 -8.430824e-01 -9.293076e-01 -3.058025e-01
-2.908258e-01 -8.415765e-01 -3.042554e-01 -9.280398e-01
-2.925774e-01 -7.695057e-01 -3.013727e-01 -3.007125e-01
-2.841365e-01 -2.797337e-01 -8.736782e-01 -8.760456e-01
-3.442710e-01 -3.326623e-01 -1.371262e+00 -3.597808e-01
-3.435205e-01 -3.336026e-01 -3.592546e-01 -1.373152e+00
-3.285907e-01 -2.483111e-01 -3.363751e-01 -3.373616e-01
