 8.670832e-01  8.701640e-01  8.685977e-01  8.705553e-01
 9.028591e-01  9.030440e-01  9.128175e-01  2.709520e-01
 9.030255e-01  9.033275e-01  2.708947e-01  9.128264e-01
 1.001767e+00  9.985574e-01  2.901834e-01  2.908352e-01
 9.129016e-01  2.710183e-01  9.016011e-01  9.055230e-01
 9.382880e-01  2.755352e-01  9.387370e-01  2.767097e-01
 9.350539e-01  2.755673e-01  2.762416e-01  9.360259e-01
 1.156926e+00  3.035328e-01  2.983014e-01  2.983236e-01
 2.711386e-01  9.126689e-01  9.028903e-01  9.013811e-01
 2.774099e-01  9.355304e-01  9.360331e-01  2.765293e-01
 2.752880e-01  9.351324e-01  2.753556e-01  9.348422e-01
 3.027564e-01  1.161927e+00  2.986309e-01  2.979400e-01
 2.906625e-01  2.898463e-01  9.985009e-01  9.992626e-01
 3.016932e-01  2.983735e-01  1.164956e+00  3.036927e-01
 2.986816e-01  2.992856e-01  3.030634e-01  1.163826e+00
 3.125747e-01  3.118025e-01  3.144370e-01  3.125875e-01
 8.670832e-01  8.701640e-01  8.685977e-01 -8.705553e-01
 9.028591e-01  9.030440e-01  9.128175e-01 -2.709520e-01
 9.030255e-01  9.033275e-01  2.708947e-01 -9.128264e-01
 1.001767e+00  9.985574e-01  2.901834e-01 -2.908352e-01
 9.129016e-01  2.710183e-01  9.016011e-01 -9.055230e-01
 9.382880e-01  2.755352e-01  9.387370e-01 -2.767097e-01
 9.350539e-01  2.755673e-01  2.762416e-01 -9.360259e-01
 1.156926e+00  3.035328e-01  2.983014e-01 -2.983236e-01
 2.711386e-01  9.126689e-01  9.028903e-01 -9.013811e-01
 2.774099e-01  9.355304e-01  9.360331e-01 -2.765293e-01
 2.752880e-01  9.351324e-01  2.753556e-01 -9.348422e-01
 3.027564e-01  1.161927e+00  2.986309e-01 -2.979400e-01
 2.906625e-01  2.898463e-01  9.985009e-01 -9.992626e-01
 3.016932e-01  2.983735e-01  1.164956e+00 -3.036927e-01
 2.986816e-01  2.992856e-01  3.030634e-01 -1.163826e+00
 3.125747e-01  3.118025e-01  3.144370e-01 -3.125875e-01
 8.670832e-01  8.701640e-01 -8.685977e-01  8.705553e-01
 9.028591e-01  9.030440e-01 -9.128175e-01  2.709520e-01
 9.030255e-01  9.033275e-01 -2.708947e-01  9.128264e-01
 1.001767e+00  9.985574e-01 -2.901834e-01  2.908352e-01
 9.129016e-01  2.710183e-01 -9.016011e-01  9.055230e-01
 9.382880e-01  2.755352e-01 -9.387370e-01  2.767097e-01
 9.350539e-01  2.755673e-01 -2.762416e-01  9.360259e-01
 1.156926e+00  3.035328e-01 -2.983014e-01  2.983236e-01
 2.711386e-01  9.126689e-01 -9.028903e-01  9.013811e-01
 2.774099e-01  9.355304e-01 -9.360331e-01  2.765293e-01
 2.752880e-01  9.351324e-01 -2.753556e-01  9.348422e-01
 3.027564e-01  1.161927e+00 -2.986309e-01  2.979400e-01
 2.906625e-01  2.898463e-01 -9.985009e-01  9.992626e-01
 3.016932e-01  2.983735e-01 -1.164956e+00  3.036927e-01
 2.986816e-01  2.992856e-01 -3.030634e-01  1.163826e+00
 3.125747e-01  3.118025e-01 -3.144370e-01  3.125875e-01
 8.670832e-01  8.701640e-01 -8.685977e-01 -8.705553e-01
 9.028591e-01  9.030440e-01 -9.128175e-01 -2.709520e-01
 9.030255e-01  9.033275e-01 -2.708947e-01 -9.128264e-01
 1.001767e+00  9.985574e-01 -2.901834e-01 -2.908352e-01
 9.129016e-01  2.710183e-01 -9.016011e-01 -9.055230e-01
 9.382880e-01  2.755352e-01 -9.387370e-01 -2.767097e-01
 9.350539e-01  2.755673e-01 -2.762416e-01 -9.360259e-01
 1.156926e+00  3.035328e-01 -2.983014e-01 -2.983236e-01
 2.711386e-01  9.126689e-01 -9.028903e-01 -9.013811e-01
 2.774099e-01  9.355304e-01 -9.360331e-01 -2.765293e-01
 2.752880e-01  9.351324e-01 -2.753556e-01 -9.348422e-01
 3.027564e-01  1.161927e+00 -2.986309e-01 -2.979400e-01
 2.906625e-01  2.898463e-01 -9.985009e-01 -9.992626e-01
 3.016932e-01  2.983735e-01 -1.164956e+00 -3.036927e-01
 2.986816e-01  2.992856e-01 -3.030634e-01 -1.163826e+00
 3.125747e-01  3.118025e-01 -3.144370e-01 -3.125875e-01
 8.670832e-01 -8.701640e-01  8.685977e-01  8.705553e-01
 9.028591e-01 -9.030440e-01  9.128175e-01  2.709520e-01
 9.030255e-01 -9.033275e-01  2.708947e-01  9.128264e-01
 1.001767e+00 -9.985574e-01  2.901834e-01  2.908352e-01
 9.129016e-01 -2.710183e-01  9.016011e-01  9.055230e-01
 9.382880e-01 -2.755352e-01  9.387370e-01  2.767097e-01
 9.350539e-01 -2.755673e-01  2.762416e-01  9.360259e-01
 1.156926e+00 -3.035328e-01  2.983014e-01  2.983236e-01
 2.711386e-01 -9.126689e-01  9.028903e-01  9.013811e-01
 2.774099e-01 -9.355304e-01  9.360331e-01  2.765293e-01
 2.752880e-01 -9.351324e-01  2.753556e-01  9.348422e-01
 3.027564e-01 -1.161927e+00  2.986309e-01  2.979400e-01
 2.906625e-01 -2.898463e-01  9.985009e-01  9.992626e-01
 3.016932e-01 -2.983735e-01  1.164956e+00  3.036927e-01
 2.986816e-01 -2.992856e-01  3.030634e-01  1.163826e+00
 3.125747e-01 -3.118025e-01  3.144370e-01  3.125875e-01
 8.670832e-01 -8.701640e-01  8.685977e-01 -8.705553e-01
 9.028591e-01 -9.030440e-01  9.128175e-01 -2.709520e-01
 9.030255e-01 -9.033275e-01  2.708947e-01 -9.128264e-01
 1.001767e+00 -9.985574e-01  2.901834e-01 -2.908352e-01
 9.129016e-01 -2.710183e-01  9.016011e-01 -9.055230e-01
 9.382880e-01 -2.755352e-01  9.387370e-01 -2.767097e-01
 9.350539e-01 -2.755673e-01  2.762416e-01 -9.360259e-01
 1.156926e+00 -3.035328e-01  2.983014e-01 -2.983236e-01
 2.711386e-01 -9.126689e-01  9.028903e-01 -9.013811e-01
 2.774099e-01 -9.355304e-01  9.360331e-01 -2.765293e-01
 2.752880e-01 -9.351324e-01  2.753556e-01 -9.348422e-01
 3.027564e-01 -1.161927e+00  2.986309e-01 -2.979400e-01
 2.906625e-01 -2.898463e-01  9.985009e-01 -9.992626e-01
 3.016932e-01 -2.983735e-01  1.164956e+00 -3.036927e-01
 2.986816e-01 -2.992856e-01  3.030634e-01 -1.163826e+00
 3.125747e-01 -3.118025e-01  3.144370e-01 -3.125875e-01
 8.670832e-01 -8.701640e-01 -8.685977e-01  8.705553e-01
 9.028591e-01 -9.030440e-01 -9.128175e-01  2.709520e-01
 9.030255e-01 -9.033275e-01 -2.708947e-01  9.128264e-01
 1.001767e+00 -9.985574e-01 -2.901834e-01  2.908352e-01
 9.129016e-01 -2.710183e-01 -9.016011e-01  9.055230e-01
 9.382880e-01 -2.755352e-01 -9.387370e-01  2.767097e-01
 9.350539e-01 -2.755673e-01 -2.762416e-01  9.360259e-01
 1.156926e+00 -3.035328e-01 -2.983014e-01  2.983236e-01
 2.711386e-01 -9.126689e-01 -9.028903e-01  9.013811e-01
 2.774099e-01 -9.355304e-01 -9.360331e-01  2.765293e-01
 2.752880e-01 -9.351324e-01 -2.753556e-01  9.348422e-01
 3.027564e-01 -1.161927e+00 -2.986309e-01  2.979400e-01
 2.906625e-01 -2.898463e-01 -9.985009e-01  9.992626e-01
 3.016932e-01 -2.983735e-01 -1.164956e+00  3.036927e-01
 2.986816e-01 -2.992856e-01 -3.030634e-01  1.163826e+00
 3.125747e-01 -3.118025e-01 -3.144370e-01  3.125875e-01
 8.670832e-01 -8.701640e-01 -8.685977e-01 -8.705553e-01
 9.028591e-01 -9.030440e-01 -9.128175e-01 -2.709520e-01
 9.030255e-01 -9.033275e-01 -2.708947e-01 -9.128264e-01
 1.001767e+00 -9.985574e-01 -2.901834e-01 -2.908352e-01
 9.129016e-01 -2.710183e-01 -9.016011e-01 -9.055230e-01
 9.382880e-01 -2.755352e-01 -9.387370e-01 -2.767097e-01
 9.350539e-01 -2.755673e-01 -2.762416e-01 -9.360259e-01
 1.156926e+00 -3.035328e-01 -2.983014e-01 -2.983236e-01
 2.711386e-01 -9.126689e-01 -9.028903e-01 -9.013811e-01
 2.774099e-01 -9.355304e-01 -9.360331e-01 -2.765293e-01
 2.752880e-01 -9.351324e-01 -2.753556e-01 -9.348422e-01
 3.027564e-01 -1.161927e+00 -2.986309e-01 -2.979400e-01
 2.906625e-01 -2.898463e-01 -9.985009e-01 -9.992626e-01
 3.016932e-01 -2.983735e-01 -1.164956e+00 -3.036927e-01
 2.986816e-01 -2.992856e-01 -3.030634e-01 -1.163826e+00
 3.125747e-01 -3.118025e-01 -3.144370e-01 -3.125875e-01
-8.670832e-01  8.701640e-01  8.685977e-01  8.705553e-01
-9.028591e-01  9.030440e-01  9.128175e-01  2.709520e-01
-9.030255e-01  9.033275e-01  2.708947e-01  9.128264e-01
-1.001767e+00  9.985574e-01  2.901834e-01  2.908352e-01
-9.129016e-01  2.710183e-01  9.016011e-01  9.055230e-01
-9.382880e-01  2.755352e-01  9.387370e-01  2.767097e-01
-9.350539e-01  2.755673e-01  2.762416e-01  9.360259e-01
-1.156926e+00  3.035328e-01  2.983014e-01  2.983236e-01
-2.711386e-01  9.126689e-01  9.028903e-01  9.013811e-01
-2.774099e-01  9.355304e-01  9.360331e-01  2.765293e-01
-2.752880e-01  9.351324e-01  2.753556e-01  9.348422e-01
-3.027564e-01  1.161927e+00  2.986309e-01  2.979400e-01
-2.906625e-01  2.898463e-01  9.985009e-01  9.992626e-01
-3.016932e-01  2.983735e-01  1.164956e+00  3.036927e-01
-2.986816e-01  2.992856e-01  3.030634e-01  1.163826e+00
-3.125747e-01  3.118025e-01  3.144370e-01  3.125875e-01
-8.670832e-01  8.701640e-01  8.685977e-01 -8.705553e-01
-9.028591e-01  9.030440e-01  9.128175e-01 -2.709520e-01
-9.030255e-01  9.033275e-01  2.708947e-01 -9.128264e-01
-1.001767e+00  9.985574e-01  2.901834e-01 -2.908352e-01
-9.129016e-01  2.710183e-01  9.016011e-01 -9.055230e-01
-9.382880e-01  2.755352e-01  9.387370e-01 -2.767097e-01
-9.350539e-01  2.755673e-01  2.762416e-01 -9.360259e-01
-1.156926e+00  3.035328e-01  2.983014e-01 -2.983236e-01
-2.711386e-01  9.126689e-01  9.028903e-01 -9.013811e-01
-2.774099e-01  9.355304e-01  9.360331e-01 -2.765293e-01
-2.752880e-01  9.351324e-01  2.753556e-01 -9.348422e-01
-3.027564e-01  1.161927e+00  2.986309e-01 -2.979400e-01
-2.906625e-01  2.898463e-01  9.985009e-01 -9.992626e-01
-3.016932e-01  2.983735e-01  1.164956e+00 -3.036927e-01
-2.986816e-01  2.992856e-01  3.030634e-01 -1.163826e+00
-3.125747e-01  3.118025e-01  3.144370e-01 -3.125875e-01
-8.670832e-01  8.701640e-01 -8.685977e-01  8.705553e-01
-9.028591e-01  9.030440e-01 -9.128175e-01  2.709520e-01
-9.030255e-01  9.033275e-01 -2.708947e-01  9.128264e-01
-1.001767e+00  9.985574e-01 -2.901834e-01  2.908352e-01
-9.129016e-01  2.710183e-01 -9.016011e-01  9.055230e-01
-9.382880e-01  2.755352e-01 -9.387370e-01  2.767097e-01
-9.350539e-01  2.755673e-01 -2.762416e-01  9.360259e-01
-1.156926e+00  3.035328e-01 -2.983014e-01  2.983236e-01
-2.711386e-01  9.126689e-01 -9.028903e-01  9.013811e-01
-2.774099e-01  9.355304e-01 -9.360331e-01  2.765293e-01
-2.752880e-01  9.351324e-01 -2.753556e-01  9.348422e-01
-3.027564e-01  1.161927e+00 -2.986309e-01  2.979400e-01
-2.906625e-01  2.898463e-01 -9.985009e-01  9.992626e-01
-3.016932e-01  2.983735e-01 -1.164956e+00  3.036927e-01
-2.986816e-01  2.992856e-01 -3.030634e-01  1.163826e+00
-3.125747e-01  3.118025e-01 -3.144370e-01  3.125875e-01
-8.670832e-01  8.701640e-01 -8.685977e-01 -8.705553e-01
-9.028591e-01  9.030440e-01 -9.128175e-01 -2.709520e-01
-9.030255e-01  9.033275e-01 -2.708947e-01 -9.128264e-01
-1.001767e+00  9.985574e-01 -2.901834e-01 -2.908352e-01
-9.129016e-01  2.710183e-01 -9.016011e-01 -9.055230e-01
-9.382880e-01  2.755352e-01 -9.387370e-01 -2.767097e-01
-9.350539e-01  2.755673e-01 -2.762416e-01 -9.360259e-01
-1.156926e+00  3.035328e-01 -2.983014e-01 -2.983236e-01
-2.711386e-01  9.126689e-01 -9.028903e-01 -9.013811e-01
-2.774099e-01  9.355304e-01 -9.360331e-01 -2.765293e-01
-2.752880e-01  9.351324e-01 -2.753556e-01 -9.348422e-01
-3.027564e-01  1.161927e+00 -2.986309e-01 -2.979400e-01
-2.906625e-01  2.898463e-01 -9.985009e-01 -9.992626e-01
-3.016932e-01  2.983735e-01 -1.164956e+00 -3.036927e-01
-2.986816e-01  2.992856e-01 -3.030634e-01 -1.163826e+00
-3.125747e-01  3.118025e-01 -3.144370e-01 -3.125875e-01
-8.670832e-01 -8.701640e-01  8.685977e-01  8.705553e-01
-9.028591e-01 -9.030440e-01  9.128175e-01  2.709520e-01
-9.030255e-01 -9.033275e-01  2.708947e-01  9.128264e-01
-1.001767e+00 -9.985574e-01  2.901834e-01  2.908352e-01
-9.129016e-01 -2.710183e-01  9.016011e-01  9.055230e-01
-9.382880e-01 -2.755352e-01  9.387370e-01  2.767097e-01
-9.350539e-01 -2.755673e-01  2.762416e-01  9.360259e-01
-1.156926e+00 -3.035328e-01  2.983014e-01  2.983236e-01
-2.711386e-01 -9.126689e-01  9.028903e-01  9.013811e-01
-2.774099e-01 -9.355304e-01  9.360331e-01  2.765293e-01
-2.752880e-01 -9.351324e-01  2.753556e-01  9.348422e-01
-3.027564e-01 -1.161927e+00  2.986309e-01  2.979400e-01
-2.906625e-01 -2.898463e-01  9.985009e-01  9.992626e-01
-3.016932e-01 -2.983735e-01  1.164956e+00  3.036927e-01
-2.986816e-01 -2.992856e-01  3.030634e-01  1.163826e+00
-3.125747e-01 -3.118025e-01  3.144370e-01  3.125875e-01
-8.670832e-01 -8.701640e-01  8.685977e-01 -8.705553e-01
-9.028591e-01 -9.030440e-01  9.128175e-01 -2.709520e-01
-9.030255e-01 -9.033275e-01  2.708947e-01 -9.128264e-01
-1.001767e+00 -9.985574e-01  2.901834e-01 -2.908352e-01
-9.129016e-01 -2.710183e-01  9.016011e-01 -9.055230e-01
-9.382880e-01 -2.755352e-01  9.387370e-01 -2.767097e-01
-9.350539e-01 -2.755673e-01  2.762416e-01 -9.360259e-01
-1.156926e+00 -3.035328e-01  2.983014e-01 -2.983236e-01
-2.711386e-01 -9.126689e-01  9.028903e-01 -9.013811e-01
-2.774099e-01 -9.355304e-01  9.360331e-01 -2.765293e-01
-2.752880e-01 -9.351324e-01  2.753556e-01 -9.348422e-01
-3.027564e-01 -1.161927e+00  2.986309e-01 -2.979400e-01
-2.906625e-01 -2.898463e-01  9.985009e-01 -9.992626e-01
-3.016932e-01 -2.983735e-01  1.164956e+00 -3.036927e-01
-2.986816e-01 -2.992856e-01  3.030634e-01 -1.163826e+00
-3.125747e-01 -3.118025e-01  3.144370e-01 -3.125875e-01
-8.670832e-01 -8.701640e-01 -8.685977e-01  8.705553e-01
-9.028591e-01 -9.030440e-01 -9.128175e-01  2.709520e-01
-9.030255e-01 -9.033275e-01 -2.708947e-01  9.128264e-01
-1.001767e+00 -9.985574e-01 -2.901834e-01  2.908352e-01
-9.129016e-01 -2.710183e-01 -9.016011e-01  9.055230e-01
-9.382880e-01 -2.755352e-01 -9.387370e-01  2.767097e-01
-9.350539e-01 -2.755673e-01 -2.762416e-01  9.360259e-01
-1.156926e+00 -3.035328e-01 -2.983014e-01  2.983236e-01
-2.711386e-01 -9.126689e-01 -9.028903e-01  9.013811e-01
-2.774099e-01 -9.355304e-01 -9.360331e-01  2.765293e-01
-2.752880e-01 -9.351324e-01 -2.753556e-01  9.348422e-01
-3.027564e-01 -1.161927e+00 -2.986309e-01  2.979400e-01
-2.906625e-01 -2.898463e-01 -9.985009e-01  9.992626e-01
-3.016932e-01 -2.983735e-01 -1.164956e+00  3.036927e-01
-2.986816e-01 -2.992856e-01 -3.030634e-01  1.163826e+00
-3.125747e-01 -3.118025e-01 -3.144370e-01  3.125875e-01
-8.670832e-01 -8.701640e-01 -8.685977e-01 -8.705553e-01
-9.028591e-01 -9.030440e-01 -9.128175e-01 -2.709520e-01
-9.030255e-01 -9.033275e-01 -2.708947e-01 -9.128264e-01
-1.001767e+00 -9.985574e-01 -2.901834e-01 -2.908352e-01
-9.129016e-01 -2.710183e-01 -9.016011e-01 -9.055230e-01
-9.382880e-01 -2.755352e-01 -9.387370e-01 -2.767097e-01
-9.350539e-01 -2.755673e-01 -2.762416e-01 -9.360259e-01
-1.156926e+00 -3.035328e-01 -2.983014e-01 -2.983236e-01
-2.711386e-01 -9.126689e-01 -9.028903e-01 -9.013811e-01
-2.774099e-01 -9.355304e-01 -9.360331e-01 -2.765293e-01
-2.752880e-01 -9.351324e-01 -2.753556e-01 -9.348422e-01
-3.027564e-01 -1.161927e+00 -2.986309e-01 -2.979400e-01
-2.906625e-01 -2.898463e-01 -9.985009e-01 -9.992626e-01
-3.016932e-01 -2.983735e-01 -1.164956e+00 -3.036927e-01
-2.986816e-01 -2.992856e-01 -3.030634e-01 -1.163826e+00
-3.125747e-01 -3.118025e-01 -3.144370e-01 -3.125875e-01
