 1.169521e+00  4.710642e-01  4.646672e-01  4.411395e-01
 4.716122e-01  1.169478e+00  4.417214e-01  4.642561e-01
 4.637544e-01  4.399545e-01  1.168496e+00  4.717685e-01
 4.416264e-01  4.656689e-01  4.710406e-01  1.169921e+00
 1.169521e+00  4.710642e-01  4.646672e-01 -4.411395e-01
 4.716122e-01  1.169478e+00  4.417214e-01 -4.642561e-01
 4.637544e-01  4.399545e-01  1.168496e+00 -4.717685e-01
 4.416264e-01  4.656689e-01  4.710406e-01 -1.169921e+00
 1.169521e+00  4.710642e-01 -4.646672e-01  4.411395e-01
 4.716122e-01  1.169478e+00 -4.417214e-01  4.642561e-01
 4.637544e-01  4.399545e-01 -1.168496e+00  4.717685e-01
 4.416264e-01  4.656689e-01 -4.710406e-01  1.169921e+00
 1.169521e+00  4.710642e-01 -4.646672e-01 -4.411395e-01
 4.716122e-01  1.169478e+00 -4.417214e-01 -4.642561e-01
 4.637544e-01  4.399545e-01 -1.168496e+00 -4.717685e-01
 4.416264e-01  4.656689e-01 -4.710406e-01 -1.169921e+00
 1.169521e+00 -4.710642e-01  4.646672e-01  4.411395e-01
 4.716122e-01 -1.169478e+00  4.417214e-01  4.642561e-01
 4.637544e-01 -4.399545e-01  1.168496e+00  4.717685e-01
 4.416264e-01 -4.656689e-01  4.710406e-01  1.169921e+00
 1.169521e+00 -4.710642e-01  4.646672e-01 -4.411395e-01
 4.716122e-01 -1.169478e+00  4.417214e-01 -4.642561e-01
 4.637544e-01 -4.399545e-01  1.168496e+00 -4.717685e-01
 4.416264e-01 -4.656689e-01  4.710406e-01 -1.169921e+00
 1.169521e+00 -4.710642e-01 -4.646672e-01  4.411395e-01
 4.716122e-01 -1.169478e+00 -4.417214e-01  4.642561e-01
 4.637544e-01 -4.399545e-01 -1.168496e+00  4.717685e-01
 4.416264e-01 -4.656689e-01 -4.710406e-01  1.169921e+00
 1.169521e+00 -4.710642e-01 -4.646672e-01 -4.411395e-01
 4.716122e-01 -1.169478e+00 -4.417214e-01 -4.642561e-01
 4.637544e-01 -4.399545e-01 -1.168496e+00 -4.717685e-01
 4.416264e-01 -4.656689e-01 -4.710406e-01 -1.169921e+00
-1.169521e+00  4.710642e-01  4.646672e-01  4.411395e-01
-4.716122e-01  1.169478e+00  4.417214e-01  4.642561e-01
-4.637544e-01  4.399545e-01  1.168496e+00  4.717685e-01
-4.416264e-01  4.656689e-01  4.710406e-01  1.169921e+00
-1.169521e+00  4.710642e-01  4.646672e-01 -4.411395e-01
-4.716122e-01  1.169478e+00  4.417214e-01 -4.642561e-01
-4.637544e-01  4.399545e-01  1.168496e+00 -4.717685e-01
-4.416264e-01  4.656689e-01  4.710406e-01 -1.169921e+00
-1.169521e+00  4.710642e-01 -4.646672e-01  4.411395e-01
-4.716122e-01  1.169478e+00 -4.417214e-01  4.642561e-01
-4.637544e-01  4.399545e-01 -1.168496e+00  4.717685e-01
-4.416264e-01  4.656689e-01 -4.710406e-01  1.169921e+00
-1.169521e+00  4.710642e-01 -4.646672e-01 -4.411395e-01
-4.716122e-01  1.169478e+00 -4.417214e-01 -4.642561e-01
-4.637544e-01  4.399545e-01 -1.168496e+00 -4.717685e-01
-4.416264e-01  4.656689e-01 -4.710406e-01 -1.169921e+00
-1.169521e+00 -4.710642e-01  4.646672e-01  4.411395e-01
-4.716122e-01 -1.169478e+00  4.417214e-01  4.642561e-01
-4.637544e-01 -4.399545e-01  1.168496e+00  4.717685e-01
-4.416264e-01 -4.656689e-01  4.710406e-01  1.169921e+00
-1.169521e+00 -4.710642e-01  4.646672e-01 -4.411395e-01
-4.716122e-01 -1.169478e+00  4.417214e-01 -4.642561e-01
-4.637544e-01 -4.399545e-01  1.168496e+00 -4.717685e-01
-4.416264e-01 -4.656689e-01  4.710406e-01 -1.169921e+00
-1.169521e+00 -4.710642e-01 -4.646672e-01  4.411395e-01
-4.716122e-01 -1.169478e+00 -4.417214e-01  4.642561e-01
-4.637544e-01 -4.399545e-01 -1.168496e+00  4.717685e-01
-4.416264e-01 -4.656689e-01 -4.710406e-01  1.169921e+00
-1.169521e+00 -4.710642e-01 -4.646672e-01 -4.411395e-01
-4.716122e-01 -1.169478e+00 -4.417214e-01 -4.642561e-01
-4.637544e-01 -4.399545e-01 -1.168496e+00 -4.717685e-01
-4.416264e-01 -4.656689e-01 -4.710406e-01 -1.169921e+00
