 8.518552e-01  8.555509e-01  8.562859e-01  8.524621e-01
 9.044560e-01  9.040136e-01  9.050351e-01  2.712402e-01
 9.043885e-01  9.066086e-01  2.721563e-01  9.049584e-01
 9.998182e-01  1.001025e+00  2.824004e-01  2.821085e-01
 9.068031e-01  2.711300e-01  9.045340e-01  9.054793e-01
 9.700923e-01  2.700048e-01  9.725640e-01  2.731739e-01
 9.703845e-01  2.736402e-01  2.726700e-01  9.734875e-01
 1.148076e+00  2.774270e-01  2.833563e-01  2.823453e-01
 2.734776e-01  9.039273e-01  9.049426e-01  9.056245e-01
 2.717359e-01  9.683794e-01  9.735990e-01  2.720692e-01
 2.723701e-01  9.700938e-01  2.738943e-01  9.698699e-01
 2.763258e-01  1.140986e+00  2.823783e-01  2.815536e-01
 2.808619e-01  2.820035e-01  1.000270e+00  1.001118e+00
 2.830498e-01  2.796951e-01  1.141994e+00  2.778983e-01
 2.826609e-01  2.835288e-01  2.789021e-01  1.145636e+00
 2.803159e-01  2.793954e-01  2.795109e-01  2.824996e-01
 8.518552e-01  8.555509e-01  8.562859e-01 -8.524621e-01
 9.044560e-01  9.040136e-01  9.050351e-01 -2.712402e-01
 9.043885e-01  9.066086e-01  2.721563e-01 -9.049584e-01
 9.998182e-01  1.001025e+00  2.824004e-01 -2.821085e-01
 9.068031e-01  2.711300e-01  9.045340e-01 -9.054793e-01
 9.700923e-01  2.700048e-01  9.725640e-01 -2.731739e-01
 9.703845e-01  2.736402e-01  2.726700e-01 -9.734875e-01
 1.148076e+00  2.774270e-01  2.833563e-01 -2.823453e-01
 2.734776e-01  9.039273e-01  9.049426e-01 -9.056245e-01
 2.717359e-01  9.683794e-01  9.735990e-01 -2.720692e-01
 2.723701e-01  9.700938e-01  2.738943e-01 -9.698699e-01
 2.763258e-01  1.140986e+00  2.823783e-01 -2.815536e-01
 2.808619e-01  2.820035e-01  1.000270e+00 -1.001118e+00
 2.830498e-01  2.796951e-01  1.141994e+00 -2.778983e-01
 2.826609e-01  2.835288e-01  2.789021e-01 -1.145636e+00
 2.803159e-01  2.793954e-01  2.795109e-01 -2.824996e-01
 8.518552e-01  8.555509e-01 -8.562859e-01  8.524621e-01
 9.044560e-01  9.040136e-01 -9.050351e-01  2.712402e-01
 9.043885e-01  9.066086e-01 -2.721563e-01  9.049584e-01
 9.998182e-01  1.001025e+00 -2.824004e-01  2.821085e-01
 9.068031e-01  2.711300e-01 -9.045340e-01  9.054793e-01
 9.700923e-01  2.700048e-01 -9.725640e-01  2.731739e-01
 9.703845e-01  2.736402e-01 -2.726700e-01  9.734875e-01
 1.148076e+00  2.774270e-01 -2.833563e-01  2.823453e-01
 2.734776e-01  9.039273e-01 -9.049426e-01  9.056245e-01
 2.717359e-01  9.683794e-01 -9.735990e-01  2.720692e-01
 2.723701e-01  9.700938e-01 -2.738943e-01  9.698699e-01
 2.763258e-01  1.140986e+00 -2.823783e-01  2.815536e-01
 2.808619e-01  2.820035e-01 -1.000270e+00  1.001118e+00
 2.830498e-01  2.796951e-01 -1.141994e+00  2.778983e-01
 2.826609e-01  2.835288e-01 -2.789021e-01  1.145636e+00
 2.803159e-01  2.793954e-01 -2.795109e-01  2.824996e-01
 8.518552e-01  8.555509e-01 -8.562859e-01 -8.524621e-01
 9.044560e-01  9.040136e-01 -9.050351e-01 -2.712402e-01
 9.043885e-01  9.066086e-01 -2.721563e-01 -9.049584e-01
 9.998182e-01  1.001025e+00 -2.824004e-01 -2.821085e-01
 9.068031e-01  2.711300e-01 -9.045340e-01 -9.054793e-01
 9.700923e-01  2.700048e-01 -9.725640e-01 -2.731739e-01
 9.703845e-01  2.736402e-01 -2.726700e-01 -9.734875e-01
 1.148076e+00  2.774270e-01 -2.833563e-01 -2.823453e-01
 2.734776e-01  9.039273e-01 -9.049426e-01 -9.056245e-01
 2.717359e-01  9.683794e-01 -9.735990e-01 -2.720692e-01
 2.723701e-01  9.700938e-01 -2.738943e-01 -9.698699e-01
 2.763258e-01  1.140986e+00 -2.823783e-01 -2.815536e-01
 2.808619e-01  2.820035e-01 -1.000270e+00 -1.001118e+00
 2.830498e-01  2.796951e-01 -1.141994e+00 -2.778983e-01
 2.826609e-01  2.835288e-01 -2.789021e-01 -1.145636e+00
 2.803159e-01  2.793954e-01 -2.795109e-01 -2.824996e-01
 8.518552e-01 -8.555509e-01  8.562859e-01  8.524621e-01
 9.044560e-01 -9.040136e-01  9.050351e-01  2.712402e-01
 9.043885e-01 -9.066086e-01  2.721563e-01  9.049584e-01
 9.998182e-01 -1.001025e+00  2.824004e-01  2.821085e-01
 9.068031e-01 -2.711300e-01  9.045340e-01  9.054793e-01
 9.700923e-01 -2.700048e-01  9.725640e-01  2.731739e-01
 9.703845e-01 -2.736402e-01  2.726700e-01  9.734875e-01
 1.148076e+00 -2.774270e-01  2.833563e-01  2.823453e-01
 2.734776e-01 -9.039273e-01  9.049426e-01  9.056245e-01
 2.717359e-01 -9.683794e-01  9.735990e-01  2.720692e-01
 2.723701e-01 -9.700938e-01  2.738943e-01  9.698699e-01
 2.763258e-01 -1.140986e+00  2.823783e-01  2.815536e-01
 2.808619e-01 -2.820035e-01  1.000270e+00  1.001118e+00
 2.830498e-01 -2.796951e-01  1.141994e+00  2.778983e-01
 2.826609e-01 -2.835288e-01  2.789021e-01  1.145636e+00
 2.803159e-01 -2.793954e-01  2.795109e-01  2.824996e-01
 8.518552e-01 -8.555509e-01  8.562859e-01 -8.524621e-01
 9.044560e-01 -9.040136e-01  9.050351e-01 -2.712402e-01
 9.043885e-01 -9.066086e-01  2.721563e-01 -9.049584e-01
 9.998182e-01 -1.001025e+00  2.824004e-01 -2.821085e-01
 9.068031e-01 -2.711300e-01  9.045340e-01 -9.054793e-01
 9.700923e-01 -2.700048e-01  9.725640e-01 -2.731739e-01
 9.703845e-01 -2.736402e-01  2.726700e-01 -9.734875e-01
 1.148076e+00 -2.774270e-01  2.833563e-01 -2.823453e-01
 2.734776e-01 -9.039273e-01  9.049426e-01 -9.056245e-01
 2.717359e-01 -9.683794e-01  9.735990e-01 -2.720692e-01
 2.723701e-01 -9.700938e-01  2.738943e-01 -9.698699e-01
 2.763258e-01 -1.140986e+00  2.823783e-01 -2.815536e-01
 2.808619e-01 -2.820035e-01  1.000270e+00 -1.001118e+00
 2.830498e-01 -2.796951e-01  1.141994e+00 -2.778983e-01
 2.826609e-01 -2.835288e-01  2.789021e-01 -1.145636e+00
 2.803159e-01 -2.793954e-01  2.795109e-01 -2.824996e-01
 8.518552e-01 -8.555509e-01 -8.562859e-01  8.524621e-01
 9.044560e-01 -9.040136e-01 -9.050351e-01  2.712402e-01
 9.043885e-01 -9.066086e-01 -2.721563e-01  9.049584e-01
 9.998182e-01 -1.001025e+00 -2.824004e-01  2.821085e-01
 9.068031e-01 -2.711300e-01 -9.045340e-01  9.054793e-01
 9.700923e-01 -2.700048e-01 -9.725640e-01  2.731739e-01
 9.703845e-01 -2.736402e-01 -2.726700e-01  9.734875e-01
 1.148076e+00 -2.774270e-01 -2.833563e-01  2.823453e-01
 2.734776e-01 -9.039273e-01 -9.049426e-01  9.056245e-01
 2.717359e-01 -9.683794e-01 -9.735990e-01  2.720692e-01
 2.723701e-01 -9.700938e-01 -2.738943e-01  9.698699e-01
 2.763258e-01 -1.140986e+00 -2.823783e-01  2.815536e-01
 2.808619e-01 -2.820035e-01 -1.000270e+00  1.001118e+00
 2.830498e-01 -2.796951e-01 -1.141994e+00  2.778983e-01
 2.826609e-01 -2.835288e-01 -2.789021e-01  1.145636e+00
 2.803159e-01 -2.793954e-01 -2.795109e-01  2.824996e-01
 8.518552e-01 -8.555509e-01 -8.562859e-01 -8.524621e-01
 9.044560e-01 -9.040136e-01 -9.050351e-01 -2.712402e-01
 9.043885e-01 -9.066086e-01 -2.721563e-01 -9.049584e-01
 9.998182e-01 -1.001025e+00 -2.824004e-01 -2.821085e-01
 9.068031e-01 -2.711300e-01 -9.045340e-01 -9.054793e-01
 9.700923e-01 -2.700048e-01 -9.725640e-01 -2.731739e-01
 9.703845e-01 -2.736402e-01 -2.726700e-01 -9.734875e-01
 1.148076e+00 -2.774270e-01 -2.833563e-01 -2.823453e-01
 2.734776e-01 -9.039273e-01 -9.049426e-01 -9.056245e-01
 2.717359e-01 -9.683794e-01 -9.735990e-01 -2.720692e-01
 2.723701e-01 -9.700938e-01 -2.738943e-01 -9.698699e-01
 2.763258e-01 -1.140986e+00 -2.823783e-01 -2.815536e-01
 2.808619e-01 -2.820035e-01 -1.000270e+00 -1.001118e+00
 2.830498e-01 -2.796951e-01 -1.141994e+00 -2.778983e-01
 2.826609e-01 -2.835288e-01 -2.789021e-01 -1.145636e+00
 2.803159e-01 -2.793954e-01 -2.795109e-01 -2.824996e-01
-8.518552e-01  8.555509e-01  8.562859e-01  8.524621e-01
-9.044560e-01  9.040136e-01  9.050351e-01  2.712402e-01
-9.043885e-01  9.066086e-01  2.721563e-01  9.049584e-01
-9.998182e-01  1.001025e+00  2.824004e-01  2.821085e-01
-9.068031e-01  2.711300e-01  9.045340e-01  9.054793e-01
-9.700923e-01  2.700048e-01  9.725640e-01  2.731739e-01
-9.703845e-01  2.736402e-01  2.726700e-01  9.734875e-01
-1.148076e+00  2.774270e-01  2.833563e-01  2.823453e-01
-2.734776e-01  9.039273e-01  9.049426e-01  9.056245e-01
-2.717359e-01  9.683794e-01  9.735990e-01  2.720692e-01
-2.723701e-01  9.700938e-01  2.738943e-01  9.698699e-01
-2.763258e-01  1.140986e+00  2.823783e-01  2.815536e-01
-2.808619e-01  2.820035e-01  1.000270e+00  1.001118e+00
-2.830498e-01  2.796951e-01  1.141994e+00  2.778983e-01
-2.826609e-01  2.835288e-01  2.789021e-01  1.145636e+00
-2.803159e-01  2.793954e-01  2.795109e-01  2.824996e-01
-8.518552e-01  8.555509e-01  8.562859e-01 -8.524621e-01
-9.044560e-01  9.040136e-01  9.050351e-01 -2.712402e-01
-9.043885e-01  9.066086e-01  2.721563e-01 -9.049584e-01
-9.998182e-01  1.001025e+00  2.824004e-01 -2.821085e-01
-9.068031e-01  2.711300e-01  9.045340e-01 -9.054793e-01
-9.700923e-01  2.700048e-01  9.725640e-01 -2.731739e-01
-9.703845e-01  2.736402e-01  2.726700e-01 -9.734875e-01
-1.148076e+00  2.774270e-01  2.833563e-01 -2.823453e-01
-2.734776e-01  9.039273e-01  9.049426e-01 -9.056245e-01
-2.717359e-01  9.683794e-01  9.735990e-01 -2.720692e-01
-2.723701e-01  9.700938e-01  2.738943e-01 -9.698699e-01
-2.763258e-01  1.140986e+00  2.823783e-01 -2.815536e-01
-2.808619e-01  2.820035e-01  1.000270e+00 -1.001118e+00
-2.830498e-01  2.796951e-01  1.141994e+00 -2.778983e-01
-2.826609e-01  2.835288e-01  2.789021e-01 -1.145636e+00
-2.803159e-01  2.793954e-01  2.795109e-01 -2.824996e-01
-8.518552e-01  8.555509e-01 -8.562859e-01  8.524621e-01
-9.044560e-01  9.040136e-01 -9.050351e-01  2.712402e-01
-9.043885e-01  9.066086e-01 -2.721563e-01  9.049584e-01
-9.998182e-01  1.001025e+00 -2.824004e-01  2.821085e-01
-9.068031e-01  2.711300e-01 -9.045340e-01  9.054793e-01
-9.700923e-01  2.700048e-01 -9.725640e-01  2.731739e-01
-9.703845e-01  2.736402e-01 -2.726700e-01  9.734875e-01
-1.148076e+00  2.774270e-01 -2.833563e-01  2.823453e-01
-2.734776e-01  9.039273e-01 -9.049426e-01  9.056245e-01
-2.717359e-01  9.683794e-01 -9.735990e-01  2.720692e-01
-2.723701e-01  9.700938e-01 -2.738943e-01  9.698699e-01
-2.763258e-01  1.140986e+00 -2.823783e-01  2.815536e-01
-2.808619e-01  2.820035e-01 -1.000270e+00  1.001118e+00
-2.830498e-01  2.796951e-01 -1.141994e+00  2.778983e-01
-2.826609e-01  2.835288e-01 -2.789021e-01  1.145636e+00
-2.803159e-01  2.793954e-01 -2.795109e-01  2.824996e-01
-8.518552e-01  8.555509e-01 -8.562859e-01 -8.524621e-01
-9.044560e-01  9.040136e-01 -9.050351e-01 -2.712402e-01
-9.043885e-01  9.066086e-01 -2.721563e-01 -9.049584e-01
-9.998182e-01  1.001025e+00 -2.824004e-01 -2.821085e-01
-9.068031e-01  2.711300e-01 -9.045340e-01 -9.054793e-01
-9.700923e-01  2.700048e-01 -9.725640e-01 -2.731739e-01
-9.703845e-01  2.736402e-01 -2.726700e-01 -9.734875e-01
-1.148076e+00  2.774270e-01 -2.833563e-01 -2.823453e-01
-2.734776e-01  9.039273e-01 -9.049426e-01 -9.056245e-01
-2.717359e-01  9.683794e-01 -9.735990e-01 -2.720692e-01
-2.723701e-01  9.700938e-01 -2.738943e-01 -9.698699e-01
-2.763258e-01  1.140986e+00 -2.823783e-01 -2.815536e-01
-2.808619e-01  2.820035e-01 -1.000270e+00 -1.001118e+00
-2.830498e-01  2.796951e-01 -1.141994e+00 -2.778983e-01
-2.826609e-01  2.835288e-01 -2.789021e-01 -1.145636e+00
-2.803159e-01  2.793954e-01 -2.795109e-01 -2.824996e-01
-8.518552e-01 -8.555509e-01  8.562859e-01  8.524621e-01
-9.044560e-01 -9.040136e-01  9.050351e-01  2.712402e-01
-9.043885e-01 -9.066086e-01  2.721563e-01  9.049584e-01
-9.998182e-01 -1.001025e+00  2.824004e-01  2.821085e-01
-9.068031e-01 -2.711300e-01  9.045340e-01  9.054793e-01
-9.700923e-01 -2.700048e-01  9.725640e-01  2.731739e-01
-9.703845e-01 -2.736402e-01  2.726700e-01  9.734875e-01
-1.148076e+00 -2.774270e-01  2.833563e-01  2.823453e-01
-2.734776e-01 -9.039273e-01  9.049426e-01  9.056245e-01
-2.717359e-01 -9.683794e-01  9.735990e-01  2.720692e-01
-2.723701e-01 -9.700938e-01  2.738943e-01  9.698699e-01
-2.763258e-01 -1.140986e+00  2.823783e-01  2.815536e-01
-2.808619e-01 -2.820035e-01  1.000270e+00  1.001118e+00
-2.830498e-01 -2.796951e-01  1.141994e+00  2.778983e-01
-2.826609e-01 -2.835288e-01  2.789021e-01  1.145636e+00
-2.803159e-01 -2.793954e-01  2.795109e-01  2.824996e-01
-8.518552e-01 -8.555509e-01  8.562859e-01 -8.524621e-01
-9.044560e-01 -9.040136e-01  9.050351e-01 -2.712402e-01
-9.043885e-01 -9.066086e-01  2.721563e-01 -9.049584e-01
-9.998182e-01 -1.001025e+00  2.824004e-01 -2.821085e-01
-9.068031e-01 -2.711300e-01  9.045340e-01 -9.054793e-01
-9.700923e-01 -2.700048e-01  9.725640e-01 -2.731739e-01
-9.703845e-01 -2.736402e-01  2.726700e-01 -9.734875e-01
-1.148076e+00 -2.774270e-01  2.833563e-01 -2.823453e-01
-2.734776e-01 -9.039273e-01  9.049426e-01 -9.056245e-01
-2.717359e-01 -9.683794e-01  9.735990e-01 -2.720692e-01
-2.723701e-01 -9.700938e-01  2.738943e-01 -9.698699e-01
-2.763258e-01 -1.140986e+00  2.823783e-01 -2.815536e-01
-2.808619e-01 -2.820035e-01  1.000270e+00 -1.001118e+00
-2.830498e-01 -2.796951e-01  1.141994e+00 -2.778983e-01
-2.826609e-01 -2.835288e-01  2.789021e-01 -1.145636e+00
-2.803159e-01 -2.793954e-01  2.795109e-01 -2.824996e-01
-8.518552e-01 -8.555509e-01 -8.562859e-01  8.524621e-01
-9.044560e-01 -9.040136e-01 -9.050351e-01  2.712402e-01
-9.043885e-01 -9.066086e-01 -2.721563e-01  9.049584e-01
-9.998182e-01 -1.001025e+00 -2.824004e-01  2.821085e-01
-9.068031e-01 -2.711300e-01 -9.045340e-01  9.054793e-01
-9.700923e-01 -2.700048e-01 -9.725640e-01  2.731739e-01
-9.703845e-01 -2.736402e-01 -2.726700e-01  9.734875e-01
-1.148076e+00 -2.774270e-01 -2.833563e-01  2.823453e-01
-2.734776e-01 -9.039273e-01 -9.049426e-01  9.056245e-01
-2.717359e-01 -9.683794e-01 -9.735990e-01  2.720692e-01
-2.723701e-01 -9.700938e-01 -2.738943e-01  9.698699e-01
-2.763258e-01 -1.140986e+00 -2.823783e-01  2.815536e-01
-2.808619e-01 -2.820035e-01 -1.000270e+00  1.001118e+00
-2.830498e-01 -2.796951e-01 -1.141994e+00  2.778983e-01
-2.826609e-01 -2.835288e-01 -2.789021e-01  1.145636e+00
-2.803159e-01 -2.793954e-01 -2.795109e-01  2.824996e-01
-8.518552e-01 -8.555509e-01 -8.562859e-01 -8.524621e-01
-9.044560e-01 -9.040136e-01 -9.050351e-01 -2.712402e-01
-9.043885e-01 -9.066086e-01 -2.721563e-01 -9.049584e-01
-9.998182e-01 -1.001025e+00 -2.824004e-01 -2.821085e-01
-9.068031e-01 -2.711300e-01 -9.045340e-01 -9.054793e-01
-9.700923e-01 -2.700048e-01 -9.725640e-01 -2.731739e-01
-9.703845e-01 -2.736402e-01 -2.726700e-01 -9.734875e-01
-1.148076e+00 -2.774270e-01 -2.833563e-01 -2.823453e-01
-2.734776e-01 -9.039273e-01 -9.049426e-01 -9.056245e-01
-2.717359e-01 -9.683794e-01 -9.735990e-01 -2.720692e-01
-2.723701e-01 -9.700938e-01 -2.738943e-01 -9.698699e-01
-2.763258e-01 -1.140986e+00 -2.823783e-01 -2.815536e-01
-2.808619e-01 -2.820035e-01 -1.000270e+00 -1.001118e+00
-2.830498e-01 -2.796951e-01 -1.141994e+00 -2.778983e-01
-2.826609e-01 -2.835288e-01 -2.789021e-01 -1.145636e+00
-2.803159e-01 -2.793954e-01 -2.795109e-01 -2.824996e-01
