 2.552119e-01  7.395312e-01  8.597894e-01  1.324443e+00
 2.494840e-01  7.839259e-01  2.708991e-01  1.496607e+00
 2.721769e-01  6.751170e-01  1.341474e+00  8.791634e-01
 2.460157e-01  7.433334e-01  1.410258e+00  2.723944e-01
 7.211200e-01  1.122991e+00  1.975852e-01  6.196520e-01
 8.821294e-01  1.216641e+00  2.228376e-01  2.105846e-01
 8.181819e-01  1.247712e+00  6.252348e-01  6.354396e-01
 7.752771e-01  1.196741e+00  7.049232e-01  2.027238e-01
 2.537776e-01  1.478378e+00  2.255043e-01  7.784873e-01
 2.753118e-01  1.166842e+00  2.630997e-01  1.154896e+00
 2.660312e-01  1.185331e+00  9.301842e-01  8.207738e-01
 2.586244e-01  1.163207e+00  1.116884e+00  2.619680e-01
 3.141539e-01  1.621629e+00  2.743084e-01  2.762451e-01
 2.583544e-01  1.187773e+00  1.958478e-01  2.116951e-01
 2.428524e-01  1.170181e+00  5.977932e-01  5.649018e-01
 2.523341e-01  1.187192e+00  6.480953e-01  1.901307e-01
 1.482248e+00  7.568098e-01  2.582014e-01  6.402900e-01
 9.523996e-01  8.544881e-01  2.946452e-01  1.219875e+00
 8.527404e-01  7.992268e-01  1.039819e+00  8.632638e-01
 8.558467e-01  8.001904e-01  1.250141e+00  2.840719e-01
 1.009182e+00  7.051319e-01  2.055175e-01  6.397402e-01
 1.072019e+00  7.381327e-01  2.226305e-01  1.971274e-01
 1.036113e+00  7.404887e-01  6.452188e-01  6.145385e-01
 1.155452e+00  7.602582e-01  7.241539e-01  2.055264e-01
 1.620046e+00  2.910777e-01  2.670528e-01  2.784411e-01
 1.198061e+00  2.796682e-01  2.900692e-01  1.178852e+00
 1.147303e+00  2.773613e-01  9.853188e-01  8.254600e-01
 1.112757e+00  2.699086e-01  1.183852e+00  2.684627e-01
 1.139845e+00  2.293885e-01  2.019805e-01  6.097183e-01
 1.077741e+00  2.373287e-01  2.170451e-01  1.923408e-01
 1.122415e+00  2.339442e-01  6.164242e-01  6.080266e-01
 1.141811e+00  2.418760e-01  6.928014e-01  1.995006e-01
 1.826126e-01  6.135838e-01  5.018438e-01  1.016077e+00
 2.705498e-01  2.674742e-01  2.983630e-01  1.606535e+00
 1.904365e-01  6.157650e-01  9.377195e-01  6.840127e-01
 2.796889e-01  2.525069e-01  1.570994e+00  3.159048e-01
 2.067186e-01  7.103146e-01  1.973119e-01  6.801678e-01
 2.033073e-01  6.525078e-01  1.951000e-01  2.109342e-01
 1.954502e-01  6.276138e-01  5.906656e-01  5.171867e-01
 2.016798e-01  6.371690e-01  6.424142e-01  1.711035e-01
 2.131324e-01  2.038579e-01  7.513815e-01  1.143574e+00
 2.151663e-01  1.908063e-01  2.244910e-01  1.171252e+00
 2.094532e-01  1.978981e-01  1.047060e+00  7.303420e-01
 2.010375e-01  2.226435e-01  1.104287e+00  2.301438e-01
 2.093720e-01  2.229268e-01  1.995080e-01  6.423286e-01
 2.130357e-01  2.134851e-01  2.069623e-01  2.100809e-01
 2.140757e-01  1.881553e-01  6.049672e-01  5.927859e-01
 2.177049e-01  2.025883e-01  6.475328e-01  1.945478e-01
 5.769619e-01  5.885075e-01  5.402141e-01  1.010940e+00
 6.373554e-01  5.540071e-01  1.989799e-01  1.183856e+00
 5.778245e-01  5.984443e-01  9.062638e-01  6.825054e-01
 5.929502e-01  5.977207e-01  1.022715e+00  2.133865e-01
 6.029851e-01  6.058864e-01  2.124287e-01  6.437597e-01
 6.253187e-01  6.509814e-01  1.956546e-01  1.987822e-01
 6.245125e-01  6.214504e-01  5.868496e-01  5.293536e-01
 6.464789e-01  6.359208e-01  6.145056e-01  1.803790e-01
 6.809053e-01  2.257719e-01  7.760631e-01  1.222121e+00
 7.115778e-01  1.750630e-01  2.509506e-01  1.191303e+00
 6.592090e-01  2.085281e-01  1.087785e+00  7.530338e-01
 6.522976e-01  2.020000e-01  1.118106e+00  2.391719e-01
 6.488348e-01  2.006720e-01  2.021965e-01  6.385727e-01
 6.411826e-01  2.117002e-01  2.085501e-01  2.065851e-01
 6.627780e-01  1.782143e-01  6.152582e-01  6.056584e-01
 6.683373e-01  1.977199e-01  6.424925e-01  1.956263e-01
 2.552119e-01  7.395312e-01  8.597894e-01 -1.324443e+00
 2.494840e-01  7.839259e-01  2.708991e-01 -1.496607e+00
 2.721769e-01  6.751170e-01  1.341474e+00 -8.791634e-01
 2.460157e-01  7.433334e-01  1.410258e+00 -2.723944e-01
 7.211200e-01  1.122991e+00  1.975852e-01 -6.196520e-01
 8.821294e-01  1.216641e+00  2.228376e-01 -2.105846e-01
 8.181819e-01  1.247712e+00  6.252348e-01 -6.354396e-01
 7.752771e-01  1.196741e+00  7.049232e-01 -2.027238e-01
 2.537776e-01  1.478378e+00  2.255043e-01 -7.784873e-01
 2.753118e-01  1.166842e+00  2.630997e-01 -1.154896e+00
 2.660312e-01  1.185331e+00  9.301842e-01 -8.207738e-01
 2.586244e-01  1.163207e+00  1.116884e+00 -2.619680e-01
 3.141539e-01  1.621629e+00  2.743084e-01 -2.762451e-01
 2.583544e-01  1.187773e+00  1.958478e-01 -2.116951e-01
 2.428524e-01  1.170181e+00  5.977932e-01 -5.649018e-01
 2.523341e-01  1.187192e+00  6.480953e-01 -1.901307e-01
 1.482248e+00  7.568098e-01  2.582014e-01 -6.402900e-01
 9.523996e-01  8.544881e-01  2.946452e-01 -1.219875e+00
 8.527404e-01  7.992268e-01  1.039819e+00 -8.632638e-01
 8.558467e-01  8.001904e-01  1.250141e+00 -2.840719e-01
 1.009182e+00  7.051319e-01  2.055175e-01 -6.397402e-01
 1.072019e+00  7.381327e-01  2.226305e-01 -1.971274e-01
 1.036113e+00  7.404887e-01  6.452188e-01 -6.145385e-01
 1.155452e+00  7.602582e-01  7.241539e-01 -2.055264e-01
 1.620046e+00  2.910777e-01  2.670528e-01 -2.784411e-01
 1.198061e+00  2.796682e-01  2.900692e-01 -1.178852e+00
 1.147303e+00  2.773613e-01  9.853188e-01 -8.254600e-01
 1.112757e+00  2.699086e-01  1.183852e+00 -2.684627e-01
 1.139845e+00  2.293885e-01  2.019805e-01 -6.097183e-01
 1.077741e+00  2.373287e-01  2.170451e-01 -1.923408e-01
 1.122415e+00  2.339442e-01  6.164242e-01 -6.080266e-01
 1.141811e+00  2.418760e-01  6.928014e-01 -1.995006e-01
 1.826126e-01  6.135838e-01  5.018438e-01 -1.016077e+00
 2.705498e-01  2.674742e-01  2.983630e-01 -1.606535e+00
 1.904365e-01  6.157650e-01  9.377195e-01 -6.840127e-01
 2.796889e-01  2.525069e-01  1.570994e+00 -3.159048e-01
 2.067186e-01  7.103146e-01  1.973119e-01 -6.801678e-01
 2.033073e-01  6.525078e-01  1.951000e-01 -2.109342e-01
 1.954502e-01  6.276138e-01  5.906656e-01 -5.171867e-01
 2.016798e-01  6.371690e-01  6.424142e-01 -1.711035e-01
 2.131324e-01  2.038579e-01  7.513815e-01 -1.143574e+00
 2.151663e-01  1.908063e-01  2.244910e-01 -1.171252e+00
 2.094532e-01  1.978981e-01  1.047060e+00 -7.303420e-01
 2.010375e-01  2.226435e-01  1.104287e+00 -2.301438e-01
 2.093720e-01  2.229268e-01  1.995080e-01 -6.423286e-01
 2.130357e-01  2.134851e-01  2.069623e-01 -2.100809e-01
 2.140757e-01  1.881553e-01  6.049672e-01 -5.927859e-01
 2.177049e-01  2.025883e-01  6.475328e-01 -1.945478e-01
 5.769619e-01  5.885075e-01  5.402141e-01 -1.010940e+00
 6.373554e-01  5.540071e-01  1.989799e-01 -1.183856e+00
 5.778245e-01  5.984443e-01  9.062638e-01 -6.825054e-01
 5.929502e-01  5.977207e-01  1.022715e+00 -2.133865e-01
 6.029851e-01  6.058864e-01  2.124287e-01 -6.437597e-01
 6.253187e-01  6.509814e-01  1.956546e-01 -1.987822e-01
 6.245125e-01  6.214504e-01  5.868496e-01 -5.293536e-01
 6.464789e-01  6.359208e-01  6.145056e-01 -1.803790e-01
 6.809053e-01  2.257719e-01  7.760631e-01 -1.222121e+00
 7.115778e-01  1.750630e-01  2.509506e-01 -1.191303e+00
 6.592090e-01  2.085281e-01  1.087785e+00 -7.530338e-01
 6.522976e-01  2.020000e-01  1.118106e+00 -2.391719e-01
 6.488348e-01  2.006720e-01  2.021965e-01 -6.385727e-01
 6.411826e-01  2.117002e-01  2.085501e-01 -2.065851e-01
 6.627780e-01  1.782143e-01  6.152582e-01 -6.056584e-01
 6.683373e-01  1.977199e-01  6.424925e-01 -1.956263e-01
 2.552119e-01  7.395312e-01 -8.597894e-01  1.324443e+00
 2.494840e-01  7.839259e-01 -2.708991e-01  1.496607e+00
 2.721769e-01  6.751170e-01 -1.341474e+00  8.791634e-01
 2.460157e-01  7.433334e-01 -1.410258e+00  2.723944e-01
 7.211200e-01  1.122991e+00 -1.975852e-01  6.196520e-01
 8.821294e-01  1.216641e+00 -2.228376e-01  2.105846e-01
 8.181819e-01  1.247712e+00 -6.252348e-01  6.354396e-01
 7.752771e-01  1.196741e+00 -7.049232e-01  2.027238e-01
 2.537776e-01  1.478378e+00 -2.255043e-01  7.784873e-01
 2.753118e-01  1.166842e+00 -2.630997e-01  1.154896e+00
 2.660312e-01  1.185331e+00 -9.301842e-01  8.207738e-01
 2.586244e-01  1.163207e+00 -1.116884e+00  2.619680e-01
 3.141539e-01  1.621629e+00 -2.743084e-01  2.762451e-01
 2.583544e-01  1.187773e+00 -1.958478e-01  2.116951e-01
 2.428524e-01  1.170181e+00 -5.977932e-01  5.649018e-01
 2.523341e-01  1.187192e+00 -6.480953e-01  1.901307e-01
 1.482248e+00  7.568098e-01 -2.582014e-01  6.402900e-01
 9.523996e-01  8.544881e-01 -2.946452e-01  1.219875e+00
 8.527404e-01  7.992268e-01 -1.039819e+00  8.632638e-01
 8.558467e-01  8.001904e-01 -1.250141e+00  2.840719e-01
 1.009182e+00  7.051319e-01 -2.055175e-01  6.397402e-01
 1.072019e+00  7.381327e-01 -2.226305e-01  1.971274e-01
 1.036113e+00  7.404887e-01 -6.452188e-01  6.145385e-01
 1.155452e+00  7.602582e-01 -7.241539e-01  2.055264e-01
 1.620046e+00  2.910777e-01 -2.670528e-01  2.784411e-01
 1.198061e+00  2.796682e-01 -2.900692e-01  1.178852e+00
 1.147303e+00  2.773613e-01 -9.853188e-01  8.254600e-01
 1.112757e+00  2.699086e-01 -1.183852e+00  2.684627e-01
 1.139845e+00  2.293885e-01 -2.019805e-01  6.097183e-01
 1.077741e+00  2.373287e-01 -2.170451e-01  1.923408e-01
 1.122415e+00  2.339442e-01 -6.164242e-01  6.080266e-01
 1.141811e+00  2.418760e-01 -6.928014e-01  1.995006e-01
 1.826126e-01  6.135838e-01 -5.018438e-01  1.016077e+00
 2.705498e-01  2.674742e-01 -2.983630e-01  1.606535e+00
 1.904365e-01  6.157650e-01 -9.377195e-01  6.840127e-01
 2.796889e-01  2.525069e-01 -1.570994e+00  3.159048e-01
 2.067186e-01  7.103146e-01 -1.973119e-01  6.801678e-01
 2.033073e-01  6.525078e-01 -1.951000e-01  2.109342e-01
 1.954502e-01  6.276138e-01 -5.906656e-01  5.171867e-01
 2.016798e-01  6.371690e-01 -6.424142e-01  1.711035e-01
 2.131324e-01  2.038579e-01 -7.513815e-01  1.143574e+00
 2.151663e-01  1.908063e-01 -2.244910e-01  1.171252e+00
 2.094532e-01  1.978981e-01 -1.047060e+00  7.303420e-01
 2.010375e-01  2.226435e-01 -1.104287e+00  2.301438e-01
 2.093720e-01  2.229268e-01 -1.995080e-01  6.423286e-01
 2.130357e-01  2.134851e-01 -2.069623e-01  2.100809e-01
 2.140757e-01  1.881553e-01 -6.049672e-01  5.927859e-01
 2.177049e-01  2.025883e-01 -6.475328e-01  1.945478e-01
 5.769619e-01  5.885075e-01 -5.402141e-01  1.010940e+00
 6.373554e-01  5.540071e-01 -1.989799e-01  1.183856e+00
 5.778245e-01  5.984443e-01 -9.062638e-01  6.825054e-01
 5.929502e-01  5.977207e-01 -1.022715e+00  2.133865e-01
 6.029851e-01  6.058864e-01 -2.124287e-01  6.437597e-01
 6.253187e-01  6.509814e-01 -1.956546e-01  1.987822e-01
 6.245125e-01  6.214504e-01 -5.868496e-01  5.293536e-01
 6.464789e-01  6.359208e-01 -6.145056e-01  1.803790e-01
 6.809053e-01  2.257719e-01 -7.760631e-01  1.222121e+00
 7.115778e-01  1.750630e-01 -2.509506e-01  1.191303e+00
 6.592090e-01  2.085281e-01 -1.087785e+00  7.530338e-01
 6.522976e-01  2.020000e-01 -1.118106e+00  2.391719e-01
 6.488348e-01  2.006720e-01 -2.021965e-01  6.385727e-01
 6.411826e-01  2.117002e-01 -2.085501e-01  2.065851e-01
 6.627780e-01  1.782143e-01 -6.152582e-01  6.056584e-01
 6.683373e-01  1.977199e-01 -6.424925e-01  1.956263e-01
 2.552119e-01  7.395312e-01 -8.597894e-01 -1.324443e+00
 2.494840e-01  7.839259e-01 -2.708991e-01 -1.496607e+00
 2.721769e-01  6.751170e-01 -1.341474e+00 -8.791634e-01
 2.460157e-01  7.433334e-01 -1.410258e+00 -2.723944e-01
 7.211200e-01  1.122991e+00 -1.975852e-01 -6.196520e-01
 8.821294e-01  1.216641e+00 -2.228376e-01 -2.105846e-01
 8.181819e-01  1.247712e+00 -6.252348e-01 -6.354396e-01
 7.752771e-01  1.196741e+00 -7.049232e-01 -2.027238e-01
 2.537776e-01  1.478378e+00 -2.255043e-01 -7.784873e-01
 2.753118e-01  1.166842e+00 -2.630997e-01 -1.154896e+00
 2.660312e-01  1.185331e+00 -9.301842e-01 -8.207738e-01
 2.586244e-01  1.163207e+00 -1.116884e+00 -2.619680e-01
 3.141539e-01  1.621629e+00 -2.743084e-01 -2.762451e-01
 2.583544e-01  1.187773e+00 -1.958478e-01 -2.116951e-01
 2.428524e-01  1.170181e+00 -5.977932e-01 -5.649018e-01
 2.523341e-01  1.187192e+00 -6.480953e-01 -1.901307e-01
 1.482248e+00  7.568098e-01 -2.582014e-01 -6.402900e-01
 9.523996e-01  8.544881e-01 -2.946452e-01 -1.219875e+00
 8.527404e-01  7.992268e-01 -1.039819e+00 -8.632638e-01
 8.558467e-01  8.001904e-01 -1.250141e+00 -2.840719e-01
 1.009182e+00  7.051319e-01 -2.055175e-01 -6.397402e-01
 1.072019e+00  7.381327e-01 -2.226305e-01 -1.971274e-01
 1.036113e+00  7.404887e-01 -6.452188e-01 -6.145385e-01
 1.155452e+00  7.602582e-01 -7.241539e-01 -2.055264e-01
 1.620046e+00  2.910777e-01 -2.670528e-01 -2.784411e-01
 1.198061e+00  2.796682e-01 -2.900692e-01 -1.178852e+00
 1.147303e+00  2.773613e-01 -9.853188e-01 -8.254600e-01
 1.112757e+00  2.699086e-01 -1.183852e+00 -2.684627e-01
 1.139845e+00  2.293885e-01 -2.019805e-01 -6.097183e-01
 1.077741e+00  2.373287e-01 -2.170451e-01 -1.923408e-01
 1.122415e+00  2.339442e-01 -6.164242e-01 -6.080266e-01
 1.141811e+00  2.418760e-01 -6.928014e-01 -1.995006e-01
 1.826126e-01  6.135838e-01 -5.018438e-01 -1.016077e+00
 2.705498e-01  2.674742e-01 -2.983630e-01 -1.606535e+00
 1.904365e-01  6.157650e-01 -9.377195e-01 -6.840127e-01
 2.796889e-01  2.525069e-01 -1.570994e+00 -3.159048e-01
 2.067186e-01  7.103146e-01 -1.973119e-01 -6.801678e-01
 2.033073e-01  6.525078e-01 -1.951000e-01 -2.109342e-01
 1.954502e-01  6.276138e-01 -5.906656e-01 -5.171867e-01
 2.016798e-01  6.371690e-01 -6.424142e-01 -1.711035e-01
 2.131324e-01  2.038579e-01 -7.513815e-01 -1.143574e+00
 2.151663e-01  1.908063e-01 -2.244910e-01 -1.171252e+00
 2.094532e-01  1.978981e-01 -1.047060e+00 -7.303420e-01
 2.010375e-01  2.226435e-01 -1.104287e+00 -2.301438e-01
 2.093720e-01  2.229268e-01 -1.995080e-01 -6.423286e-01
 2.130357e-01  2.134851e-01 -2.069623e-01 -2.100809e-01
 2.140757e-01  1.881553e-01 -6.049672e-01 -5.927859e-01
 2.177049e-01  2.025883e-01 -6.475328e-01 -1.945478e-01
 5.769619e-01  5.885075e-01 -5.402141e-01 -1.010940e+00
 6.373554e-01  5.540071e-01 -1.989799e-01 -1.183856e+00
 5.778245e-01  5.984443e-01 -9.062638e-01 -6.825054e-01
 5.929502e-01  5.977207e-01 -1.022715e+00 -2.133865e-01
 6.029851e-01  6.058864e-01 -2.124287e-01 -6.437597e-01
 6.253187e-01  6.509814e-01 -1.956546e-01 -1.987822e-01
 6.245125e-01  6.214504e-01 -5.868496e-01 -5.293536e-01
 6.464789e-01  6.359208e-01 -6.145056e-01 -1.803790e-01
 6.809053e-01  2.257719e-01 -7.760631e-01 -1.222121e+00
 7.115778e-01  1.750630e-01 -2.509506e-01 -1.191303e+00
 6.592090e-01  2.085281e-01 -1.087785e+00 -7.530338e-01
 6.522976e-01  2.020000e-01 -1.118106e+00 -2.391719e-01
 6.488348e-01  2.006720e-01 -2.021965e-01 -6.385727e-01
 6.411826e-01  2.117002e-01 -2.085501e-01 -2.065851e-01
 6.627780e-01  1.782143e-01 -6.152582e-01 -6.056584e-01
 6.683373e-01  1.977199e-01 -6.424925e-01 -1.956263e-01
 2.552119e-01 -7.395312e-01  8.597894e-01  1.324443e+00
 2.494840e-01 -7.839259e-01  2.708991e-01  1.496607e+00
 2.721769e-01 -6.751170e-01  1.341474e+00  8.791634e-01
 2.460157e-01 -7.433334e-01  1.410258e+00  2.723944e-01
 7.211200e-01 -1.122991e+00  1.975852e-01  6.196520e-01
 8.821294e-01 -1.216641e+00  2.228376e-01  2.105846e-01
 8.181819e-01 -1.247712e+00  6.252348e-01  6.354396e-01
 7.752771e-01 -1.196741e+00  7.049232e-01  2.027238e-01
 2.537776e-01 -1.478378e+00  2.255043e-01  7.784873e-01
 2.753118e-01 -1.166842e+00  2.630997e-01  1.154896e+00
 2.660312e-01 -1.185331e+00  9.301842e-01  8.207738e-01
 2.586244e-01 -1.163207e+00  1.116884e+00  2.619680e-01
 3.141539e-01 -1.621629e+00  2.743084e-01  2.762451e-01
 2.583544e-01 -1.187773e+00  1.958478e-01  2.116951e-01
 2.428524e-01 -1.170181e+00  5.977932e-01  5.649018e-01
 2.523341e-01 -1.187192e+00  6.480953e-01  1.901307e-01
 1.482248e+00 -7.568098e-01  2.582014e-01  6.402900e-01
 9.523996e-01 -8.544881e-01  2.946452e-01  1.219875e+00
 8.527404e-01 -7.992268e-01  1.039819e+00  8.632638e-01
 8.558467e-01 -8.001904e-01  1.250141e+00  2.840719e-01
 1.009182e+00 -7.051319e-01  2.055175e-01  6.397402e-01
 1.072019e+00 -7.381327e-01  2.226305e-01  1.971274e-01
 1.036113e+00 -7.404887e-01  6.452188e-01  6.145385e-01
 1.155452e+00 -7.602582e-01  7.241539e-01  2.055264e-01
 1.620046e+00 -2.910777e-01  2.670528e-01  2.784411e-01
 1.198061e+00 -2.796682e-01  2.900692e-01  1.178852e+00
 1.147303e+00 -2.773613e-01  9.853188e-01  8.254600e-01
 1.112757e+00 -2.699086e-01  1.183852e+00  2.684627e-01
 1.139845e+00 -2.293885e-01  2.019805e-01  6.097183e-01
 1.077741e+00 -2.373287e-01  2.170451e-01  1.923408e-01
 1.122415e+00 -2.339442e-01  6.164242e-01  6.080266e-01
 1.141811e+00 -2.418760e-01  6.928014e-01  1.995006e-01
 1.826126e-01 -6.135838e-01  5.018438e-01  1.016077e+00
 2.705498e-01 -2.674742e-01  2.983630e-01  1.606535e+00
 1.904365e-01 -6.157650e-01  9.377195e-01  6.840127e-01
 2.796889e-01 -2.525069e-01  1.570994e+00  3.159048e-01
 2.067186e-01 -7.103146e-01  1.973119e-01  6.801678e-01
 2.033073e-01 -6.525078e-01  1.951000e-01  2.109342e-01
 1.954502e-01 -6.276138e-01  5.906656e-01  5.171867e-01
 2.016798e-01 -6.371690e-01  6.424142e-01  1.711035e-01
 2.131324e-01 -2.038579e-01  7.513815e-01  1.143574e+00
 2.151663e-01 -1.908063e-01  2.244910e-01  1.171252e+00
 2.094532e-01 -1.978981e-01  1.047060e+00  7.303420e-01
 2.010375e-01 -2.226435e-01  1.104287e+00  2.301438e-01
 2.093720e-01 -2.229268e-01  1.995080e-01  6.423286e-01
 2.130357e-01 -2.134851e-01  2.069623e-01  2.100809e-01
 2.140757e-01 -1.881553e-01  6.049672e-01  5.927859e-01
 2.177049e-01 -2.025883e-01  6.475328e-01  1.945478e-01
 5.769619e-01 -5.885075e-01  5.402141e-01  1.010940e+00
 6.373554e-01 -5.540071e-01  1.989799e-01  1.183856e+00
 5.778245e-01 -5.984443e-01  9.062638e-01  6.825054e-01
 5.929502e-01 -5.977207e-01  1.022715e+00  2.133865e-01
 6.029851e-01 -6.058864e-01  2.124287e-01  6.437597e-01
 6.253187e-01 -6.509814e-01  1.956546e-01  1.987822e-01
 6.245125e-01 -6.214504e-01  5.868496e-01  5.293536e-01
 6.464789e-01 -6.359208e-01  6.145056e-01  1.803790e-01
 6.809053e-01 -2.257719e-01  7.760631e-01  1.222121e+00
 7.115778e-01 -1.750630e-01  2.509506e-01  1.191303e+00
 6.592090e-01 -2.085281e-01  1.087785e+00  7.530338e-01
 6.522976e-01 -2.020000e-01  1.118106e+00  2.391719e-01
 6.488348e-01 -2.006720e-01  2.021965e-01  6.385727e-01
 6.411826e-01 -2.117002e-01  2.085501e-01  2.065851e-01
 6.627780e-01 -1.782143e-01  6.152582e-01  6.056584e-01
 6.683373e-01 -1.977199e-01  6.424925e-01  1.956263e-01
 2.552119e-01 -7.395312e-01  8.597894e-01 -1.324443e+00
 2.494840e-01 -7.839259e-01  2.708991e-01 -1.496607e+00
 2.721769e-01 -6.751170e-01  1.341474e+00 -8.791634e-01
 2.460157e-01 -7.433334e-01  1.410258e+00 -2.723944e-01
 7.211200e-01 -1.122991e+00  1.975852e-01 -6.196520e-01
 8.821294e-01 -1.216641e+00  2.228376e-01 -2.105846e-01
 8.181819e-01 -1.247712e+00  6.252348e-01 -6.354396e-01
 7.752771e-01 -1.196741e+00  7.049232e-01 -2.027238e-01
 2.537776e-01 -1.478378e+00  2.255043e-01 -7.784873e-01
 2.753118e-01 -1.166842e+00  2.630997e-01 -1.154896e+00
 2.660312e-01 -1.185331e+00  9.301842e-01 -8.207738e-01
 2.586244e-01 -1.163207e+00  1.116884e+00 -2.619680e-01
 3.141539e-01 -1.621629e+00  2.743084e-01 -2.762451e-01
 2.583544e-01 -1.187773e+00  1.958478e-01 -2.116951e-01
 2.428524e-01 -1.170181e+00  5.977932e-01 -5.649018e-01
 2.523341e-01 -1.187192e+00  6.480953e-01 -1.901307e-01
 1.482248e+00 -7.568098e-01  2.582014e-01 -6.402900e-01
 9.523996e-01 -8.544881e-01  2.946452e-01 -1.219875e+00
 8.527404e-01 -7.992268e-01  1.039819e+00 -8.632638e-01
 8.558467e-01 -8.001904e-01  1.250141e+00 -2.840719e-01
 1.009182e+00 -7.051319e-01  2.055175e-01 -6.397402e-01
 1.072019e+00 -7.381327e-01  2.226305e-01 -1.971274e-01
 1.036113e+00 -7.404887e-01  6.452188e-01 -6.145385e-01
 1.155452e+00 -7.602582e-01  7.241539e-01 -2.055264e-01
 1.620046e+00 -2.910777e-01  2.670528e-01 -2.784411e-01
 1.198061e+00 -2.796682e-01  2.900692e-01 -1.178852e+00
 1.147303e+00 -2.773613e-01  9.853188e-01 -8.254600e-01
 1.112757e+00 -2.699086e-01  1.183852e+00 -2.684627e-01
 1.139845e+00 -2.293885e-01  2.019805e-01 -6.097183e-01
 1.077741e+00 -2.373287e-01  2.170451e-01 -1.923408e-01
 1.122415e+00 -2.339442e-01  6.164242e-01 -6.080266e-01
 1.141811e+00 -2.418760e-01  6.928014e-01 -1.995006e-01
 1.826126e-01 -6.135838e-01  5.018438e-01 -1.016077e+00
 2.705498e-01 -2.674742e-01  2.983630e-01 -1.606535e+00
 1.904365e-01 -6.157650e-01  9.377195e-01 -6.840127e-01
 2.796889e-01 -2.525069e-01  1.570994e+00 -3.159048e-01
 2.067186e-01 -7.103146e-01  1.973119e-01 -6.801678e-01
 2.033073e-01 -6.525078e-01  1.951000e-01 -2.109342e-01
 1.954502e-01 -6.276138e-01  5.906656e-01 -5.171867e-01
 2.016798e-01 -6.371690e-01  6.424142e-01 -1.711035e-01
 2.131324e-01 -2.038579e-01  7.513815e-01 -1.143574e+00
 2.151663e-01 -1.908063e-01  2.244910e-01 -1.171252e+00
 2.094532e-01 -1.978981e-01  1.047060e+00 -7.303420e-01
 2.010375e-01 -2.226435e-01  1.104287e+00 -2.301438e-01
 2.093720e-01 -2.229268e-01  1.995080e-01 -6.423286e-01
 2.130357e-01 -2.134851e-01  2.069623e-01 -2.100809e-01
 2.140757e-01 -1.881553e-01  6.049672e-01 -5.927859e-01
 2.177049e-01 -2.025883e-01  6.475328e-01 -1.945478e-01
 5.769619e-01 -5.885075e-01  5.402141e-01 -1.010940e+00
 6.373554e-01 -5.540071e-01  1.989799e-01 -1.183856e+00
 5.778245e-01 -5.984443e-01  9.062638e-01 -6.825054e-01
 5.929502e-01 -5.977207e-01  1.022715e+00 -2.133865e-01
 6.029851e-01 -6.058864e-01  2.124287e-01 -6.437597e-01
 6.253187e-01 -6.509814e-01  1.956546e-01 -1.987822e-01
 6.245125e-01 -6.214504e-01  5.868496e-01 -5.293536e-01
 6.464789e-01 -6.359208e-01  6.145056e-01 -1.803790e-01
 6.809053e-01 -2.257719e-01  7.760631e-01 -1.222121e+00
 7.115778e-01 -1.750630e-01  2.509506e-01 -1.191303e+00
 6.592090e-01 -2.085281e-01  1.087785e+00 -7.530338e-01
 6.522976e-01 -2.020000e-01  1.118106e+00 -2.391719e-01
 6.488348e-01 -2.006720e-01  2.021965e-01 -6.385727e-01
 6.411826e-01 -2.117002e-01  2.085501e-01 -2.065851e-01
 6.627780e-01 -1.782143e-01  6.152582e-01 -6.056584e-01
 6.683373e-01 -1.977199e-01  6.424925e-01 -1.956263e-01
 2.552119e-01 -7.395312e-01 -8.597894e-01  1.324443e+00
 2.494840e-01 -7.839259e-01 -2.708991e-01  1.496607e+00
 2.721769e-01 -6.751170e-01 -1.341474e+00  8.791634e-01
 2.460157e-01 -7.433334e-01 -1.410258e+00  2.723944e-01
 7.211200e-01 -1.122991e+00 -1.975852e-01  6.196520e-01
 8.821294e-01 -1.216641e+00 -2.228376e-01  2.105846e-01
 8.181819e-01 -1.247712e+00 -6.252348e-01  6.354396e-01
 7.752771e-01 -1.196741e+00 -7.049232e-01  2.027238e-01
 2.537776e-01 -1.478378e+00 -2.255043e-01  7.784873e-01
 2.753118e-01 -1.166842e+00 -2.630997e-01  1.154896e+00
 2.660312e-01 -1.185331e+00 -9.301842e-01  8.207738e-01
 2.586244e-01 -1.163207e+00 -1.116884e+00  2.619680e-01
 3.141539e-01 -1.621629e+00 -2.743084e-01  2.762451e-01
 2.583544e-01 -1.187773e+00 -1.958478e-01  2.116951e-01
 2.428524e-01 -1.170181e+00 -5.977932e-01  5.649018e-01
 2.523341e-01 -1.187192e+00 -6.480953e-01  1.901307e-01
 1.482248e+00 -7.568098e-01 -2.582014e-01  6.402900e-01
 9.523996e-01 -8.544881e-01 -2.946452e-01  1.219875e+00
 8.527404e-01 -7.992268e-01 -1.039819e+00  8.632638e-01
 8.558467e-01 -8.001904e-01 -1.250141e+00  2.840719e-01
 1.009182e+00 -7.051319e-01 -2.055175e-01  6.397402e-01
 1.072019e+00 -7.381327e-01 -2.226305e-01  1.971274e-01
 1.036113e+00 -7.404887e-01 -6.452188e-01  6.145385e-01
 1.155452e+00 -7.602582e-01 -7.241539e-01  2.055264e-01
 1.620046e+00 -2.910777e-01 -2.670528e-01  2.784411e-01
 1.198061e+00 -2.796682e-01 -2.900692e-01  1.178852e+00
 1.147303e+00 -2.773613e-01 -9.853188e-01  8.254600e-01
 1.112757e+00 -2.699086e-01 -1.183852e+00  2.684627e-01
 1.139845e+00 -2.293885e-01 -2.019805e-01  6.097183e-01
 1.077741e+00 -2.373287e-01 -2.170451e-01  1.923408e-01
 1.122415e+00 -2.339442e-01 -6.164242e-01  6.080266e-01
 1.141811e+00 -2.418760e-01 -6.928014e-01  1.995006e-01
 1.826126e-01 -6.135838e-01 -5.018438e-01  1.016077e+00
 2.705498e-01 -2.674742e-01 -2.983630e-01  1.606535e+00
 1.904365e-01 -6.157650e-01 -9.377195e-01  6.840127e-01
 2.796889e-01 -2.525069e-01 -1.570994e+00  3.159048e-01
 2.067186e-01 -7.103146e-01 -1.973119e-01  6.801678e-01
 2.033073e-01 -6.525078e-01 -1.951000e-01  2.109342e-01
 1.954502e-01 -6.276138e-01 -5.906656e-01  5.171867e-01
 2.016798e-01 -6.371690e-01 -6.424142e-01  1.711035e-01
 2.131324e-01 -2.038579e-01 -7.513815e-01  1.143574e+00
 2.151663e-01 -1.908063e-01 -2.244910e-01  1.171252e+00
 2.094532e-01 -1.978981e-01 -1.047060e+00  7.303420e-01
 2.010375e-01 -2.226435e-01 -1.104287e+00  2.301438e-01
 2.093720e-01 -2.229268e-01 -1.995080e-01  6.423286e-01
 2.130357e-01 -2.134851e-01 -2.069623e-01  2.100809e-01
 2.140757e-01 -1.881553e-01 -6.049672e-01  5.927859e-01
 2.177049e-01 -2.025883e-01 -6.475328e-01  1.945478e-01
 5.769619e-01 -5.885075e-01 -5.402141e-01  1.010940e+00
 6.373554e-01 -5.540071e-01 -1.989799e-01  1.183856e+00
 5.778245e-01 -5.984443e-01 -9.062638e-01  6.825054e-01
 5.929502e-01 -5.977207e-01 -1.022715e+00  2.133865e-01
 6.029851e-01 -6.058864e-01 -2.124287e-01  6.437597e-01
 6.253187e-01 -6.509814e-01 -1.956546e-01  1.987822e-01
 6.245125e-01 -6.214504e-01 -5.868496e-01  5.293536e-01
 6.464789e-01 -6.359208e-01 -6.145056e-01  1.803790e-01
 6.809053e-01 -2.257719e-01 -7.760631e-01  1.222121e+00
 7.115778e-01 -1.750630e-01 -2.509506e-01  1.191303e+00
 6.592090e-01 -2.085281e-01 -1.087785e+00  7.530338e-01
 6.522976e-01 -2.020000e-01 -1.118106e+00  2.391719e-01
 6.488348e-01 -2.006720e-01 -2.021965e-01  6.385727e-01
 6.411826e-01 -2.117002e-01 -2.085501e-01  2.065851e-01
 6.627780e-01 -1.782143e-01 -6.152582e-01  6.056584e-01
 6.683373e-01 -1.977199e-01 -6.424925e-01  1.956263e-01
 2.552119e-01 -7.395312e-01 -8.597894e-01 -1.324443e+00
 2.494840e-01 -7.839259e-01 -2.708991e-01 -1.496607e+00
 2.721769e-01 -6.751170e-01 -1.341474e+00 -8.791634e-01
 2.460157e-01 -7.433334e-01 -1.410258e+00 -2.723944e-01
 7.211200e-01 -1.122991e+00 -1.975852e-01 -6.196520e-01
 8.821294e-01 -1.216641e+00 -2.228376e-01 -2.105846e-01
 8.181819e-01 -1.247712e+00 -6.252348e-01 -6.354396e-01
 7.752771e-01 -1.196741e+00 -7.049232e-01 -2.027238e-01
 2.537776e-01 -1.478378e+00 -2.255043e-01 -7.784873e-01
 2.753118e-01 -1.166842e+00 -2.630997e-01 -1.154896e+00
 2.660312e-01 -1.185331e+00 -9.301842e-01 -8.207738e-01
 2.586244e-01 -1.163207e+00 -1.116884e+00 -2.619680e-01
 3.141539e-01 -1.621629e+00 -2.743084e-01 -2.762451e-01
 2.583544e-01 -1.187773e+00 -1.958478e-01 -2.116951e-01
 2.428524e-01 -1.170181e+00 -5.977932e-01 -5.649018e-01
 2.523341e-01 -1.187192e+00 -6.480953e-01 -1.901307e-01
 1.482248e+00 -7.568098e-01 -2.582014e-01 -6.402900e-01
 9.523996e-01 -8.544881e-01 -2.946452e-01 -1.219875e+00
 8.527404e-01 -7.992268e-01 -1.039819e+00 -8.632638e-01
 8.558467e-01 -8.001904e-01 -1.250141e+00 -2.840719e-01
 1.009182e+00 -7.051319e-01 -2.055175e-01 -6.397402e-01
 1.072019e+00 -7.381327e-01 -2.226305e-01 -1.971274e-01
 1.036113e+00 -7.404887e-01 -6.452188e-01 -6.145385e-01
 1.155452e+00 -7.602582e-01 -7.241539e-01 -2.055264e-01
 1.620046e+00 -2.910777e-01 -2.670528e-01 -2.784411e-01
 1.198061e+00 -2.796682e-01 -2.900692e-01 -1.178852e+00
 1.147303e+00 -2.773613e-01 -9.853188e-01 -8.254600e-01
 1.112757e+00 -2.699086e-01 -1.183852e+00 -2.684627e-01
 1.139845e+00 -2.293885e-01 -2.019805e-01 -6.097183e-01
 1.077741e+00 -2.373287e-01 -2.170451e-01 -1.923408e-01
 1.122415e+00 -2.339442e-01 -6.164242e-01 -6.080266e-01
 1.141811e+00 -2.418760e-01 -6.928014e-01 -1.995006e-01
 1.826126e-01 -6.135838e-01 -5.018438e-01 -1.016077e+00
 2.705498e-01 -2.674742e-01 -2.983630e-01 -1.606535e+00
 1.904365e-01 -6.157650e-01 -9.377195e-01 -6.840127e-01
 2.796889e-01 -2.525069e-01 -1.570994e+00 -3.159048e-01
 2.067186e-01 -7.103146e-01 -1.973119e-01 -6.801678e-01
 2.033073e-01 -6.525078e-01 -1.951000e-01 -2.109342e-01
 1.954502e-01 -6.276138e-01 -5.906656e-01 -5.171867e-01
 2.016798e-01 -6.371690e-01 -6.424142e-01 -1.711035e-01
 2.131324e-01 -2.038579e-01 -7.513815e-01 -1.143574e+00
 2.151663e-01 -1.908063e-01 -2.244910e-01 -1.171252e+00
 2.094532e-01 -1.978981e-01 -1.047060e+00 -7.303420e-01
 2.010375e-01 -2.226435e-01 -1.104287e+00 -2.301438e-01
 2.093720e-01 -2.229268e-01 -1.995080e-01 -6.423286e-01
 2.130357e-01 -2.134851e-01 -2.069623e-01 -2.100809e-01
 2.140757e-01 -1.881553e-01 -6.049672e-01 -5.927859e-01
 2.177049e-01 -2.025883e-01 -6.475328e-01 -1.945478e-01
 5.769619e-01 -5.885075e-01 -5.402141e-01 -1.010940e+00
 6.373554e-01 -5.540071e-01 -1.989799e-01 -1.183856e+00
 5.778245e-01 -5.984443e-01 -9.062638e-01 -6.825054e-01
 5.929502e-01 -5.977207e-01 -1.022715e+00 -2.133865e-01
 6.029851e-01 -6.058864e-01 -2.124287e-01 -6.437597e-01
 6.253187e-01 -6.509814e-01 -1.956546e-01 -1.987822e-01
 6.245125e-01 -6.214504e-01 -5.868496e-01 -5.293536e-01
 6.464789e-01 -6.359208e-01 -6.145056e-01 -1.803790e-01
 6.809053e-01 -2.257719e-01 -7.760631e-01 -1.222121e+00
 7.115778e-01 -1.750630e-01 -2.509506e-01 -1.191303e+00
 6.592090e-01 -2.085281e-01 -1.087785e+00 -7.530338e-01
 6.522976e-01 -2.020000e-01 -1.118106e+00 -2.391719e-01
 6.488348e-01 -2.006720e-01 -2.021965e-01 -6.385727e-01
 6.411826e-01 -2.117002e-01 -2.085501e-01 -2.065851e-01
 6.627780e-01 -1.782143e-01 -6.152582e-01 -6.056584e-01
 6.683373e-01 -1.977199e-01 -6.424925e-01 -1.956263e-01
-2.552119e-01  7.395312e-01  8.597894e-01  1.324443e+00
-2.494840e-01  7.839259e-01  2.708991e-01  1.496607e+00
-2.721769e-01  6.751170e-01  1.341474e+00  8.791634e-01
-2.460157e-01  7.433334e-01  1.410258e+00  2.723944e-01
-7.211200e-01  1.122991e+00  1.975852e-01  6.196520e-01
-8.821294e-01  1.216641e+00  2.228376e-01  2.105846e-01
-8.181819e-01  1.247712e+00  6.252348e-01  6.354396e-01
-7.752771e-01  1.196741e+00  7.049232e-01  2.027238e-01
-2.537776e-01  1.478378e+00  2.255043e-01  7.784873e-01
-2.753118e-01  1.166842e+00  2.630997e-01  1.154896e+00
-2.660312e-01  1.185331e+00  9.301842e-01  8.207738e-01
-2.586244e-01  1.163207e+00  1.116884e+00  2.619680e-01
-3.141539e-01  1.621629e+00  2.743084e-01  2.762451e-01
-2.583544e-01  1.187773e+00  1.958478e-01  2.116951e-01
-2.428524e-01  1.170181e+00  5.977932e-01  5.649018e-01
-2.523341e-01  1.187192e+00  6.480953e-01  1.901307e-01
-1.482248e+00  7.568098e-01  2.582014e-01  6.402900e-01
-9.523996e-01  8.544881e-01  2.946452e-01  1.219875e+00
-8.527404e-01  7.992268e-01  1.039819e+00  8.632638e-01
-8.558467e-01  8.001904e-01  1.250141e+00  2.840719e-01
-1.009182e+00  7.051319e-01  2.055175e-01  6.397402e-01
-1.072019e+00  7.381327e-01  2.226305e-01  1.971274e-01
-1.036113e+00  7.404887e-01  6.452188e-01  6.145385e-01
-1.155452e+00  7.602582e-01  7.241539e-01  2.055264e-01
-1.620046e+00  2.910777e-01  2.670528e-01  2.784411e-01
-1.198061e+00  2.796682e-01  2.900692e-01  1.178852e+00
-1.147303e+00  2.773613e-01  9.853188e-01  8.254600e-01
-1.112757e+00  2.699086e-01  1.183852e+00  2.684627e-01
-1.139845e+00  2.293885e-01  2.019805e-01  6.097183e-01
-1.077741e+00  2.373287e-01  2.170451e-01  1.923408e-01
-1.122415e+00  2.339442e-01  6.164242e-01  6.080266e-01
-1.141811e+00  2.418760e-01  6.928014e-01  1.995006e-01
-1.826126e-01  6.135838e-01  5.018438e-01  1.016077e+00
-2.705498e-01  2.674742e-01  2.983630e-01  1.606535e+00
-1.904365e-01  6.157650e-01  9.377195e-01  6.840127e-01
-2.796889e-01  2.525069e-01  1.570994e+00  3.159048e-01
-2.067186e-01  7.103146e-01  1.973119e-01  6.801678e-01
-2.033073e-01  6.525078e-01  1.951000e-01  2.109342e-01
-1.954502e-01  6.276138e-01  5.906656e-01  5.171867e-01
-2.016798e-01  6.371690e-01  6.424142e-01  1.711035e-01
-2.131324e-01  2.038579e-01  7.513815e-01  1.143574e+00
-2.151663e-01  1.908063e-01  2.244910e-01  1.171252e+00
-2.094532e-01  1.978981e-01  1.047060e+00  7.303420e-01
-2.010375e-01  2.226435e-01  1.104287e+00  2.301438e-01
-2.093720e-01  2.229268e-01  1.995080e-01  6.423286e-01
-2.130357e-01  2.134851e-01  2.069623e-01  2.100809e-01
-2.140757e-01  1.881553e-01  6.049672e-01  5.927859e-01
-2.177049e-01  2.025883e-01  6.475328e-01  1.945478e-01
-5.769619e-01  5.885075e-01  5.402141e-01  1.010940e+00
-6.373554e-01  5.540071e-01  1.989799e-01  1.183856e+00
-5.778245e-01  5.984443e-01  9.062638e-01  6.825054e-01
-5.929502e-01  5.977207e-01  1.022715e+00  2.133865e-01
-6.029851e-01  6.058864e-01  2.124287e-01  6.437597e-01
-6.253187e-01  6.509814e-01  1.956546e-01  1.987822e-01
-6.245125e-01  6.214504e-01  5.868496e-01  5.293536e-01
-6.464789e-01  6.359208e-01  6.145056e-01  1.803790e-01
-6.809053e-01  2.257719e-01  7.760631e-01  1.222121e+00
-7.115778e-01  1.750630e-01  2.509506e-01  1.191303e+00
-6.592090e-01  2.085281e-01  1.087785e+00  7.530338e-01
-6.522976e-01  2.020000e-01  1.118106e+00  2.391719e-01
-6.488348e-01  2.006720e-01  2.021965e-01  6.385727e-01
-6.411826e-01  2.117002e-01  2.085501e-01  2.065851e-01
-6.627780e-01  1.782143e-01  6.152582e-01  6.056584e-01
-6.683373e-01  1.977199e-01  6.424925e-01  1.956263e-01
-2.552119e-01  7.395312e-01  8.597894e-01 -1.324443e+00
-2.494840e-01  7.839259e-01  2.708991e-01 -1.496607e+00
-2.721769e-01  6.751170e-01  1.341474e+00 -8.791634e-01
-2.460157e-01  7.433334e-01  1.410258e+00 -2.723944e-01
-7.211200e-01  1.122991e+00  1.975852e-01 -6.196520e-01
-8.821294e-01  1.216641e+00  2.228376e-01 -2.105846e-01
-8.181819e-01  1.247712e+00  6.252348e-01 -6.354396e-01
-7.752771e-01  1.196741e+00  7.049232e-01 -2.027238e-01
-2.537776e-01  1.478378e+00  2.255043e-01 -7.784873e-01
-2.753118e-01  1.166842e+00  2.630997e-01 -1.154896e+00
-2.660312e-01  1.185331e+00  9.301842e-01 -8.207738e-01
-2.586244e-01  1.163207e+00  1.116884e+00 -2.619680e-01
-3.141539e-01  1.621629e+00  2.743084e-01 -2.762451e-01
-2.583544e-01  1.187773e+00  1.958478e-01 -2.116951e-01
-2.428524e-01  1.170181e+00  5.977932e-01 -5.649018e-01
-2.523341e-01  1.187192e+00  6.480953e-01 -1.901307e-01
-1.482248e+00  7.568098e-01  2.582014e-01 -6.402900e-01
-9.523996e-01  8.544881e-01  2.946452e-01 -1.219875e+00
-8.527404e-01  7.992268e-01  1.039819e+00 -8.632638e-01
-8.558467e-01  8.001904e-01  1.250141e+00 -2.840719e-01
-1.009182e+00  7.051319e-01  2.055175e-01 -6.397402e-01
-1.072019e+00  7.381327e-01  2.226305e-01 -1.971274e-01
-1.036113e+00  7.404887e-01  6.452188e-01 -6.145385e-01
-1.155452e+00  7.602582e-01  7.241539e-01 -2.055264e-01
-1.620046e+00  2.910777e-01  2.670528e-01 -2.784411e-01
-1.198061e+00  2.796682e-01  2.900692e-01 -1.178852e+00
-1.147303e+00  2.773613e-01  9.853188e-01 -8.254600e-01
-1.112757e+00  2.699086e-01  1.183852e+00 -2.684627e-01
-1.139845e+00  2.293885e-01  2.019805e-01 -6.097183e-01
-1.077741e+00  2.373287e-01  2.170451e-01 -1.923408e-01
-1.122415e+00  2.339442e-01  6.164242e-01 -6.080266e-01
-1.141811e+00  2.418760e-01  6.928014e-01 -1.995006e-01
-1.826126e-01  6.135838e-01  5.018438e-01 -1.016077e+00
-2.705498e-01  2.674742e-01  2.983630e-01 -1.606535e+00
-1.904365e-01  6.157650e-01  9.377195e-01 -6.840127e-01
-2.796889e-01  2.525069e-01  1.570994e+00 -3.159048e-01
-2.067186e-01  7.103146e-01  1.973119e-01 -6.801678e-01
-2.033073e-01  6.525078e-01  1.951000e-01 -2.109342e-01
-1.954502e-01  6.276138e-01  5.906656e-01 -5.171867e-01
-2.016798e-01  6.371690e-01  6.424142e-01 -1.711035e-01
-2.131324e-01  2.038579e-01  7.513815e-01 -1.143574e+00
-2.151663e-01  1.908063e-01  2.244910e-01 -1.171252e+00
-2.094532e-01  1.978981e-01  1.047060e+00 -7.303420e-01
-2.010375e-01  2.226435e-01  1.104287e+00 -2.301438e-01
-2.093720e-01  2.229268e-01  1.995080e-01 -6.423286e-01
-2.130357e-01  2.134851e-01  2.069623e-01 -2.100809e-01
-2.140757e-01  1.881553e-01  6.049672e-01 -5.927859e-01
-2.177049e-01  2.025883e-01  6.475328e-01 -1.945478e-01
-5.769619e-01  5.885075e-01  5.402141e-01 -1.010940e+00
-6.373554e-01  5.540071e-01  1.989799e-01 -1.183856e+00
-5.778245e-01  5.984443e-01  9.062638e-01 -6.825054e-01
-5.929502e-01  5.977207e-01  1.022715e+00 -2.133865e-01
-6.029851e-01  6.058864e-01  2.124287e-01 -6.437597e-01
-6.253187e-01  6.509814e-01  1.956546e-01 -1.987822e-01
-6.245125e-01  6.214504e-01  5.868496e-01 -5.293536e-01
-6.464789e-01  6.359208e-01  6.145056e-01 -1.803790e-01
-6.809053e-01  2.257719e-01  7.760631e-01 -1.222121e+00
-7.115778e-01  1.750630e-01  2.509506e-01 -1.191303e+00
-6.592090e-01  2.085281e-01  1.087785e+00 -7.530338e-01
-6.522976e-01  2.020000e-01  1.118106e+00 -2.391719e-01
-6.488348e-01  2.006720e-01  2.021965e-01 -6.385727e-01
-6.411826e-01  2.117002e-01  2.085501e-01 -2.065851e-01
-6.627780e-01  1.782143e-01  6.152582e-01 -6.056584e-01
-6.683373e-01  1.977199e-01  6.424925e-01 -1.956263e-01
-2.552119e-01  7.395312e-01 -8.597894e-01  1.324443e+00
-2.494840e-01  7.839259e-01 -2.708991e-01  1.496607e+00
-2.721769e-01  6.751170e-01 -1.341474e+00  8.791634e-01
-2.460157e-01  7.433334e-01 -1.410258e+00  2.723944e-01
-7.211200e-01  1.122991e+00 -1.975852e-01  6.196520e-01
-8.821294e-01  1.216641e+00 -2.228376e-01  2.105846e-01
-8.181819e-01  1.247712e+00 -6.252348e-01  6.354396e-01
-7.752771e-01  1.196741e+00 -7.049232e-01  2.027238e-01
-2.537776e-01  1.478378e+00 -2.255043e-01  7.784873e-01
-2.753118e-01  1.166842e+00 -2.630997e-01  1.154896e+00
-2.660312e-01  1.185331e+00 -9.301842e-01  8.207738e-01
-2.586244e-01  1.163207e+00 -1.116884e+00  2.619680e-01
-3.141539e-01  1.621629e+00 -2.743084e-01  2.762451e-01
-2.583544e-01  1.187773e+00 -1.958478e-01  2.116951e-01
-2.428524e-01  1.170181e+00 -5.977932e-01  5.649018e-01
-2.523341e-01  1.187192e+00 -6.480953e-01  1.901307e-01
-1.482248e+00  7.568098e-01 -2.582014e-01  6.402900e-01
-9.523996e-01  8.544881e-01 -2.946452e-01  1.219875e+00
-8.527404e-01  7.992268e-01 -1.039819e+00  8.632638e-01
-8.558467e-01  8.001904e-01 -1.250141e+00  2.840719e-01
-1.009182e+00  7.051319e-01 -2.055175e-01  6.397402e-01
-1.072019e+00  7.381327e-01 -2.226305e-01  1.971274e-01
-1.036113e+00  7.404887e-01 -6.452188e-01  6.145385e-01
-1.155452e+00  7.602582e-01 -7.241539e-01  2.055264e-01
-1.620046e+00  2.910777e-01 -2.670528e-01  2.784411e-01
-1.198061e+00  2.796682e-01 -2.900692e-01  1.178852e+00
-1.147303e+00  2.773613e-01 -9.853188e-01  8.254600e-01
-1.112757e+00  2.699086e-01 -1.183852e+00  2.684627e-01
-1.139845e+00  2.293885e-01 -2.019805e-01  6.097183e-01
-1.077741e+00  2.373287e-01 -2.170451e-01  1.923408e-01
-1.122415e+00  2.339442e-01 -6.164242e-01  6.080266e-01
-1.141811e+00  2.418760e-01 -6.928014e-01  1.995006e-01
-1.826126e-01  6.135838e-01 -5.018438e-01  1.016077e+00
-2.705498e-01  2.674742e-01 -2.983630e-01  1.606535e+00
-1.904365e-01  6.157650e-01 -9.377195e-01  6.840127e-01
-2.796889e-01  2.525069e-01 -1.570994e+00  3.159048e-01
-2.067186e-01  7.103146e-01 -1.973119e-01  6.801678e-01
-2.033073e-01  6.525078e-01 -1.951000e-01  2.109342e-01
-1.954502e-01  6.276138e-01 -5.906656e-01  5.171867e-01
-2.016798e-01  6.371690e-01 -6.424142e-01  1.711035e-01
-2.131324e-01  2.038579e-01 -7.513815e-01  1.143574e+00
-2.151663e-01  1.908063e-01 -2.244910e-01  1.171252e+00
-2.094532e-01  1.978981e-01 -1.047060e+00  7.303420e-01
-2.010375e-01  2.226435e-01 -1.104287e+00  2.301438e-01
-2.093720e-01  2.229268e-01 -1.995080e-01  6.423286e-01
-2.130357e-01  2.134851e-01 -2.069623e-01  2.100809e-01
-2.140757e-01  1.881553e-01 -6.049672e-01  5.927859e-01
-2.177049e-01  2.025883e-01 -6.475328e-01  1.945478e-01
-5.769619e-01  5.885075e-01 -5.402141e-01  1.010940e+00
-6.373554e-01  5.540071e-01 -1.989799e-01  1.183856e+00
-5.778245e-01  5.984443e-01 -9.062638e-01  6.825054e-01
-5.929502e-01  5.977207e-01 -1.022715e+00  2.133865e-01
-6.029851e-01  6.058864e-01 -2.124287e-01  6.437597e-01
-6.253187e-01  6.509814e-01 -1.956546e-01  1.987822e-01
-6.245125e-01  6.214504e-01 -5.868496e-01  5.293536e-01
-6.464789e-01  6.359208e-01 -6.145056e-01  1.803790e-01
-6.809053e-01  2.257719e-01 -7.760631e-01  1.222121e+00
-7.115778e-01  1.750630e-01 -2.509506e-01  1.191303e+00
-6.592090e-01  2.085281e-01 -1.087785e+00  7.530338e-01
-6.522976e-01  2.020000e-01 -1.118106e+00  2.391719e-01
-6.488348e-01  2.006720e-01 -2.021965e-01  6.385727e-01
-6.411826e-01  2.117002e-01 -2.085501e-01  2.065851e-01
-6.627780e-01  1.782143e-01 -6.152582e-01  6.056584e-01
-6.683373e-01  1.977199e-01 -6.424925e-01  1.956263e-01
-2.552119e-01  7.395312e-01 -8.597894e-01 -1.324443e+00
-2.494840e-01  7.839259e-01 -2.708991e-01 -1.496607e+00
-2.721769e-01  6.751170e-01 -1.341474e+00 -8.791634e-01
-2.460157e-01  7.433334e-01 -1.410258e+00 -2.723944e-01
-7.211200e-01  1.122991e+00 -1.975852e-01 -6.196520e-01
-8.821294e-01  1.216641e+00 -2.228376e-01 -2.105846e-01
-8.181819e-01  1.247712e+00 -6.252348e-01 -6.354396e-01
-7.752771e-01  1.196741e+00 -7.049232e-01 -2.027238e-01
-2.537776e-01  1.478378e+00 -2.255043e-01 -7.784873e-01
-2.753118e-01  1.166842e+00 -2.630997e-01 -1.154896e+00
-2.660312e-01  1.185331e+00 -9.301842e-01 -8.207738e-01
-2.586244e-01  1.163207e+00 -1.116884e+00 -2.619680e-01
-3.141539e-01  1.621629e+00 -2.743084e-01 -2.762451e-01
-2.583544e-01  1.187773e+00 -1.958478e-01 -2.116951e-01
-2.428524e-01  1.170181e+00 -5.977932e-01 -5.649018e-01
-2.523341e-01  1.187192e+00 -6.480953e-01 -1.901307e-01
-1.482248e+00  7.568098e-01 -2.582014e-01 -6.402900e-01
-9.523996e-01  8.544881e-01 -2.946452e-01 -1.219875e+00
-8.527404e-01  7.992268e-01 -1.039819e+00 -8.632638e-01
-8.558467e-01  8.001904e-01 -1.250141e+00 -2.840719e-01
-1.009182e+00  7.051319e-01 -2.055175e-01 -6.397402e-01
-1.072019e+00  7.381327e-01 -2.226305e-01 -1.971274e-01
-1.036113e+00  7.404887e-01 -6.452188e-01 -6.145385e-01
-1.155452e+00  7.602582e-01 -7.241539e-01 -2.055264e-01
-1.620046e+00  2.910777e-01 -2.670528e-01 -2.784411e-01
-1.198061e+00  2.796682e-01 -2.900692e-01 -1.178852e+00
-1.147303e+00  2.773613e-01 -9.853188e-01 -8.254600e-01
-1.112757e+00  2.699086e-01 -1.183852e+00 -2.684627e-01
-1.139845e+00  2.293885e-01 -2.019805e-01 -6.097183e-01
-1.077741e+00  2.373287e-01 -2.170451e-01 -1.923408e-01
-1.122415e+00  2.339442e-01 -6.164242e-01 -6.080266e-01
-1.141811e+00  2.418760e-01 -6.928014e-01 -1.995006e-01
-1.826126e-01  6.135838e-01 -5.018438e-01 -1.016077e+00
-2.705498e-01  2.674742e-01 -2.983630e-01 -1.606535e+00
-1.904365e-01  6.157650e-01 -9.377195e-01 -6.840127e-01
-2.796889e-01  2.525069e-01 -1.570994e+00 -3.159048e-01
-2.067186e-01  7.103146e-01 -1.973119e-01 -6.801678e-01
-2.033073e-01  6.525078e-01 -1.951000e-01 -2.109342e-01
-1.954502e-01  6.276138e-01 -5.906656e-01 -5.171867e-01
-2.016798e-01  6.371690e-01 -6.424142e-01 -1.711035e-01
-2.131324e-01  2.038579e-01 -7.513815e-01 -1.143574e+00
-2.151663e-01  1.908063e-01 -2.244910e-01 -1.171252e+00
-2.094532e-01  1.978981e-01 -1.047060e+00 -7.303420e-01
-2.010375e-01  2.226435e-01 -1.104287e+00 -2.301438e-01
-2.093720e-01  2.229268e-01 -1.995080e-01 -6.423286e-01
-2.130357e-01  2.134851e-01 -2.069623e-01 -2.100809e-01
-2.140757e-01  1.881553e-01 -6.049672e-01 -5.927859e-01
-2.177049e-01  2.025883e-01 -6.475328e-01 -1.945478e-01
-5.769619e-01  5.885075e-01 -5.402141e-01 -1.010940e+00
-6.373554e-01  5.540071e-01 -1.989799e-01 -1.183856e+00
-5.778245e-01  5.984443e-01 -9.062638e-01 -6.825054e-01
-5.929502e-01  5.977207e-01 -1.022715e+00 -2.133865e-01
-6.029851e-01  6.058864e-01 -2.124287e-01 -6.437597e-01
-6.253187e-01  6.509814e-01 -1.956546e-01 -1.987822e-01
-6.245125e-01  6.214504e-01 -5.868496e-01 -5.293536e-01
-6.464789e-01  6.359208e-01 -6.145056e-01 -1.803790e-01
-6.809053e-01  2.257719e-01 -7.760631e-01 -1.222121e+00
-7.115778e-01  1.750630e-01 -2.509506e-01 -1.191303e+00
-6.592090e-01  2.085281e-01 -1.087785e+00 -7.530338e-01
-6.522976e-01  2.020000e-01 -1.118106e+00 -2.391719e-01
-6.488348e-01  2.006720e-01 -2.021965e-01 -6.385727e-01
-6.411826e-01  2.117002e-01 -2.085501e-01 -2.065851e-01
-6.627780e-01  1.782143e-01 -6.152582e-01 -6.056584e-01
-6.683373e-01  1.977199e-01 -6.424925e-01 -1.956263e-01
-2.552119e-01 -7.395312e-01  8.597894e-01  1.324443e+00
-2.494840e-01 -7.839259e-01  2.708991e-01  1.496607e+00
-2.721769e-01 -6.751170e-01  1.341474e+00  8.791634e-01
-2.460157e-01 -7.433334e-01  1.410258e+00  2.723944e-01
-7.211200e-01 -1.122991e+00  1.975852e-01  6.196520e-01
-8.821294e-01 -1.216641e+00  2.228376e-01  2.105846e-01
-8.181819e-01 -1.247712e+00  6.252348e-01  6.354396e-01
-7.752771e-01 -1.196741e+00  7.049232e-01  2.027238e-01
-2.537776e-01 -1.478378e+00  2.255043e-01  7.784873e-01
-2.753118e-01 -1.166842e+00  2.630997e-01  1.154896e+00
-2.660312e-01 -1.185331e+00  9.301842e-01  8.207738e-01
-2.586244e-01 -1.163207e+00  1.116884e+00  2.619680e-01
-3.141539e-01 -1.621629e+00  2.743084e-01  2.762451e-01
-2.583544e-01 -1.187773e+00  1.958478e-01  2.116951e-01
-2.428524e-01 -1.170181e+00  5.977932e-01  5.649018e-01
-2.523341e-01 -1.187192e+00  6.480953e-01  1.901307e-01
-1.482248e+00 -7.568098e-01  2.582014e-01  6.402900e-01
-9.523996e-01 -8.544881e-01  2.946452e-01  1.219875e+00
-8.527404e-01 -7.992268e-01  1.039819e+00  8.632638e-01
-8.558467e-01 -8.001904e-01  1.250141e+00  2.840719e-01
-1.009182e+00 -7.051319e-01  2.055175e-01  6.397402e-01
-1.072019e+00 -7.381327e-01  2.226305e-01  1.971274e-01
-1.036113e+00 -7.404887e-01  6.452188e-01  6.145385e-01
-1.155452e+00 -7.602582e-01  7.241539e-01  2.055264e-01
-1.620046e+00 -2.910777e-01  2.670528e-01  2.784411e-01
-1.198061e+00 -2.796682e-01  2.900692e-01  1.178852e+00
-1.147303e+00 -2.773613e-01  9.853188e-01  8.254600e-01
-1.112757e+00 -2.699086e-01  1.183852e+00  2.684627e-01
-1.139845e+00 -2.293885e-01  2.019805e-01  6.097183e-01
-1.077741e+00 -2.373287e-01  2.170451e-01  1.923408e-01
-1.122415e+00 -2.339442e-01  6.164242e-01  6.080266e-01
-1.141811e+00 -2.418760e-01  6.928014e-01  1.995006e-01
-1.826126e-01 -6.135838e-01  5.018438e-01  1.016077e+00
-2.705498e-01 -2.674742e-01  2.983630e-01  1.606535e+00
-1.904365e-01 -6.157650e-01  9.377195e-01  6.840127e-01
-2.796889e-01 -2.525069e-01  1.570994e+00  3.159048e-01
-2.067186e-01 -7.103146e-01  1.973119e-01  6.801678e-01
-2.033073e-01 -6.525078e-01  1.951000e-01  2.109342e-01
-1.954502e-01 -6.276138e-01  5.906656e-01  5.171867e-01
-2.016798e-01 -6.371690e-01  6.424142e-01  1.711035e-01
-2.131324e-01 -2.038579e-01  7.513815e-01  1.143574e+00
-2.151663e-01 -1.908063e-01  2.244910e-01  1.171252e+00
-2.094532e-01 -1.978981e-01  1.047060e+00  7.303420e-01
-2.010375e-01 -2.226435e-01  1.104287e+00  2.301438e-01
-2.093720e-01 -2.229268e-01  1.995080e-01  6.423286e-01
-2.130357e-01 -2.134851e-01  2.069623e-01  2.100809e-01
-2.140757e-01 -1.881553e-01  6.049672e-01  5.927859e-01
-2.177049e-01 -2.025883e-01  6.475328e-01  1.945478e-01
-5.769619e-01 -5.885075e-01  5.402141e-01  1.010940e+00
-6.373554e-01 -5.540071e-01  1.989799e-01  1.183856e+00
-5.778245e-01 -5.984443e-01  9.062638e-01  6.825054e-01
-5.929502e-01 -5.977207e-01  1.022715e+00  2.133865e-01
-6.029851e-01 -6.058864e-01  2.124287e-01  6.437597e-01
-6.253187e-01 -6.509814e-01  1.956546e-01  1.987822e-01
-6.245125e-01 -6.214504e-01  5.868496e-01  5.293536e-01
-6.464789e-01 -6.359208e-01  6.145056e-01  1.803790e-01
-6.809053e-01 -2.257719e-01  7.760631e-01  1.222121e+00
-7.115778e-01 -1.750630e-01  2.509506e-01  1.191303e+00
-6.592090e-01 -2.085281e-01  1.087785e+00  7.530338e-01
-6.522976e-01 -2.020000e-01  1.118106e+00  2.391719e-01
-6.488348e-01 -2.006720e-01  2.021965e-01  6.385727e-01
-6.411826e-01 -2.117002e-01  2.085501e-01  2.065851e-01
-6.627780e-01 -1.782143e-01  6.152582e-01  6.056584e-01
-6.683373e-01 -1.977199e-01  6.424925e-01  1.956263e-01
-2.552119e-01 -7.395312e-01  8.597894e-01 -1.324443e+00
-2.494840e-01 -7.839259e-01  2.708991e-01 -1.496607e+00
-2.721769e-01 -6.751170e-01  1.341474e+00 -8.791634e-01
-2.460157e-01 -7.433334e-01  1.410258e+00 -2.723944e-01
-7.211200e-01 -1.122991e+00  1.975852e-01 -6.196520e-01
-8.821294e-01 -1.216641e+00  2.228376e-01 -2.105846e-01
-8.181819e-01 -1.247712e+00  6.252348e-01 -6.354396e-01
-7.752771e-01 -1.196741e+00  7.049232e-01 -2.027238e-01
-2.537776e-01 -1.478378e+00  2.255043e-01 -7.784873e-01
-2.753118e-01 -1.166842e+00  2.630997e-01 -1.154896e+00
-2.660312e-01 -1.185331e+00  9.301842e-01 -8.207738e-01
-2.586244e-01 -1.163207e+00  1.116884e+00 -2.619680e-01
-3.141539e-01 -1.621629e+00  2.743084e-01 -2.762451e-01
-2.583544e-01 -1.187773e+00  1.958478e-01 -2.116951e-01
-2.428524e-01 -1.170181e+00  5.977932e-01 -5.649018e-01
-2.523341e-01 -1.187192e+00  6.480953e-01 -1.901307e-01
-1.482248e+00 -7.568098e-01  2.582014e-01 -6.402900e-01
-9.523996e-01 -8.544881e-01  2.946452e-01 -1.219875e+00
-8.527404e-01 -7.992268e-01  1.039819e+00 -8.632638e-01
-8.558467e-01 -8.001904e-01  1.250141e+00 -2.840719e-01
-1.009182e+00 -7.051319e-01  2.055175e-01 -6.397402e-01
-1.072019e+00 -7.381327e-01  2.226305e-01 -1.971274e-01
-1.036113e+00 -7.404887e-01  6.452188e-01 -6.145385e-01
-1.155452e+00 -7.602582e-01  7.241539e-01 -2.055264e-01
-1.620046e+00 -2.910777e-01  2.670528e-01 -2.784411e-01
-1.198061e+00 -2.796682e-01  2.900692e-01 -1.178852e+00
-1.147303e+00 -2.773613e-01  9.853188e-01 -8.254600e-01
-1.112757e+00 -2.699086e-01  1.183852e+00 -2.684627e-01
-1.139845e+00 -2.293885e-01  2.019805e-01 -6.097183e-01
-1.077741e+00 -2.373287e-01  2.170451e-01 -1.923408e-01
-1.122415e+00 -2.339442e-01  6.164242e-01 -6.080266e-01
-1.141811e+00 -2.418760e-01  6.928014e-01 -1.995006e-01
-1.826126e-01 -6.135838e-01  5.018438e-01 -1.016077e+00
-2.705498e-01 -2.674742e-01  2.983630e-01 -1.606535e+00
-1.904365e-01 -6.157650e-01  9.377195e-01 -6.840127e-01
-2.796889e-01 -2.525069e-01  1.570994e+00 -3.159048e-01
-2.067186e-01 -7.103146e-01  1.973119e-01 -6.801678e-01
-2.033073e-01 -6.525078e-01  1.951000e-01 -2.109342e-01
-1.954502e-01 -6.276138e-01  5.906656e-01 -5.171867e-01
-2.016798e-01 -6.371690e-01  6.424142e-01 -1.711035e-01
-2.131324e-01 -2.038579e-01  7.513815e-01 -1.143574e+00
-2.151663e-01 -1.908063e-01  2.244910e-01 -1.171252e+00
-2.094532e-01 -1.978981e-01  1.047060e+00 -7.303420e-01
-2.010375e-01 -2.226435e-01  1.104287e+00 -2.301438e-01
-2.093720e-01 -2.229268e-01  1.995080e-01 -6.423286e-01
-2.130357e-01 -2.134851e-01  2.069623e-01 -2.100809e-01
-2.140757e-01 -1.881553e-01  6.049672e-01 -5.927859e-01
-2.177049e-01 -2.025883e-01  6.475328e-01 -1.945478e-01
-5.769619e-01 -5.885075e-01  5.402141e-01 -1.010940e+00
-6.373554e-01 -5.540071e-01  1.989799e-01 -1.183856e+00
-5.778245e-01 -5.984443e-01  9.062638e-01 -6.825054e-01
-5.929502e-01 -5.977207e-01  1.022715e+00 -2.133865e-01
-6.029851e-01 -6.058864e-01  2.124287e-01 -6.437597e-01
-6.253187e-01 -6.509814e-01  1.956546e-01 -1.987822e-01
-6.245125e-01 -6.214504e-01  5.868496e-01 -5.293536e-01
-6.464789e-01 -6.359208e-01  6.145056e-01 -1.803790e-01
-6.809053e-01 -2.257719e-01  7.760631e-01 -1.222121e+00
-7.115778e-01 -1.750630e-01  2.509506e-01 -1.191303e+00
-6.592090e-01 -2.085281e-01  1.087785e+00 -7.530338e-01
-6.522976e-01 -2.020000e-01  1.118106e+00 -2.391719e-01
-6.488348e-01 -2.006720e-01  2.021965e-01 -6.385727e-01
-6.411826e-01 -2.117002e-01  2.085501e-01 -2.065851e-01
-6.627780e-01 -1.782143e-01  6.152582e-01 -6.056584e-01
-6.683373e-01 -1.977199e-01  6.424925e-01 -1.956263e-01
-2.552119e-01 -7.395312e-01 -8.597894e-01  1.324443e+00
-2.494840e-01 -7.839259e-01 -2.708991e-01  1.496607e+00
-2.721769e-01 -6.751170e-01 -1.341474e+00  8.791634e-01
-2.460157e-01 -7.433334e-01 -1.410258e+00  2.723944e-01
-7.211200e-01 -1.122991e+00 -1.975852e-01  6.196520e-01
-8.821294e-01 -1.216641e+00 -2.228376e-01  2.105846e-01
-8.181819e-01 -1.247712e+00 -6.252348e-01  6.354396e-01
-7.752771e-01 -1.196741e+00 -7.049232e-01  2.027238e-01
-2.537776e-01 -1.478378e+00 -2.255043e-01  7.784873e-01
-2.753118e-01 -1.166842e+00 -2.630997e-01  1.154896e+00
-2.660312e-01 -1.185331e+00 -9.301842e-01  8.207738e-01
-2.586244e-01 -1.163207e+00 -1.116884e+00  2.619680e-01
-3.141539e-01 -1.621629e+00 -2.743084e-01  2.762451e-01
-2.583544e-01 -1.187773e+00 -1.958478e-01  2.116951e-01
-2.428524e-01 -1.170181e+00 -5.977932e-01  5.649018e-01
-2.523341e-01 -1.187192e+00 -6.480953e-01  1.901307e-01
-1.482248e+00 -7.568098e-01 -2.582014e-01  6.402900e-01
-9.523996e-01 -8.544881e-01 -2.946452e-01  1.219875e+00
-8.527404e-01 -7.992268e-01 -1.039819e+00  8.632638e-01
-8.558467e-01 -8.001904e-01 -1.250141e+00  2.840719e-01
-1.009182e+00 -7.051319e-01 -2.055175e-01  6.397402e-01
-1.072019e+00 -7.381327e-01 -2.226305e-01  1.971274e-01
-1.036113e+00 -7.404887e-01 -6.452188e-01  6.145385e-01
-1.155452e+00 -7.602582e-01 -7.241539e-01  2.055264e-01
-1.620046e+00 -2.910777e-01 -2.670528e-01  2.784411e-01
-1.198061e+00 -2.796682e-01 -2.900692e-01  1.178852e+00
-1.147303e+00 -2.773613e-01 -9.853188e-01  8.254600e-01
-1.112757e+00 -2.699086e-01 -1.183852e+00  2.684627e-01
-1.139845e+00 -2.293885e-01 -2.019805e-01  6.097183e-01
-1.077741e+00 -2.373287e-01 -2.170451e-01  1.923408e-01
-1.122415e+00 -2.339442e-01 -6.164242e-01  6.080266e-01
-1.141811e+00 -2.418760e-01 -6.928014e-01  1.995006e-01
-1.826126e-01 -6.135838e-01 -5.018438e-01  1.016077e+00
-2.705498e-01 -2.674742e-01 -2.983630e-01  1.606535e+00
-1.904365e-01 -6.157650e-01 -9.377195e-01  6.840127e-01
-2.796889e-01 -2.525069e-01 -1.570994e+00  3.159048e-01
-2.067186e-01 -7.103146e-01 -1.973119e-01  6.801678e-01
-2.033073e-01 -6.525078e-01 -1.951000e-01  2.109342e-01
-1.954502e-01 -6.276138e-01 -5.906656e-01  5.171867e-01
-2.016798e-01 -6.371690e-01 -6.424142e-01  1.711035e-01
-2.131324e-01 -2.038579e-01 -7.513815e-01  1.143574e+00
-2.151663e-01 -1.908063e-01 -2.244910e-01  1.171252e+00
-2.094532e-01 -1.978981e-01 -1.047060e+00  7.303420e-01
-2.010375e-01 -2.226435e-01 -1.104287e+00  2.301438e-01
-2.093720e-01 -2.229268e-01 -1.995080e-01  6.423286e-01
-2.130357e-01 -2.134851e-01 -2.069623e-01  2.100809e-01
-2.140757e-01 -1.881553e-01 -6.049672e-01  5.927859e-01
-2.177049e-01 -2.025883e-01 -6.475328e-01  1.945478e-01
-5.769619e-01 -5.885075e-01 -5.402141e-01  1.010940e+00
-6.373554e-01 -5.540071e-01 -1.989799e-01  1.183856e+00
-5.778245e-01 -5.984443e-01 -9.062638e-01  6.825054e-01
-5.929502e-01 -5.977207e-01 -1.022715e+00  2.133865e-01
-6.029851e-01 -6.058864e-01 -2.124287e-01  6.437597e-01
-6.253187e-01 -6.509814e-01 -1.956546e-01  1.987822e-01
-6.245125e-01 -6.214504e-01 -5.868496e-01  5.293536e-01
-6.464789e-01 -6.359208e-01 -6.145056e-01  1.803790e-01
-6.809053e-01 -2.257719e-01 -7.760631e-01  1.222121e+00
-7.115778e-01 -1.750630e-01 -2.509506e-01  1.191303e+00
-6.592090e-01 -2.085281e-01 -1.087785e+00  7.530338e-01
-6.522976e-01 -2.020000e-01 -1.118106e+00  2.391719e-01
-6.488348e-01 -2.006720e-01 -2.021965e-01  6.385727e-01
-6.411826e-01 -2.117002e-01 -2.085501e-01  2.065851e-01
-6.627780e-01 -1.782143e-01 -6.152582e-01  6.056584e-01
-6.683373e-01 -1.977199e-01 -6.424925e-01  1.956263e-01
-2.552119e-01 -7.395312e-01 -8.597894e-01 -1.324443e+00
-2.494840e-01 -7.839259e-01 -2.708991e-01 -1.496607e+00
-2.721769e-01 -6.751170e-01 -1.341474e+00 -8.791634e-01
-2.460157e-01 -7.433334e-01 -1.410258e+00 -2.723944e-01
-7.211200e-01 -1.122991e+00 -1.975852e-01 -6.196520e-01
-8.821294e-01 -1.216641e+00 -2.228376e-01 -2.105846e-01
-8.181819e-01 -1.247712e+00 -6.252348e-01 -6.354396e-01
-7.752771e-01 -1.196741e+00 -7.049232e-01 -2.027238e-01
-2.537776e-01 -1.478378e+00 -2.255043e-01 -7.784873e-01
-2.753118e-01 -1.166842e+00 -2.630997e-01 -1.154896e+00
-2.660312e-01 -1.185331e+00 -9.301842e-01 -8.207738e-01
-2.586244e-01 -1.163207e+00 -1.116884e+00 -2.619680e-01
-3.141539e-01 -1.621629e+00 -2.743084e-01 -2.762451e-01
-2.583544e-01 -1.187773e+00 -1.958478e-01 -2.116951e-01
-2.428524e-01 -1.170181e+00 -5.977932e-01 -5.649018e-01
-2.523341e-01 -1.187192e+00 -6.480953e-01 -1.901307e-01
-1.482248e+00 -7.568098e-01 -2.582014e-01 -6.402900e-01
-9.523996e-01 -8.544881e-01 -2.946452e-01 -1.219875e+00
-8.527404e-01 -7.992268e-01 -1.039819e+00 -8.632638e-01
-8.558467e-01 -8.001904e-01 -1.250141e+00 -2.840719e-01
-1.009182e+00 -7.051319e-01 -2.055175e-01 -6.397402e-01
-1.072019e+00 -7.381327e-01 -2.226305e-01 -1.971274e-01
-1.036113e+00 -7.404887e-01 -6.452188e-01 -6.145385e-01
-1.155452e+00 -7.602582e-01 -7.241539e-01 -2.055264e-01
-1.620046e+00 -2.910777e-01 -2.670528e-01 -2.784411e-01
-1.198061e+00 -2.796682e-01 -2.900692e-01 -1.178852e+00
-1.147303e+00 -2.773613e-01 -9.853188e-01 -8.254600e-01
-1.112757e+00 -2.699086e-01 -1.183852e+00 -2.684627e-01
-1.139845e+00 -2.293885e-01 -2.019805e-01 -6.097183e-01
-1.077741e+00 -2.373287e-01 -2.170451e-01 -1.923408e-01
-1.122415e+00 -2.339442e-01 -6.164242e-01 -6.080266e-01
-1.141811e+00 -2.418760e-01 -6.928014e-01 -1.995006e-01
-1.826126e-01 -6.135838e-01 -5.018438e-01 -1.016077e+00
-2.705498e-01 -2.674742e-01 -2.983630e-01 -1.606535e+00
-1.904365e-01 -6.157650e-01 -9.377195e-01 -6.840127e-01
-2.796889e-01 -2.525069e-01 -1.570994e+00 -3.159048e-01
-2.067186e-01 -7.103146e-01 -1.973119e-01 -6.801678e-01
-2.033073e-01 -6.525078e-01 -1.951000e-01 -2.109342e-01
-1.954502e-01 -6.276138e-01 -5.906656e-01 -5.171867e-01
-2.016798e-01 -6.371690e-01 -6.424142e-01 -1.711035e-01
-2.131324e-01 -2.038579e-01 -7.513815e-01 -1.143574e+00
-2.151663e-01 -1.908063e-01 -2.244910e-01 -1.171252e+00
-2.094532e-01 -1.978981e-01 -1.047060e+00 -7.303420e-01
-2.010375e-01 -2.226435e-01 -1.104287e+00 -2.301438e-01
-2.093720e-01 -2.229268e-01 -1.995080e-01 -6.423286e-01
-2.130357e-01 -2.134851e-01 -2.069623e-01 -2.100809e-01
-2.140757e-01 -1.881553e-01 -6.049672e-01 -5.927859e-01
-2.177049e-01 -2.025883e-01 -6.475328e-01 -1.945478e-01
-5.769619e-01 -5.885075e-01 -5.402141e-01 -1.010940e+00
-6.373554e-01 -5.540071e-01 -1.989799e-01 -1.183856e+00
-5.778245e-01 -5.984443e-01 -9.062638e-01 -6.825054e-01
-5.929502e-01 -5.977207e-01 -1.022715e+00 -2.133865e-01
-6.029851e-01 -6.058864e-01 -2.124287e-01 -6.437597e-01
-6.253187e-01 -6.509814e-01 -1.956546e-01 -1.987822e-01
-6.245125e-01 -6.214504e-01 -5.868496e-01 -5.293536e-01
-6.464789e-01 -6.359208e-01 -6.145056e-01 -1.803790e-01
-6.809053e-01 -2.257719e-01 -7.760631e-01 -1.222121e+00
-7.115778e-01 -1.750630e-01 -2.509506e-01 -1.191303e+00
-6.592090e-01 -2.085281e-01 -1.087785e+00 -7.530338e-01
-6.522976e-01 -2.020000e-01 -1.118106e+00 -2.391719e-01
-6.488348e-01 -2.006720e-01 -2.021965e-01 -6.385727e-01
-6.411826e-01 -2.117002e-01 -2.085501e-01 -2.065851e-01
-6.627780e-01 -1.782143e-01 -6.152582e-01 -6.056584e-01
-6.683373e-01 -1.977199e-01 -6.424925e-01 -1.956263e-01
