 3.921856e-01  9.905092e-01  3.903139e-01  9.892712e-01
 4.724741e-01  1.120937e+00  2.703865e-01  1.044570e+00
 3.755282e-01  9.556644e-01  9.712973e-01  7.302120e-01
 4.220850e-01  1.020391e+00  1.226561e+00  3.970942e-01
 4.209961e-01  1.065259e+00  2.389919e-01  4.215138e-01
 6.015692e-01  1.386057e+00  2.478529e-01  4.080518e-01
 3.975135e-01  1.029480e+00  6.363220e-01  3.070433e-01
 5.148729e-01  1.238334e+00  7.372784e-01  2.513892e-01
 2.731233e-01  1.044454e+00  4.688958e-01  1.120501e+00
 3.068984e-01  1.182224e+00  3.050099e-01  1.183818e+00
 2.682689e-01  9.948657e-01  1.036831e+00  8.223312e-01
 2.885447e-01  1.051622e+00  1.313107e+00  3.996509e-01
 2.583414e-01  1.101691e+00  2.228256e-01  3.345000e-01
 3.303274e-01  1.554423e+00  2.483575e-01  3.602203e-01
 2.538193e-01  1.070473e+00  6.096246e-01  2.625774e-01
 3.034263e-01  1.365237e+00  7.261118e-01  2.373978e-01
 9.723556e-01  7.299629e-01  3.749720e-01  9.527128e-01
 1.039067e+00  8.213275e-01  2.687643e-01  9.900334e-01
 9.448177e-01  6.962208e-01  9.461454e-01  6.966173e-01
 9.848137e-01  7.513577e-01  1.157714e+00  4.048724e-01
 1.020186e+00  8.025045e-01  2.409343e-01  4.011874e-01
 1.186351e+00  1.031528e+00  2.361276e-01  3.638064e-01
 9.879761e-01  7.628881e-01  6.316916e-01  2.926751e-01
 1.089894e+00  9.027747e-01  6.985275e-01  2.377179e-01
 1.225950e+00  3.982528e-01  4.224060e-01  1.018621e+00
 1.315794e+00  3.983594e-01  2.878431e-01  1.048143e+00
 1.159556e+00  4.057975e-01  9.844388e-01  7.464389e-01
 1.206300e+00  4.064286e-01  1.206948e+00  4.047574e-01
 1.305118e+00  3.773395e-01  2.344399e-01  3.552573e-01
 1.498806e+00  3.866456e-01  2.327601e-01  3.458382e-01
 1.255413e+00  3.735985e-01  6.195219e-01  2.693951e-01
 1.378228e+00  3.766643e-01  6.890293e-01  2.277009e-01
 2.395707e-01  4.242274e-01  4.225751e-01  1.067973e+00
 2.226059e-01  3.342365e-01  2.566653e-01  1.103776e+00
 2.398458e-01  3.998520e-01  1.021351e+00  8.041389e-01
 2.344229e-01  3.556112e-01  1.307139e+00  3.762688e-01
 2.555890e-01  4.994893e-01  2.571012e-01  4.975727e-01
 2.222548e-01  3.141543e-01  2.363807e-01  5.238832e-01
 2.488234e-01  4.874171e-01  6.820182e-01  3.416824e-01
 2.228445e-01  3.321238e-01  7.857057e-01  2.677535e-01
 2.473330e-01  4.078201e-01  6.005502e-01  1.388237e+00
 2.503747e-01  3.576280e-01  3.319800e-01  1.551466e+00
 2.338742e-01  3.628009e-01  1.183850e+00  1.031020e+00
 2.307039e-01  3.464549e-01  1.496225e+00  3.876971e-01
 2.348125e-01  5.198015e-01  2.229722e-01  3.124382e-01
 2.185487e-01  3.136605e-01  2.201319e-01  3.151596e-01
 2.292815e-01  5.048768e-01  6.285356e-01  2.520006e-01
 2.184303e-01  3.294681e-01  7.199591e-01  2.168422e-01
 6.384751e-01  3.079341e-01  3.981413e-01  1.029750e+00
 6.073295e-01  2.612741e-01  2.537313e-01  1.068955e+00
 6.329361e-01  2.955343e-01  9.887472e-01  7.651951e-01
 6.220803e-01  2.702663e-01  1.256788e+00  3.739356e-01
 6.825470e-01  3.426085e-01  2.507071e-01  4.880825e-01
 6.255127e-01  2.504251e-01  2.302762e-01  5.088141e-01
 6.714060e-01  3.361835e-01  6.714498e-01  3.367856e-01
 6.208584e-01  2.608506e-01  7.655748e-01  2.622262e-01
 7.364344e-01  2.499781e-01  5.173122e-01  1.244279e+00
 7.259988e-01  2.342748e-01  3.044395e-01  1.364901e+00
 6.991792e-01  2.362898e-01  1.089656e+00  9.040955e-01
 6.872280e-01  2.293345e-01  1.381795e+00  3.747042e-01
 7.809862e-01  2.669701e-01  2.221761e-01  3.316127e-01
 7.165954e-01  2.157009e-01  2.172885e-01  3.325022e-01
 7.655154e-01  2.622782e-01  6.203020e-01  2.599288e-01
 7.051512e-01  2.191057e-01  7.050571e-01  2.197399e-01
 3.921856e-01  9.905092e-01  3.903139e-01 -9.892712e-01
 4.724741e-01  1.120937e+00  2.703865e-01 -1.044570e+00
 3.755282e-01  9.556644e-01  9.712973e-01 -7.302120e-01
 4.220850e-01  1.020391e+00  1.226561e+00 -3.970942e-01
 4.209961e-01  1.065259e+00  2.389919e-01 -4.215138e-01
 6.015692e-01  1.386057e+00  2.478529e-01 -4.080518e-01
 3.975135e-01  1.029480e+00  6.363220e-01 -3.070433e-01
 5.148729e-01  1.238334e+00  7.372784e-01 -2.513892e-01
 2.731233e-01  1.044454e+00  4.688958e-01 -1.120501e+00
 3.068984e-01  1.182224e+00  3.050099e-01 -1.183818e+00
 2.682689e-01  9.948657e-01  1.036831e+00 -8.223312e-01
 2.885447e-01  1.051622e+00  1.313107e+00 -3.996509e-01
 2.583414e-01  1.101691e+00  2.228256e-01 -3.345000e-01
 3.303274e-01  1.554423e+00  2.483575e-01 -3.602203e-01
 2.538193e-01  1.070473e+00  6.096246e-01 -2.625774e-01
 3.034263e-01  1.365237e+00  7.261118e-01 -2.373978e-01
 9.723556e-01  7.299629e-01  3.749720e-01 -9.527128e-01
 1.039067e+00  8.213275e-01  2.687643e-01 -9.900334e-01
 9.448177e-01  6.962208e-01  9.461454e-01 -6.966173e-01
 9.848137e-01  7.513577e-01  1.157714e+00 -4.048724e-01
 1.020186e+00  8.025045e-01  2.409343e-01 -4.011874e-01
 1.186351e+00  1.031528e+00  2.361276e-01 -3.638064e-01
 9.879761e-01  7.628881e-01  6.316916e-01 -2.926751e-01
 1.089894e+00  9.027747e-01  6.985275e-01 -2.377179e-01
 1.225950e+00  3.982528e-01  4.224060e-01 -1.018621e+00
 1.315794e+00  3.983594e-01  2.878431e-01 -1.048143e+00
 1.159556e+00  4.057975e-01  9.844388e-01 -7.464389e-01
 1.206300e+00  4.064286e-01  1.206948e+00 -4.047574e-01
 1.305118e+00  3.773395e-01  2.344399e-01 -3.552573e-01
 1.498806e+00  3.866456e-01  2.327601e-01 -3.458382e-01
 1.255413e+00  3.735985e-01  6.195219e-01 -2.693951e-01
 1.378228e+00  3.766643e-01  6.890293e-01 -2.277009e-01
 2.395707e-01  4.242274e-01  4.225751e-01 -1.067973e+00
 2.226059e-01  3.342365e-01  2.566653e-01 -1.103776e+00
 2.398458e-01  3.998520e-01  1.021351e+00 -8.041389e-01
 2.344229e-01  3.556112e-01  1.307139e+00 -3.762688e-01
 2.555890e-01  4.994893e-01  2.571012e-01 -4.975727e-01
 2.222548e-01  3.141543e-01  2.363807e-01 -5.238832e-01
 2.488234e-01  4.874171e-01  6.820182e-01 -3.416824e-01
 2.228445e-01  3.321238e-01  7.857057e-01 -2.677535e-01
 2.473330e-01  4.078201e-01  6.005502e-01 -1.388237e+00
 2.503747e-01  3.576280e-01  3.319800e-01 -1.551466e+00
 2.338742e-01  3.628009e-01  1.183850e+00 -1.031020e+00
 2.307039e-01  3.464549e-01  1.496225e+00 -3.876971e-01
 2.348125e-01  5.198015e-01  2.229722e-01 -3.124382e-01
 2.185487e-01  3.136605e-01  2.201319e-01 -3.151596e-01
 2.292815e-01  5.048768e-01  6.285356e-01 -2.520006e-01
 2.184303e-01  3.294681e-01  7.199591e-01 -2.168422e-01
 6.384751e-01  3.079341e-01  3.981413e-01 -1.029750e+00
 6.073295e-01  2.612741e-01  2.537313e-01 -1.068955e+00
 6.329361e-01  2.955343e-01  9.887472e-01 -7.651951e-01
 6.220803e-01  2.702663e-01  1.256788e+00 -3.739356e-01
 6.825470e-01  3.426085e-01  2.507071e-01 -4.880825e-01
 6.255127e-01  2.504251e-01  2.302762e-01 -5.088141e-01
 6.714060e-01  3.361835e-01  6.714498e-01 -3.367856e-01
 6.208584e-01  2.608506e-01  7.655748e-01 -2.622262e-01
 7.364344e-01  2.499781e-01  5.173122e-01 -1.244279e+00
 7.259988e-01  2.342748e-01  3.044395e-01 -1.364901e+00
 6.991792e-01  2.362898e-01  1.089656e+00 -9.040955e-01
 6.872280e-01  2.293345e-01  1.381795e+00 -3.747042e-01
 7.809862e-01  2.669701e-01  2.221761e-01 -3.316127e-01
 7.165954e-01  2.157009e-01  2.172885e-01 -3.325022e-01
 7.655154e-01  2.622782e-01  6.203020e-01 -2.599288e-01
 7.051512e-01  2.191057e-01  7.050571e-01 -2.197399e-01
 3.921856e-01  9.905092e-01 -3.903139e-01  9.892712e-01
 4.724741e-01  1.120937e+00 -2.703865e-01  1.044570e+00
 3.755282e-01  9.556644e-01 -9.712973e-01  7.302120e-01
 4.220850e-01  1.020391e+00 -1.226561e+00  3.970942e-01
 4.209961e-01  1.065259e+00 -2.389919e-01  4.215138e-01
 6.015692e-01  1.386057e+00 -2.478529e-01  4.080518e-01
 3.975135e-01  1.029480e+00 -6.363220e-01  3.070433e-01
 5.148729e-01  1.238334e+00 -7.372784e-01  2.513892e-01
 2.731233e-01  1.044454e+00 -4.688958e-01  1.120501e+00
 3.068984e-01  1.182224e+00 -3.050099e-01  1.183818e+00
 2.682689e-01  9.948657e-01 -1.036831e+00  8.223312e-01
 2.885447e-01  1.051622e+00 -1.313107e+00  3.996509e-01
 2.583414e-01  1.101691e+00 -2.228256e-01  3.345000e-01
 3.303274e-01  1.554423e+00 -2.483575e-01  3.602203e-01
 2.538193e-01  1.070473e+00 -6.096246e-01  2.625774e-01
 3.034263e-01  1.365237e+00 -7.261118e-01  2.373978e-01
 9.723556e-01  7.299629e-01 -3.749720e-01  9.527128e-01
 1.039067e+00  8.213275e-01 -2.687643e-01  9.900334e-01
 9.448177e-01  6.962208e-01 -9.461454e-01  6.966173e-01
 9.848137e-01  7.513577e-01 -1.157714e+00  4.048724e-01
 1.020186e+00  8.025045e-01 -2.409343e-01  4.011874e-01
 1.186351e+00  1.031528e+00 -2.361276e-01  3.638064e-01
 9.879761e-01  7.628881e-01 -6.316916e-01  2.926751e-01
 1.089894e+00  9.027747e-01 -6.985275e-01  2.377179e-01
 1.225950e+00  3.982528e-01 -4.224060e-01  1.018621e+00
 1.315794e+00  3.983594e-01 -2.878431e-01  1.048143e+00
 1.159556e+00  4.057975e-01 -9.844388e-01  7.464389e-01
 1.206300e+00  4.064286e-01 -1.206948e+00  4.047574e-01
 1.305118e+00  3.773395e-01 -2.344399e-01  3.552573e-01
 1.498806e+00  3.866456e-01 -2.327601e-01  3.458382e-01
 1.255413e+00  3.735985e-01 -6.195219e-01  2.693951e-01
 1.378228e+00  3.766643e-01 -6.890293e-01  2.277009e-01
 2.395707e-01  4.242274e-01 -4.225751e-01  1.067973e+00
 2.226059e-01  3.342365e-01 -2.566653e-01  1.103776e+00
 2.398458e-01  3.998520e-01 -1.021351e+00  8.041389e-01
 2.344229e-01  3.556112e-01 -1.307139e+00  3.762688e-01
 2.555890e-01  4.994893e-01 -2.571012e-01  4.975727e-01
 2.222548e-01  3.141543e-01 -2.363807e-01  5.238832e-01
 2.488234e-01  4.874171e-01 -6.820182e-01  3.416824e-01
 2.228445e-01  3.321238e-01 -7.857057e-01  2.677535e-01
 2.473330e-01  4.078201e-01 -6.005502e-01  1.388237e+00
 2.503747e-01  3.576280e-01 -3.319800e-01  1.551466e+00
 2.338742e-01  3.628009e-01 -1.183850e+00  1.031020e+00
 2.307039e-01  3.464549e-01 -1.496225e+00  3.876971e-01
 2.348125e-01  5.198015e-01 -2.229722e-01  3.124382e-01
 2.185487e-01  3.136605e-01 -2.201319e-01  3.151596e-01
 2.292815e-01  5.048768e-01 -6.285356e-01  2.520006e-01
 2.184303e-01  3.294681e-01 -7.199591e-01  2.168422e-01
 6.384751e-01  3.079341e-01 -3.981413e-01  1.029750e+00
 6.073295e-01  2.612741e-01 -2.537313e-01  1.068955e+00
 6.329361e-01  2.955343e-01 -9.887472e-01  7.651951e-01
 6.220803e-01  2.702663e-01 -1.256788e+00  3.739356e-01
 6.825470e-01  3.426085e-01 -2.507071e-01  4.880825e-01
 6.255127e-01  2.504251e-01 -2.302762e-01  5.088141e-01
 6.714060e-01  3.361835e-01 -6.714498e-01  3.367856e-01
 6.208584e-01  2.608506e-01 -7.655748e-01  2.622262e-01
 7.364344e-01  2.499781e-01 -5.173122e-01  1.244279e+00
 7.259988e-01  2.342748e-01 -3.044395e-01  1.364901e+00
 6.991792e-01  2.362898e-01 -1.089656e+00  9.040955e-01
 6.872280e-01  2.293345e-01 -1.381795e+00  3.747042e-01
 7.809862e-01  2.669701e-01 -2.221761e-01  3.316127e-01
 7.165954e-01  2.157009e-01 -2.172885e-01  3.325022e-01
 7.655154e-01  2.622782e-01 -6.203020e-01  2.599288e-01
 7.051512e-01  2.191057e-01 -7.050571e-01  2.197399e-01
 3.921856e-01  9.905092e-01 -3.903139e-01 -9.892712e-01
 4.724741e-01  1.120937e+00 -2.703865e-01 -1.044570e+00
 3.755282e-01  9.556644e-01 -9.712973e-01 -7.302120e-01
 4.220850e-01  1.020391e+00 -1.226561e+00 -3.970942e-01
 4.209961e-01  1.065259e+00 -2.389919e-01 -4.215138e-01
 6.015692e-01  1.386057e+00 -2.478529e-01 -4.080518e-01
 3.975135e-01  1.029480e+00 -6.363220e-01 -3.070433e-01
 5.148729e-01  1.238334e+00 -7.372784e-01 -2.513892e-01
 2.731233e-01  1.044454e+00 -4.688958e-01 -1.120501e+00
 3.068984e-01  1.182224e+00 -3.050099e-01 -1.183818e+00
 2.682689e-01  9.948657e-01 -1.036831e+00 -8.223312e-01
 2.885447e-01  1.051622e+00 -1.313107e+00 -3.996509e-01
 2.583414e-01  1.101691e+00 -2.228256e-01 -3.345000e-01
 3.303274e-01  1.554423e+00 -2.483575e-01 -3.602203e-01
 2.538193e-01  1.070473e+00 -6.096246e-01 -2.625774e-01
 3.034263e-01  1.365237e+00 -7.261118e-01 -2.373978e-01
 9.723556e-01  7.299629e-01 -3.749720e-01 -9.527128e-01
 1.039067e+00  8.213275e-01 -2.687643e-01 -9.900334e-01
 9.448177e-01  6.962208e-01 -9.461454e-01 -6.966173e-01
 9.848137e-01  7.513577e-01 -1.157714e+00 -4.048724e-01
 1.020186e+00  8.025045e-01 -2.409343e-01 -4.011874e-01
 1.186351e+00  1.031528e+00 -2.361276e-01 -3.638064e-01
 9.879761e-01  7.628881e-01 -6.316916e-01 -2.926751e-01
 1.089894e+00  9.027747e-01 -6.985275e-01 -2.377179e-01
 1.225950e+00  3.982528e-01 -4.224060e-01 -1.018621e+00
 1.315794e+00  3.983594e-01 -2.878431e-01 -1.048143e+00
 1.159556e+00  4.057975e-01 -9.844388e-01 -7.464389e-01
 1.206300e+00  4.064286e-01 -1.206948e+00 -4.047574e-01
 1.305118e+00  3.773395e-01 -2.344399e-01 -3.552573e-01
 1.498806e+00  3.866456e-01 -2.327601e-01 -3.458382e-01
 1.255413e+00  3.735985e-01 -6.195219e-01 -2.693951e-01
 1.378228e+00  3.766643e-01 -6.890293e-01 -2.277009e-01
 2.395707e-01  4.242274e-01 -4.225751e-01 -1.067973e+00
 2.226059e-01  3.342365e-01 -2.566653e-01 -1.103776e+00
 2.398458e-01  3.998520e-01 -1.021351e+00 -8.041389e-01
 2.344229e-01  3.556112e-01 -1.307139e+00 -3.762688e-01
 2.555890e-01  4.994893e-01 -2.571012e-01 -4.975727e-01
 2.222548e-01  3.141543e-01 -2.363807e-01 -5.238832e-01
 2.488234e-01  4.874171e-01 -6.820182e-01 -3.416824e-01
 2.228445e-01  3.321238e-01 -7.857057e-01 -2.677535e-01
 2.473330e-01  4.078201e-01 -6.005502e-01 -1.388237e+00
 2.503747e-01  3.576280e-01 -3.319800e-01 -1.551466e+00
 2.338742e-01  3.628009e-01 -1.183850e+00 -1.031020e+00
 2.307039e-01  3.464549e-01 -1.496225e+00 -3.876971e-01
 2.348125e-01  5.198015e-01 -2.229722e-01 -3.124382e-01
 2.185487e-01  3.136605e-01 -2.201319e-01 -3.151596e-01
 2.292815e-01  5.048768e-01 -6.285356e-01 -2.520006e-01
 2.184303e-01  3.294681e-01 -7.199591e-01 -2.168422e-01
 6.384751e-01  3.079341e-01 -3.981413e-01 -1.029750e+00
 6.073295e-01  2.612741e-01 -2.537313e-01 -1.068955e+00
 6.329361e-01  2.955343e-01 -9.887472e-01 -7.651951e-01
 6.220803e-01  2.702663e-01 -1.256788e+00 -3.739356e-01
 6.825470e-01  3.426085e-01 -2.507071e-01 -4.880825e-01
 6.255127e-01  2.504251e-01 -2.302762e-01 -5.088141e-01
 6.714060e-01  3.361835e-01 -6.714498e-01 -3.367856e-01
 6.208584e-01  2.608506e-01 -7.655748e-01 -2.622262e-01
 7.364344e-01  2.499781e-01 -5.173122e-01 -1.244279e+00
 7.259988e-01  2.342748e-01 -3.044395e-01 -1.364901e+00
 6.991792e-01  2.362898e-01 -1.089656e+00 -9.040955e-01
 6.872280e-01  2.293345e-01 -1.381795e+00 -3.747042e-01
 7.809862e-01  2.669701e-01 -2.221761e-01 -3.316127e-01
 7.165954e-01  2.157009e-01 -2.172885e-01 -3.325022e-01
 7.655154e-01  2.622782e-01 -6.203020e-01 -2.599288e-01
 7.051512e-01  2.191057e-01 -7.050571e-01 -2.197399e-01
 3.921856e-01 -9.905092e-01  3.903139e-01  9.892712e-01
 4.724741e-01 -1.120937e+00  2.703865e-01  1.044570e+00
 3.755282e-01 -9.556644e-01  9.712973e-01  7.302120e-01
 4.220850e-01 -1.020391e+00  1.226561e+00  3.970942e-01
 4.209961e-01 -1.065259e+00  2.389919e-01  4.215138e-01
 6.015692e-01 -1.386057e+00  2.478529e-01  4.080518e-01
 3.975135e-01 -1.029480e+00  6.363220e-01  3.070433e-01
 5.148729e-01 -1.238334e+00  7.372784e-01  2.513892e-01
 2.731233e-01 -1.044454e+00  4.688958e-01  1.120501e+00
 3.068984e-01 -1.182224e+00  3.050099e-01  1.183818e+00
 2.682689e-01 -9.948657e-01  1.036831e+00  8.223312e-01
 2.885447e-01 -1.051622e+00  1.313107e+00  3.996509e-01
 2.583414e-01 -1.101691e+00  2.228256e-01  3.345000e-01
 3.303274e-01 -1.554423e+00  2.483575e-01  3.602203e-01
 2.538193e-01 -1.070473e+00  6.096246e-01  2.625774e-01
 3.034263e-01 -1.365237e+00  7.261118e-01  2.373978e-01
 9.723556e-01 -7.299629e-01  3.749720e-01  9.527128e-01
 1.039067e+00 -8.213275e-01  2.687643e-01  9.900334e-01
 9.448177e-01 -6.962208e-01  9.461454e-01  6.966173e-01
 9.848137e-01 -7.513577e-01  1.157714e+00  4.048724e-01
 1.020186e+00 -8.025045e-01  2.409343e-01  4.011874e-01
 1.186351e+00 -1.031528e+00  2.361276e-01  3.638064e-01
 9.879761e-01 -7.628881e-01  6.316916e-01  2.926751e-01
 1.089894e+00 -9.027747e-01  6.985275e-01  2.377179e-01
 1.225950e+00 -3.982528e-01  4.224060e-01  1.018621e+00
 1.315794e+00 -3.983594e-01  2.878431e-01  1.048143e+00
 1.159556e+00 -4.057975e-01  9.844388e-01  7.464389e-01
 1.206300e+00 -4.064286e-01  1.206948e+00  4.047574e-01
 1.305118e+00 -3.773395e-01  2.344399e-01  3.552573e-01
 1.498806e+00 -3.866456e-01  2.327601e-01  3.458382e-01
 1.255413e+00 -3.735985e-01  6.195219e-01  2.693951e-01
 1.378228e+00 -3.766643e-01  6.890293e-01  2.277009e-01
 2.395707e-01 -4.242274e-01  4.225751e-01  1.067973e+00
 2.226059e-01 -3.342365e-01  2.566653e-01  1.103776e+00
 2.398458e-01 -3.998520e-01  1.021351e+00  8.041389e-01
 2.344229e-01 -3.556112e-01  1.307139e+00  3.762688e-01
 2.555890e-01 -4.994893e-01  2.571012e-01  4.975727e-01
 2.222548e-01 -3.141543e-01  2.363807e-01  5.238832e-01
 2.488234e-01 -4.874171e-01  6.820182e-01  3.416824e-01
 2.228445e-01 -3.321238e-01  7.857057e-01  2.677535e-01
 2.473330e-01 -4.078201e-01  6.005502e-01  1.388237e+00
 2.503747e-01 -3.576280e-01  3.319800e-01  1.551466e+00
 2.338742e-01 -3.628009e-01  1.183850e+00  1.031020e+00
 2.307039e-01 -3.464549e-01  1.496225e+00  3.876971e-01
 2.348125e-01 -5.198015e-01  2.229722e-01  3.124382e-01
 2.185487e-01 -3.136605e-01  2.201319e-01  3.151596e-01
 2.292815e-01 -5.048768e-01  6.285356e-01  2.520006e-01
 2.184303e-01 -3.294681e-01  7.199591e-01  2.168422e-01
 6.384751e-01 -3.079341e-01  3.981413e-01  1.029750e+00
 6.073295e-01 -2.612741e-01  2.537313e-01  1.068955e+00
 6.329361e-01 -2.955343e-01  9.887472e-01  7.651951e-01
 6.220803e-01 -2.702663e-01  1.256788e+00  3.739356e-01
 6.825470e-01 -3.426085e-01  2.507071e-01  4.880825e-01
 6.255127e-01 -2.504251e-01  2.302762e-01  5.088141e-01
 6.714060e-01 -3.361835e-01  6.714498e-01  3.367856e-01
 6.208584e-01 -2.608506e-01  7.655748e-01  2.622262e-01
 7.364344e-01 -2.499781e-01  5.173122e-01  1.244279e+00
 7.259988e-01 -2.342748e-01  3.044395e-01  1.364901e+00
 6.991792e-01 -2.362898e-01  1.089656e+00  9.040955e-01
 6.872280e-01 -2.293345e-01  1.381795e+00  3.747042e-01
 7.809862e-01 -2.669701e-01  2.221761e-01  3.316127e-01
 7.165954e-01 -2.157009e-01  2.172885e-01  3.325022e-01
 7.655154e-01 -2.622782e-01  6.203020e-01  2.599288e-01
 7.051512e-01 -2.191057e-01  7.050571e-01  2.197399e-01
 3.921856e-01 -9.905092e-01  3.903139e-01 -9.892712e-01
 4.724741e-01 -1.120937e+00  2.703865e-01 -1.044570e+00
 3.755282e-01 -9.556644e-01  9.712973e-01 -7.302120e-01
 4.220850e-01 -1.020391e+00  1.226561e+00 -3.970942e-01
 4.209961e-01 -1.065259e+00  2.389919e-01 -4.215138e-01
 6.015692e-01 -1.386057e+00  2.478529e-01 -4.080518e-01
 3.975135e-01 -1.029480e+00  6.363220e-01 -3.070433e-01
 5.148729e-01 -1.238334e+00  7.372784e-01 -2.513892e-01
 2.731233e-01 -1.044454e+00  4.688958e-01 -1.120501e+00
 3.068984e-01 -1.182224e+00  3.050099e-01 -1.183818e+00
 2.682689e-01 -9.948657e-01  1.036831e+00 -8.223312e-01
 2.885447e-01 -1.051622e+00  1.313107e+00 -3.996509e-01
 2.583414e-01 -1.101691e+00  2.228256e-01 -3.345000e-01
 3.303274e-01 -1.554423e+00  2.483575e-01 -3.602203e-01
 2.538193e-01 -1.070473e+00  6.096246e-01 -2.625774e-01
 3.034263e-01 -1.365237e+00  7.261118e-01 -2.373978e-01
 9.723556e-01 -7.299629e-01  3.749720e-01 -9.527128e-01
 1.039067e+00 -8.213275e-01  2.687643e-01 -9.900334e-01
 9.448177e-01 -6.962208e-01  9.461454e-01 -6.966173e-01
 9.848137e-01 -7.513577e-01  1.157714e+00 -4.048724e-01
 1.020186e+00 -8.025045e-01  2.409343e-01 -4.011874e-01
 1.186351e+00 -1.031528e+00  2.361276e-01 -3.638064e-01
 9.879761e-01 -7.628881e-01  6.316916e-01 -2.926751e-01
 1.089894e+00 -9.027747e-01  6.985275e-01 -2.377179e-01
 1.225950e+00 -3.982528e-01  4.224060e-01 -1.018621e+00
 1.315794e+00 -3.983594e-01  2.878431e-01 -1.048143e+00
 1.159556e+00 -4.057975e-01  9.844388e-01 -7.464389e-01
 1.206300e+00 -4.064286e-01  1.206948e+00 -4.047574e-01
 1.305118e+00 -3.773395e-01  2.344399e-01 -3.552573e-01
 1.498806e+00 -3.866456e-01  2.327601e-01 -3.458382e-01
 1.255413e+00 -3.735985e-01  6.195219e-01 -2.693951e-01
 1.378228e+00 -3.766643e-01  6.890293e-01 -2.277009e-01
 2.395707e-01 -4.242274e-01  4.225751e-01 -1.067973e+00
 2.226059e-01 -3.342365e-01  2.566653e-01 -1.103776e+00
 2.398458e-01 -3.998520e-01  1.021351e+00 -8.041389e-01
 2.344229e-01 -3.556112e-01  1.307139e+00 -3.762688e-01
 2.555890e-01 -4.994893e-01  2.571012e-01 -4.975727e-01
 2.222548e-01 -3.141543e-01  2.363807e-01 -5.238832e-01
 2.488234e-01 -4.874171e-01  6.820182e-01 -3.416824e-01
 2.228445e-01 -3.321238e-01  7.857057e-01 -2.677535e-01
 2.473330e-01 -4.078201e-01  6.005502e-01 -1.388237e+00
 2.503747e-01 -3.576280e-01  3.319800e-01 -1.551466e+00
 2.338742e-01 -3.628009e-01  1.183850e+00 -1.031020e+00
 2.307039e-01 -3.464549e-01  1.496225e+00 -3.876971e-01
 2.348125e-01 -5.198015e-01  2.229722e-01 -3.124382e-01
 2.185487e-01 -3.136605e-01  2.201319e-01 -3.151596e-01
 2.292815e-01 -5.048768e-01  6.285356e-01 -2.520006e-01
 2.184303e-01 -3.294681e-01  7.199591e-01 -2.168422e-01
 6.384751e-01 -3.079341e-01  3.981413e-01 -1.029750e+00
 6.073295e-01 -2.612741e-01  2.537313e-01 -1.068955e+00
 6.329361e-01 -2.955343e-01  9.887472e-01 -7.651951e-01
 6.220803e-01 -2.702663e-01  1.256788e+00 -3.739356e-01
 6.825470e-01 -3.426085e-01  2.507071e-01 -4.880825e-01
 6.255127e-01 -2.504251e-01  2.302762e-01 -5.088141e-01
 6.714060e-01 -3.361835e-01  6.714498e-01 -3.367856e-01
 6.208584e-01 -2.608506e-01  7.655748e-01 -2.622262e-01
 7.364344e-01 -2.499781e-01  5.173122e-01 -1.244279e+00
 7.259988e-01 -2.342748e-01  3.044395e-01 -1.364901e+00
 6.991792e-01 -2.362898e-01  1.089656e+00 -9.040955e-01
 6.872280e-01 -2.293345e-01  1.381795e+00 -3.747042e-01
 7.809862e-01 -2.669701e-01  2.221761e-01 -3.316127e-01
 7.165954e-01 -2.157009e-01  2.172885e-01 -3.325022e-01
 7.655154e-01 -2.622782e-01  6.203020e-01 -2.599288e-01
 7.051512e-01 -2.191057e-01  7.050571e-01 -2.197399e-01
 3.921856e-01 -9.905092e-01 -3.903139e-01  9.892712e-01
 4.724741e-01 -1.120937e+00 -2.703865e-01  1.044570e+00
 3.755282e-01 -9.556644e-01 -9.712973e-01  7.302120e-01
 4.220850e-01 -1.020391e+00 -1.226561e+00  3.970942e-01
 4.209961e-01 -1.065259e+00 -2.389919e-01  4.215138e-01
 6.015692e-01 -1.386057e+00 -2.478529e-01  4.080518e-01
 3.975135e-01 -1.029480e+00 -6.363220e-01  3.070433e-01
 5.148729e-01 -1.238334e+00 -7.372784e-01  2.513892e-01
 2.731233e-01 -1.044454e+00 -4.688958e-01  1.120501e+00
 3.068984e-01 -1.182224e+00 -3.050099e-01  1.183818e+00
 2.682689e-01 -9.948657e-01 -1.036831e+00  8.223312e-01
 2.885447e-01 -1.051622e+00 -1.313107e+00  3.996509e-01
 2.583414e-01 -1.101691e+00 -2.228256e-01  3.345000e-01
 3.303274e-01 -1.554423e+00 -2.483575e-01  3.602203e-01
 2.538193e-01 -1.070473e+00 -6.096246e-01  2.625774e-01
 3.034263e-01 -1.365237e+00 -7.261118e-01  2.373978e-01
 9.723556e-01 -7.299629e-01 -3.749720e-01  9.527128e-01
 1.039067e+00 -8.213275e-01 -2.687643e-01  9.900334e-01
 9.448177e-01 -6.962208e-01 -9.461454e-01  6.966173e-01
 9.848137e-01 -7.513577e-01 -1.157714e+00  4.048724e-01
 1.020186e+00 -8.025045e-01 -2.409343e-01  4.011874e-01
 1.186351e+00 -1.031528e+00 -2.361276e-01  3.638064e-01
 9.879761e-01 -7.628881e-01 -6.316916e-01  2.926751e-01
 1.089894e+00 -9.027747e-01 -6.985275e-01  2.377179e-01
 1.225950e+00 -3.982528e-01 -4.224060e-01  1.018621e+00
 1.315794e+00 -3.983594e-01 -2.878431e-01  1.048143e+00
 1.159556e+00 -4.057975e-01 -9.844388e-01  7.464389e-01
 1.206300e+00 -4.064286e-01 -1.206948e+00  4.047574e-01
 1.305118e+00 -3.773395e-01 -2.344399e-01  3.552573e-01
 1.498806e+00 -3.866456e-01 -2.327601e-01  3.458382e-01
 1.255413e+00 -3.735985e-01 -6.195219e-01  2.693951e-01
 1.378228e+00 -3.766643e-01 -6.890293e-01  2.277009e-01
 2.395707e-01 -4.242274e-01 -4.225751e-01  1.067973e+00
 2.226059e-01 -3.342365e-01 -2.566653e-01  1.103776e+00
 2.398458e-01 -3.998520e-01 -1.021351e+00  8.041389e-01
 2.344229e-01 -3.556112e-01 -1.307139e+00  3.762688e-01
 2.555890e-01 -4.994893e-01 -2.571012e-01  4.975727e-01
 2.222548e-01 -3.141543e-01 -2.363807e-01  5.238832e-01
 2.488234e-01 -4.874171e-01 -6.820182e-01  3.416824e-01
 2.228445e-01 -3.321238e-01 -7.857057e-01  2.677535e-01
 2.473330e-01 -4.078201e-01 -6.005502e-01  1.388237e+00
 2.503747e-01 -3.576280e-01 -3.319800e-01  1.551466e+00
 2.338742e-01 -3.628009e-01 -1.183850e+00  1.031020e+00
 2.307039e-01 -3.464549e-01 -1.496225e+00  3.876971e-01
 2.348125e-01 -5.198015e-01 -2.229722e-01  3.124382e-01
 2.185487e-01 -3.136605e-01 -2.201319e-01  3.151596e-01
 2.292815e-01 -5.048768e-01 -6.285356e-01  2.520006e-01
 2.184303e-01 -3.294681e-01 -7.199591e-01  2.168422e-01
 6.384751e-01 -3.079341e-01 -3.981413e-01  1.029750e+00
 6.073295e-01 -2.612741e-01 -2.537313e-01  1.068955e+00
 6.329361e-01 -2.955343e-01 -9.887472e-01  7.651951e-01
 6.220803e-01 -2.702663e-01 -1.256788e+00  3.739356e-01
 6.825470e-01 -3.426085e-01 -2.507071e-01  4.880825e-01
 6.255127e-01 -2.504251e-01 -2.302762e-01  5.088141e-01
 6.714060e-01 -3.361835e-01 -6.714498e-01  3.367856e-01
 6.208584e-01 -2.608506e-01 -7.655748e-01  2.622262e-01
 7.364344e-01 -2.499781e-01 -5.173122e-01  1.244279e+00
 7.259988e-01 -2.342748e-01 -3.044395e-01  1.364901e+00
 6.991792e-01 -2.362898e-01 -1.089656e+00  9.040955e-01
 6.872280e-01 -2.293345e-01 -1.381795e+00  3.747042e-01
 7.809862e-01 -2.669701e-01 -2.221761e-01  3.316127e-01
 7.165954e-01 -2.157009e-01 -2.172885e-01  3.325022e-01
 7.655154e-01 -2.622782e-01 -6.203020e-01  2.599288e-01
 7.051512e-01 -2.191057e-01 -7.050571e-01  2.197399e-01
 3.921856e-01 -9.905092e-01 -3.903139e-01 -9.892712e-01
 4.724741e-01 -1.120937e+00 -2.703865e-01 -1.044570e+00
 3.755282e-01 -9.556644e-01 -9.712973e-01 -7.302120e-01
 4.220850e-01 -1.020391e+00 -1.226561e+00 -3.970942e-01
 4.209961e-01 -1.065259e+00 -2.389919e-01 -4.215138e-01
 6.015692e-01 -1.386057e+00 -2.478529e-01 -4.080518e-01
 3.975135e-01 -1.029480e+00 -6.363220e-01 -3.070433e-01
 5.148729e-01 -1.238334e+00 -7.372784e-01 -2.513892e-01
 2.731233e-01 -1.044454e+00 -4.688958e-01 -1.120501e+00
 3.068984e-01 -1.182224e+00 -3.050099e-01 -1.183818e+00
 2.682689e-01 -9.948657e-01 -1.036831e+00 -8.223312e-01
 2.885447e-01 -1.051622e+00 -1.313107e+00 -3.996509e-01
 2.583414e-01 -1.101691e+00 -2.228256e-01 -3.345000e-01
 3.303274e-01 -1.554423e+00 -2.483575e-01 -3.602203e-01
 2.538193e-01 -1.070473e+00 -6.096246e-01 -2.625774e-01
 3.034263e-01 -1.365237e+00 -7.261118e-01 -2.373978e-01
 9.723556e-01 -7.299629e-01 -3.749720e-01 -9.527128e-01
 1.039067e+00 -8.213275e-01 -2.687643e-01 -9.900334e-01
 9.448177e-01 -6.962208e-01 -9.461454e-01 -6.966173e-01
 9.848137e-01 -7.513577e-01 -1.157714e+00 -4.048724e-01
 1.020186e+00 -8.025045e-01 -2.409343e-01 -4.011874e-01
 1.186351e+00 -1.031528e+00 -2.361276e-01 -3.638064e-01
 9.879761e-01 -7.628881e-01 -6.316916e-01 -2.926751e-01
 1.089894e+00 -9.027747e-01 -6.985275e-01 -2.377179e-01
 1.225950e+00 -3.982528e-01 -4.224060e-01 -1.018621e+00
 1.315794e+00 -3.983594e-01 -2.878431e-01 -1.048143e+00
 1.159556e+00 -4.057975e-01 -9.844388e-01 -7.464389e-01
 1.206300e+00 -4.064286e-01 -1.206948e+00 -4.047574e-01
 1.305118e+00 -3.773395e-01 -2.344399e-01 -3.552573e-01
 1.498806e+00 -3.866456e-01 -2.327601e-01 -3.458382e-01
 1.255413e+00 -3.735985e-01 -6.195219e-01 -2.693951e-01
 1.378228e+00 -3.766643e-01 -6.890293e-01 -2.277009e-01
 2.395707e-01 -4.242274e-01 -4.225751e-01 -1.067973e+00
 2.226059e-01 -3.342365e-01 -2.566653e-01 -1.103776e+00
 2.398458e-01 -3.998520e-01 -1.021351e+00 -8.041389e-01
 2.344229e-01 -3.556112e-01 -1.307139e+00 -3.762688e-01
 2.555890e-01 -4.994893e-01 -2.571012e-01 -4.975727e-01
 2.222548e-01 -3.141543e-01 -2.363807e-01 -5.238832e-01
 2.488234e-01 -4.874171e-01 -6.820182e-01 -3.416824e-01
 2.228445e-01 -3.321238e-01 -7.857057e-01 -2.677535e-01
 2.473330e-01 -4.078201e-01 -6.005502e-01 -1.388237e+00
 2.503747e-01 -3.576280e-01 -3.319800e-01 -1.551466e+00
 2.338742e-01 -3.628009e-01 -1.183850e+00 -1.031020e+00
 2.307039e-01 -3.464549e-01 -1.496225e+00 -3.876971e-01
 2.348125e-01 -5.198015e-01 -2.229722e-01 -3.124382e-01
 2.185487e-01 -3.136605e-01 -2.201319e-01 -3.151596e-01
 2.292815e-01 -5.048768e-01 -6.285356e-01 -2.520006e-01
 2.184303e-01 -3.294681e-01 -7.199591e-01 -2.168422e-01
 6.384751e-01 -3.079341e-01 -3.981413e-01 -1.029750e+00
 6.073295e-01 -2.612741e-01 -2.537313e-01 -1.068955e+00
 6.329361e-01 -2.955343e-01 -9.887472e-01 -7.651951e-01
 6.220803e-01 -2.702663e-01 -1.256788e+00 -3.739356e-01
 6.825470e-01 -3.426085e-01 -2.507071e-01 -4.880825e-01
 6.255127e-01 -2.504251e-01 -2.302762e-01 -5.088141e-01
 6.714060e-01 -3.361835e-01 -6.714498e-01 -3.367856e-01
 6.208584e-01 -2.608506e-01 -7.655748e-01 -2.622262e-01
 7.364344e-01 -2.499781e-01 -5.173122e-01 -1.244279e+00
 7.259988e-01 -2.342748e-01 -3.044395e-01 -1.364901e+00
 6.991792e-01 -2.362898e-01 -1.089656e+00 -9.040955e-01
 6.872280e-01 -2.293345e-01 -1.381795e+00 -3.747042e-01
 7.809862e-01 -2.669701e-01 -2.221761e-01 -3.316127e-01
 7.165954e-01 -2.157009e-01 -2.172885e-01 -3.325022e-01
 7.655154e-01 -2.622782e-01 -6.203020e-01 -2.599288e-01
 7.051512e-01 -2.191057e-01 -7.050571e-01 -2.197399e-01
-3.921856e-01  9.905092e-01  3.903139e-01  9.892712e-01
-4.724741e-01  1.120937e+00  2.703865e-01  1.044570e+00
-3.755282e-01  9.556644e-01  9.712973e-01  7.302120e-01
-4.220850e-01  1.020391e+00  1.226561e+00  3.970942e-01
-4.209961e-01  1.065259e+00  2.389919e-01  4.215138e-01
-6.015692e-01  1.386057e+00  2.478529e-01  4.080518e-01
-3.975135e-01  1.029480e+00  6.363220e-01  3.070433e-01
-5.148729e-01  1.238334e+00  7.372784e-01  2.513892e-01
-2.731233e-01  1.044454e+00  4.688958e-01  1.120501e+00
-3.068984e-01  1.182224e+00  3.050099e-01  1.183818e+00
-2.682689e-01  9.948657e-01  1.036831e+00  8.223312e-01
-2.885447e-01  1.051622e+00  1.313107e+00  3.996509e-01
-2.583414e-01  1.101691e+00  2.228256e-01  3.345000e-01
-3.303274e-01  1.554423e+00  2.483575e-01  3.602203e-01
-2.538193e-01  1.070473e+00  6.096246e-01  2.625774e-01
-3.034263e-01  1.365237e+00  7.261118e-01  2.373978e-01
-9.723556e-01  7.299629e-01  3.749720e-01  9.527128e-01
-1.039067e+00  8.213275e-01  2.687643e-01  9.900334e-01
-9.448177e-01  6.962208e-01  9.461454e-01  6.966173e-01
-9.848137e-01  7.513577e-01  1.157714e+00  4.048724e-01
-1.020186e+00  8.025045e-01  2.409343e-01  4.011874e-01
-1.186351e+00  1.031528e+00  2.361276e-01  3.638064e-01
-9.879761e-01  7.628881e-01  6.316916e-01  2.926751e-01
-1.089894e+00  9.027747e-01  6.985275e-01  2.377179e-01
-1.225950e+00  3.982528e-01  4.224060e-01  1.018621e+00
-1.315794e+00  3.983594e-01  2.878431e-01  1.048143e+00
-1.159556e+00  4.057975e-01  9.844388e-01  7.464389e-01
-1.206300e+00  4.064286e-01  1.206948e+00  4.047574e-01
-1.305118e+00  3.773395e-01  2.344399e-01  3.552573e-01
-1.498806e+00  3.866456e-01  2.327601e-01  3.458382e-01
-1.255413e+00  3.735985e-01  6.195219e-01  2.693951e-01
-1.378228e+00  3.766643e-01  6.890293e-01  2.277009e-01
-2.395707e-01  4.242274e-01  4.225751e-01  1.067973e+00
-2.226059e-01  3.342365e-01  2.566653e-01  1.103776e+00
-2.398458e-01  3.998520e-01  1.021351e+00  8.041389e-01
-2.344229e-01  3.556112e-01  1.307139e+00  3.762688e-01
-2.555890e-01  4.994893e-01  2.571012e-01  4.975727e-01
-2.222548e-01  3.141543e-01  2.363807e-01  5.238832e-01
-2.488234e-01  4.874171e-01  6.820182e-01  3.416824e-01
-2.228445e-01  3.321238e-01  7.857057e-01  2.677535e-01
-2.473330e-01  4.078201e-01  6.005502e-01  1.388237e+00
-2.503747e-01  3.576280e-01  3.319800e-01  1.551466e+00
-2.338742e-01  3.628009e-01  1.183850e+00  1.031020e+00
-2.307039e-01  3.464549e-01  1.496225e+00  3.876971e-01
-2.348125e-01  5.198015e-01  2.229722e-01  3.124382e-01
-2.185487e-01  3.136605e-01  2.201319e-01  3.151596e-01
-2.292815e-01  5.048768e-01  6.285356e-01  2.520006e-01
-2.184303e-01  3.294681e-01  7.199591e-01  2.168422e-01
-6.384751e-01  3.079341e-01  3.981413e-01  1.029750e+00
-6.073295e-01  2.612741e-01  2.537313e-01  1.068955e+00
-6.329361e-01  2.955343e-01  9.887472e-01  7.651951e-01
-6.220803e-01  2.702663e-01  1.256788e+00  3.739356e-01
-6.825470e-01  3.426085e-01  2.507071e-01  4.880825e-01
-6.255127e-01  2.504251e-01  2.302762e-01  5.088141e-01
-6.714060e-01  3.361835e-01  6.714498e-01  3.367856e-01
-6.208584e-01  2.608506e-01  7.655748e-01  2.622262e-01
-7.364344e-01  2.499781e-01  5.173122e-01  1.244279e+00
-7.259988e-01  2.342748e-01  3.044395e-01  1.364901e+00
-6.991792e-01  2.362898e-01  1.089656e+00  9.040955e-01
-6.872280e-01  2.293345e-01  1.381795e+00  3.747042e-01
-7.809862e-01  2.669701e-01  2.221761e-01  3.316127e-01
-7.165954e-01  2.157009e-01  2.172885e-01  3.325022e-01
-7.655154e-01  2.622782e-01  6.203020e-01  2.599288e-01
-7.051512e-01  2.191057e-01  7.050571e-01  2.197399e-01
-3.921856e-01  9.905092e-01  3.903139e-01 -9.892712e-01
-4.724741e-01  1.120937e+00  2.703865e-01 -1.044570e+00
-3.755282e-01  9.556644e-01  9.712973e-01 -7.302120e-01
-4.220850e-01  1.020391e+00  1.226561e+00 -3.970942e-01
-4.209961e-01  1.065259e+00  2.389919e-01 -4.215138e-01
-6.015692e-01  1.386057e+00  2.478529e-01 -4.080518e-01
-3.975135e-01  1.029480e+00  6.363220e-01 -3.070433e-01
-5.148729e-01  1.238334e+00  7.372784e-01 -2.513892e-01
-2.731233e-01  1.044454e+00  4.688958e-01 -1.120501e+00
-3.068984e-01  1.182224e+00  3.050099e-01 -1.183818e+00
-2.682689e-01  9.948657e-01  1.036831e+00 -8.223312e-01
-2.885447e-01  1.051622e+00  1.313107e+00 -3.996509e-01
-2.583414e-01  1.101691e+00  2.228256e-01 -3.345000e-01
-3.303274e-01  1.554423e+00  2.483575e-01 -3.602203e-01
-2.538193e-01  1.070473e+00  6.096246e-01 -2.625774e-01
-3.034263e-01  1.365237e+00  7.261118e-01 -2.373978e-01
-9.723556e-01  7.299629e-01  3.749720e-01 -9.527128e-01
-1.039067e+00  8.213275e-01  2.687643e-01 -9.900334e-01
-9.448177e-01  6.962208e-01  9.461454e-01 -6.966173e-01
-9.848137e-01  7.513577e-01  1.157714e+00 -4.048724e-01
-1.020186e+00  8.025045e-01  2.409343e-01 -4.011874e-01
-1.186351e+00  1.031528e+00  2.361276e-01 -3.638064e-01
-9.879761e-01  7.628881e-01  6.316916e-01 -2.926751e-01
-1.089894e+00  9.027747e-01  6.985275e-01 -2.377179e-01
-1.225950e+00  3.982528e-01  4.224060e-01 -1.018621e+00
-1.315794e+00  3.983594e-01  2.878431e-01 -1.048143e+00
-1.159556e+00  4.057975e-01  9.844388e-01 -7.464389e-01
-1.206300e+00  4.064286e-01  1.206948e+00 -4.047574e-01
-1.305118e+00  3.773395e-01  2.344399e-01 -3.552573e-01
-1.498806e+00  3.866456e-01  2.327601e-01 -3.458382e-01
-1.255413e+00  3.735985e-01  6.195219e-01 -2.693951e-01
-1.378228e+00  3.766643e-01  6.890293e-01 -2.277009e-01
-2.395707e-01  4.242274e-01  4.225751e-01 -1.067973e+00
-2.226059e-01  3.342365e-01  2.566653e-01 -1.103776e+00
-2.398458e-01  3.998520e-01  1.021351e+00 -8.041389e-01
-2.344229e-01  3.556112e-01  1.307139e+00 -3.762688e-01
-2.555890e-01  4.994893e-01  2.571012e-01 -4.975727e-01
-2.222548e-01  3.141543e-01  2.363807e-01 -5.238832e-01
-2.488234e-01  4.874171e-01  6.820182e-01 -3.416824e-01
-2.228445e-01  3.321238e-01  7.857057e-01 -2.677535e-01
-2.473330e-01  4.078201e-01  6.005502e-01 -1.388237e+00
-2.503747e-01  3.576280e-01  3.319800e-01 -1.551466e+00
-2.338742e-01  3.628009e-01  1.183850e+00 -1.031020e+00
-2.307039e-01  3.464549e-01  1.496225e+00 -3.876971e-01
-2.348125e-01  5.198015e-01  2.229722e-01 -3.124382e-01
-2.185487e-01  3.136605e-01  2.201319e-01 -3.151596e-01
-2.292815e-01  5.048768e-01  6.285356e-01 -2.520006e-01
-2.184303e-01  3.294681e-01  7.199591e-01 -2.168422e-01
-6.384751e-01  3.079341e-01  3.981413e-01 -1.029750e+00
-6.073295e-01  2.612741e-01  2.537313e-01 -1.068955e+00
-6.329361e-01  2.955343e-01  9.887472e-01 -7.651951e-01
-6.220803e-01  2.702663e-01  1.256788e+00 -3.739356e-01
-6.825470e-01  3.426085e-01  2.507071e-01 -4.880825e-01
-6.255127e-01  2.504251e-01  2.302762e-01 -5.088141e-01
-6.714060e-01  3.361835e-01  6.714498e-01 -3.367856e-01
-6.208584e-01  2.608506e-01  7.655748e-01 -2.622262e-01
-7.364344e-01  2.499781e-01  5.173122e-01 -1.244279e+00
-7.259988e-01  2.342748e-01  3.044395e-01 -1.364901e+00
-6.991792e-01  2.362898e-01  1.089656e+00 -9.040955e-01
-6.872280e-01  2.293345e-01  1.381795e+00 -3.747042e-01
-7.809862e-01  2.669701e-01  2.221761e-01 -3.316127e-01
-7.165954e-01  2.157009e-01  2.172885e-01 -3.325022e-01
-7.655154e-01  2.622782e-01  6.203020e-01 -2.599288e-01
-7.051512e-01  2.191057e-01  7.050571e-01 -2.197399e-01
-3.921856e-01  9.905092e-01 -3.903139e-01  9.892712e-01
-4.724741e-01  1.120937e+00 -2.703865e-01  1.044570e+00
-3.755282e-01  9.556644e-01 -9.712973e-01  7.302120e-01
-4.220850e-01  1.020391e+00 -1.226561e+00  3.970942e-01
-4.209961e-01  1.065259e+00 -2.389919e-01  4.215138e-01
-6.015692e-01  1.386057e+00 -2.478529e-01  4.080518e-01
-3.975135e-01  1.029480e+00 -6.363220e-01  3.070433e-01
-5.148729e-01  1.238334e+00 -7.372784e-01  2.513892e-01
-2.731233e-01  1.044454e+00 -4.688958e-01  1.120501e+00
-3.068984e-01  1.182224e+00 -3.050099e-01  1.183818e+00
-2.682689e-01  9.948657e-01 -1.036831e+00  8.223312e-01
-2.885447e-01  1.051622e+00 -1.313107e+00  3.996509e-01
-2.583414e-01  1.101691e+00 -2.228256e-01  3.345000e-01
-3.303274e-01  1.554423e+00 -2.483575e-01  3.602203e-01
-2.538193e-01  1.070473e+00 -6.096246e-01  2.625774e-01
-3.034263e-01  1.365237e+00 -7.261118e-01  2.373978e-01
-9.723556e-01  7.299629e-01 -3.749720e-01  9.527128e-01
-1.039067e+00  8.213275e-01 -2.687643e-01  9.900334e-01
-9.448177e-01  6.962208e-01 -9.461454e-01  6.966173e-01
-9.848137e-01  7.513577e-01 -1.157714e+00  4.048724e-01
-1.020186e+00  8.025045e-01 -2.409343e-01  4.011874e-01
-1.186351e+00  1.031528e+00 -2.361276e-01  3.638064e-01
-9.879761e-01  7.628881e-01 -6.316916e-01  2.926751e-01
-1.089894e+00  9.027747e-01 -6.985275e-01  2.377179e-01
-1.225950e+00  3.982528e-01 -4.224060e-01  1.018621e+00
-1.315794e+00  3.983594e-01 -2.878431e-01  1.048143e+00
-1.159556e+00  4.057975e-01 -9.844388e-01  7.464389e-01
-1.206300e+00  4.064286e-01 -1.206948e+00  4.047574e-01
-1.305118e+00  3.773395e-01 -2.344399e-01  3.552573e-01
-1.498806e+00  3.866456e-01 -2.327601e-01  3.458382e-01
-1.255413e+00  3.735985e-01 -6.195219e-01  2.693951e-01
-1.378228e+00  3.766643e-01 -6.890293e-01  2.277009e-01
-2.395707e-01  4.242274e-01 -4.225751e-01  1.067973e+00
-2.226059e-01  3.342365e-01 -2.566653e-01  1.103776e+00
-2.398458e-01  3.998520e-01 -1.021351e+00  8.041389e-01
-2.344229e-01  3.556112e-01 -1.307139e+00  3.762688e-01
-2.555890e-01  4.994893e-01 -2.571012e-01  4.975727e-01
-2.222548e-01  3.141543e-01 -2.363807e-01  5.238832e-01
-2.488234e-01  4.874171e-01 -6.820182e-01  3.416824e-01
-2.228445e-01  3.321238e-01 -7.857057e-01  2.677535e-01
-2.473330e-01  4.078201e-01 -6.005502e-01  1.388237e+00
-2.503747e-01  3.576280e-01 -3.319800e-01  1.551466e+00
-2.338742e-01  3.628009e-01 -1.183850e+00  1.031020e+00
-2.307039e-01  3.464549e-01 -1.496225e+00  3.876971e-01
-2.348125e-01  5.198015e-01 -2.229722e-01  3.124382e-01
-2.185487e-01  3.136605e-01 -2.201319e-01  3.151596e-01
-2.292815e-01  5.048768e-01 -6.285356e-01  2.520006e-01
-2.184303e-01  3.294681e-01 -7.199591e-01  2.168422e-01
-6.384751e-01  3.079341e-01 -3.981413e-01  1.029750e+00
-6.073295e-01  2.612741e-01 -2.537313e-01  1.068955e+00
-6.329361e-01  2.955343e-01 -9.887472e-01  7.651951e-01
-6.220803e-01  2.702663e-01 -1.256788e+00  3.739356e-01
-6.825470e-01  3.426085e-01 -2.507071e-01  4.880825e-01
-6.255127e-01  2.504251e-01 -2.302762e-01  5.088141e-01
-6.714060e-01  3.361835e-01 -6.714498e-01  3.367856e-01
-6.208584e-01  2.608506e-01 -7.655748e-01  2.622262e-01
-7.364344e-01  2.499781e-01 -5.173122e-01  1.244279e+00
-7.259988e-01  2.342748e-01 -3.044395e-01  1.364901e+00
-6.991792e-01  2.362898e-01 -1.089656e+00  9.040955e-01
-6.872280e-01  2.293345e-01 -1.381795e+00  3.747042e-01
-7.809862e-01  2.669701e-01 -2.221761e-01  3.316127e-01
-7.165954e-01  2.157009e-01 -2.172885e-01  3.325022e-01
-7.655154e-01  2.622782e-01 -6.203020e-01  2.599288e-01
-7.051512e-01  2.191057e-01 -7.050571e-01  2.197399e-01
-3.921856e-01  9.905092e-01 -3.903139e-01 -9.892712e-01
-4.724741e-01  1.120937e+00 -2.703865e-01 -1.044570e+00
-3.755282e-01  9.556644e-01 -9.712973e-01 -7.302120e-01
-4.220850e-01  1.020391e+00 -1.226561e+00 -3.970942e-01
-4.209961e-01  1.065259e+00 -2.389919e-01 -4.215138e-01
-6.015692e-01  1.386057e+00 -2.478529e-01 -4.080518e-01
-3.975135e-01  1.029480e+00 -6.363220e-01 -3.070433e-01
-5.148729e-01  1.238334e+00 -7.372784e-01 -2.513892e-01
-2.731233e-01  1.044454e+00 -4.688958e-01 -1.120501e+00
-3.068984e-01  1.182224e+00 -3.050099e-01 -1.183818e+00
-2.682689e-01  9.948657e-01 -1.036831e+00 -8.223312e-01
-2.885447e-01  1.051622e+00 -1.313107e+00 -3.996509e-01
-2.583414e-01  1.101691e+00 -2.228256e-01 -3.345000e-01
-3.303274e-01  1.554423e+00 -2.483575e-01 -3.602203e-01
-2.538193e-01  1.070473e+00 -6.096246e-01 -2.625774e-01
-3.034263e-01  1.365237e+00 -7.261118e-01 -2.373978e-01
-9.723556e-01  7.299629e-01 -3.749720e-01 -9.527128e-01
-1.039067e+00  8.213275e-01 -2.687643e-01 -9.900334e-01
-9.448177e-01  6.962208e-01 -9.461454e-01 -6.966173e-01
-9.848137e-01  7.513577e-01 -1.157714e+00 -4.048724e-01
-1.020186e+00  8.025045e-01 -2.409343e-01 -4.011874e-01
-1.186351e+00  1.031528e+00 -2.361276e-01 -3.638064e-01
-9.879761e-01  7.628881e-01 -6.316916e-01 -2.926751e-01
-1.089894e+00  9.027747e-01 -6.985275e-01 -2.377179e-01
-1.225950e+00  3.982528e-01 -4.224060e-01 -1.018621e+00
-1.315794e+00  3.983594e-01 -2.878431e-01 -1.048143e+00
-1.159556e+00  4.057975e-01 -9.844388e-01 -7.464389e-01
-1.206300e+00  4.064286e-01 -1.206948e+00 -4.047574e-01
-1.305118e+00  3.773395e-01 -2.344399e-01 -3.552573e-01
-1.498806e+00  3.866456e-01 -2.327601e-01 -3.458382e-01
-1.255413e+00  3.735985e-01 -6.195219e-01 -2.693951e-01
-1.378228e+00  3.766643e-01 -6.890293e-01 -2.277009e-01
-2.395707e-01  4.242274e-01 -4.225751e-01 -1.067973e+00
-2.226059e-01  3.342365e-01 -2.566653e-01 -1.103776e+00
-2.398458e-01  3.998520e-01 -1.021351e+00 -8.041389e-01
-2.344229e-01  3.556112e-01 -1.307139e+00 -3.762688e-01
-2.555890e-01  4.994893e-01 -2.571012e-01 -4.975727e-01
-2.222548e-01  3.141543e-01 -2.363807e-01 -5.238832e-01
-2.488234e-01  4.874171e-01 -6.820182e-01 -3.416824e-01
-2.228445e-01  3.321238e-01 -7.857057e-01 -2.677535e-01
-2.473330e-01  4.078201e-01 -6.005502e-01 -1.388237e+00
-2.503747e-01  3.576280e-01 -3.319800e-01 -1.551466e+00
-2.338742e-01  3.628009e-01 -1.183850e+00 -1.031020e+00
-2.307039e-01  3.464549e-01 -1.496225e+00 -3.876971e-01
-2.348125e-01  5.198015e-01 -2.229722e-01 -3.124382e-01
-2.185487e-01  3.136605e-01 -2.201319e-01 -3.151596e-01
-2.292815e-01  5.048768e-01 -6.285356e-01 -2.520006e-01
-2.184303e-01  3.294681e-01 -7.199591e-01 -2.168422e-01
-6.384751e-01  3.079341e-01 -3.981413e-01 -1.029750e+00
-6.073295e-01  2.612741e-01 -2.537313e-01 -1.068955e+00
-6.329361e-01  2.955343e-01 -9.887472e-01 -7.651951e-01
-6.220803e-01  2.702663e-01 -1.256788e+00 -3.739356e-01
-6.825470e-01  3.426085e-01 -2.507071e-01 -4.880825e-01
-6.255127e-01  2.504251e-01 -2.302762e-01 -5.088141e-01
-6.714060e-01  3.361835e-01 -6.714498e-01 -3.367856e-01
-6.208584e-01  2.608506e-01 -7.655748e-01 -2.622262e-01
-7.364344e-01  2.499781e-01 -5.173122e-01 -1.244279e+00
-7.259988e-01  2.342748e-01 -3.044395e-01 -1.364901e+00
-6.991792e-01  2.362898e-01 -1.089656e+00 -9.040955e-01
-6.872280e-01  2.293345e-01 -1.381795e+00 -3.747042e-01
-7.809862e-01  2.669701e-01 -2.221761e-01 -3.316127e-01
-7.165954e-01  2.157009e-01 -2.172885e-01 -3.325022e-01
-7.655154e-01  2.622782e-01 -6.203020e-01 -2.599288e-01
-7.051512e-01  2.191057e-01 -7.050571e-01 -2.197399e-01
-3.921856e-01 -9.905092e-01  3.903139e-01  9.892712e-01
-4.724741e-01 -1.120937e+00  2.703865e-01  1.044570e+00
-3.755282e-01 -9.556644e-01  9.712973e-01  7.302120e-01
-4.220850e-01 -1.020391e+00  1.226561e+00  3.970942e-01
-4.209961e-01 -1.065259e+00  2.389919e-01  4.215138e-01
-6.015692e-01 -1.386057e+00  2.478529e-01  4.080518e-01
-3.975135e-01 -1.029480e+00  6.363220e-01  3.070433e-01
-5.148729e-01 -1.238334e+00  7.372784e-01  2.513892e-01
-2.731233e-01 -1.044454e+00  4.688958e-01  1.120501e+00
-3.068984e-01 -1.182224e+00  3.050099e-01  1.183818e+00
-2.682689e-01 -9.948657e-01  1.036831e+00  8.223312e-01
-2.885447e-01 -1.051622e+00  1.313107e+00  3.996509e-01
-2.583414e-01 -1.101691e+00  2.228256e-01  3.345000e-01
-3.303274e-01 -1.554423e+00  2.483575e-01  3.602203e-01
-2.538193e-01 -1.070473e+00  6.096246e-01  2.625774e-01
-3.034263e-01 -1.365237e+00  7.261118e-01  2.373978e-01
-9.723556e-01 -7.299629e-01  3.749720e-01  9.527128e-01
-1.039067e+00 -8.213275e-01  2.687643e-01  9.900334e-01
-9.448177e-01 -6.962208e-01  9.461454e-01  6.966173e-01
-9.848137e-01 -7.513577e-01  1.157714e+00  4.048724e-01
-1.020186e+00 -8.025045e-01  2.409343e-01  4.011874e-01
-1.186351e+00 -1.031528e+00  2.361276e-01  3.638064e-01
-9.879761e-01 -7.628881e-01  6.316916e-01  2.926751e-01
-1.089894e+00 -9.027747e-01  6.985275e-01  2.377179e-01
-1.225950e+00 -3.982528e-01  4.224060e-01  1.018621e+00
-1.315794e+00 -3.983594e-01  2.878431e-01  1.048143e+00
-1.159556e+00 -4.057975e-01  9.844388e-01  7.464389e-01
-1.206300e+00 -4.064286e-01  1.206948e+00  4.047574e-01
-1.305118e+00 -3.773395e-01  2.344399e-01  3.552573e-01
-1.498806e+00 -3.866456e-01  2.327601e-01  3.458382e-01
-1.255413e+00 -3.735985e-01  6.195219e-01  2.693951e-01
-1.378228e+00 -3.766643e-01  6.890293e-01  2.277009e-01
-2.395707e-01 -4.242274e-01  4.225751e-01  1.067973e+00
-2.226059e-01 -3.342365e-01  2.566653e-01  1.103776e+00
-2.398458e-01 -3.998520e-01  1.021351e+00  8.041389e-01
-2.344229e-01 -3.556112e-01  1.307139e+00  3.762688e-01
-2.555890e-01 -4.994893e-01  2.571012e-01  4.975727e-01
-2.222548e-01 -3.141543e-01  2.363807e-01  5.238832e-01
-2.488234e-01 -4.874171e-01  6.820182e-01  3.416824e-01
-2.228445e-01 -3.321238e-01  7.857057e-01  2.677535e-01
-2.473330e-01 -4.078201e-01  6.005502e-01  1.388237e+00
-2.503747e-01 -3.576280e-01  3.319800e-01  1.551466e+00
-2.338742e-01 -3.628009e-01  1.183850e+00  1.031020e+00
-2.307039e-01 -3.464549e-01  1.496225e+00  3.876971e-01
-2.348125e-01 -5.198015e-01  2.229722e-01  3.124382e-01
-2.185487e-01 -3.136605e-01  2.201319e-01  3.151596e-01
-2.292815e-01 -5.048768e-01  6.285356e-01  2.520006e-01
-2.184303e-01 -3.294681e-01  7.199591e-01  2.168422e-01
-6.384751e-01 -3.079341e-01  3.981413e-01  1.029750e+00
-6.073295e-01 -2.612741e-01  2.537313e-01  1.068955e+00
-6.329361e-01 -2.955343e-01  9.887472e-01  7.651951e-01
-6.220803e-01 -2.702663e-01  1.256788e+00  3.739356e-01
-6.825470e-01 -3.426085e-01  2.507071e-01  4.880825e-01
-6.255127e-01 -2.504251e-01  2.302762e-01  5.088141e-01
-6.714060e-01 -3.361835e-01  6.714498e-01  3.367856e-01
-6.208584e-01 -2.608506e-01  7.655748e-01  2.622262e-01
-7.364344e-01 -2.499781e-01  5.173122e-01  1.244279e+00
-7.259988e-01 -2.342748e-01  3.044395e-01  1.364901e+00
-6.991792e-01 -2.362898e-01  1.089656e+00  9.040955e-01
-6.872280e-01 -2.293345e-01  1.381795e+00  3.747042e-01
-7.809862e-01 -2.669701e-01  2.221761e-01  3.316127e-01
-7.165954e-01 -2.157009e-01  2.172885e-01  3.325022e-01
-7.655154e-01 -2.622782e-01  6.203020e-01  2.599288e-01
-7.051512e-01 -2.191057e-01  7.050571e-01  2.197399e-01
-3.921856e-01 -9.905092e-01  3.903139e-01 -9.892712e-01
-4.724741e-01 -1.120937e+00  2.703865e-01 -1.044570e+00
-3.755282e-01 -9.556644e-01  9.712973e-01 -7.302120e-01
-4.220850e-01 -1.020391e+00  1.226561e+00 -3.970942e-01
-4.209961e-01 -1.065259e+00  2.389919e-01 -4.215138e-01
-6.015692e-01 -1.386057e+00  2.478529e-01 -4.080518e-01
-3.975135e-01 -1.029480e+00  6.363220e-01 -3.070433e-01
-5.148729e-01 -1.238334e+00  7.372784e-01 -2.513892e-01
-2.731233e-01 -1.044454e+00  4.688958e-01 -1.120501e+00
-3.068984e-01 -1.182224e+00  3.050099e-01 -1.183818e+00
-2.682689e-01 -9.948657e-01  1.036831e+00 -8.223312e-01
-2.885447e-01 -1.051622e+00  1.313107e+00 -3.996509e-01
-2.583414e-01 -1.101691e+00  2.228256e-01 -3.345000e-01
-3.303274e-01 -1.554423e+00  2.483575e-01 -3.602203e-01
-2.538193e-01 -1.070473e+00  6.096246e-01 -2.625774e-01
-3.034263e-01 -1.365237e+00  7.261118e-01 -2.373978e-01
-9.723556e-01 -7.299629e-01  3.749720e-01 -9.527128e-01
-1.039067e+00 -8.213275e-01  2.687643e-01 -9.900334e-01
-9.448177e-01 -6.962208e-01  9.461454e-01 -6.966173e-01
-9.848137e-01 -7.513577e-01  1.157714e+00 -4.048724e-01
-1.020186e+00 -8.025045e-01  2.409343e-01 -4.011874e-01
-1.186351e+00 -1.031528e+00  2.361276e-01 -3.638064e-01
-9.879761e-01 -7.628881e-01  6.316916e-01 -2.926751e-01
-1.089894e+00 -9.027747e-01  6.985275e-01 -2.377179e-01
-1.225950e+00 -3.982528e-01  4.224060e-01 -1.018621e+00
-1.315794e+00 -3.983594e-01  2.878431e-01 -1.048143e+00
-1.159556e+00 -4.057975e-01  9.844388e-01 -7.464389e-01
-1.206300e+00 -4.064286e-01  1.206948e+00 -4.047574e-01
-1.305118e+00 -3.773395e-01  2.344399e-01 -3.552573e-01
-1.498806e+00 -3.866456e-01  2.327601e-01 -3.458382e-01
-1.255413e+00 -3.735985e-01  6.195219e-01 -2.693951e-01
-1.378228e+00 -3.766643e-01  6.890293e-01 -2.277009e-01
-2.395707e-01 -4.242274e-01  4.225751e-01 -1.067973e+00
-2.226059e-01 -3.342365e-01  2.566653e-01 -1.103776e+00
-2.398458e-01 -3.998520e-01  1.021351e+00 -8.041389e-01
-2.344229e-01 -3.556112e-01  1.307139e+00 -3.762688e-01
-2.555890e-01 -4.994893e-01  2.571012e-01 -4.975727e-01
-2.222548e-01 -3.141543e-01  2.363807e-01 -5.238832e-01
-2.488234e-01 -4.874171e-01  6.820182e-01 -3.416824e-01
-2.228445e-01 -3.321238e-01  7.857057e-01 -2.677535e-01
-2.473330e-01 -4.078201e-01  6.005502e-01 -1.388237e+00
-2.503747e-01 -3.576280e-01  3.319800e-01 -1.551466e+00
-2.338742e-01 -3.628009e-01  1.183850e+00 -1.031020e+00
-2.307039e-01 -3.464549e-01  1.496225e+00 -3.876971e-01
-2.348125e-01 -5.198015e-01  2.229722e-01 -3.124382e-01
-2.185487e-01 -3.136605e-01  2.201319e-01 -3.151596e-01
-2.292815e-01 -5.048768e-01  6.285356e-01 -2.520006e-01
-2.184303e-01 -3.294681e-01  7.199591e-01 -2.168422e-01
-6.384751e-01 -3.079341e-01  3.981413e-01 -1.029750e+00
-6.073295e-01 -2.612741e-01  2.537313e-01 -1.068955e+00
-6.329361e-01 -2.955343e-01  9.887472e-01 -7.651951e-01
-6.220803e-01 -2.702663e-01  1.256788e+00 -3.739356e-01
-6.825470e-01 -3.426085e-01  2.507071e-01 -4.880825e-01
-6.255127e-01 -2.504251e-01  2.302762e-01 -5.088141e-01
-6.714060e-01 -3.361835e-01  6.714498e-01 -3.367856e-01
-6.208584e-01 -2.608506e-01  7.655748e-01 -2.622262e-01
-7.364344e-01 -2.499781e-01  5.173122e-01 -1.244279e+00
-7.259988e-01 -2.342748e-01  3.044395e-01 -1.364901e+00
-6.991792e-01 -2.362898e-01  1.089656e+00 -9.040955e-01
-6.872280e-01 -2.293345e-01  1.381795e+00 -3.747042e-01
-7.809862e-01 -2.669701e-01  2.221761e-01 -3.316127e-01
-7.165954e-01 -2.157009e-01  2.172885e-01 -3.325022e-01
-7.655154e-01 -2.622782e-01  6.203020e-01 -2.599288e-01
-7.051512e-01 -2.191057e-01  7.050571e-01 -2.197399e-01
-3.921856e-01 -9.905092e-01 -3.903139e-01  9.892712e-01
-4.724741e-01 -1.120937e+00 -2.703865e-01  1.044570e+00
-3.755282e-01 -9.556644e-01 -9.712973e-01  7.302120e-01
-4.220850e-01 -1.020391e+00 -1.226561e+00  3.970942e-01
-4.209961e-01 -1.065259e+00 -2.389919e-01  4.215138e-01
-6.015692e-01 -1.386057e+00 -2.478529e-01  4.080518e-01
-3.975135e-01 -1.029480e+00 -6.363220e-01  3.070433e-01
-5.148729e-01 -1.238334e+00 -7.372784e-01  2.513892e-01
-2.731233e-01 -1.044454e+00 -4.688958e-01  1.120501e+00
-3.068984e-01 -1.182224e+00 -3.050099e-01  1.183818e+00
-2.682689e-01 -9.948657e-01 -1.036831e+00  8.223312e-01
-2.885447e-01 -1.051622e+00 -1.313107e+00  3.996509e-01
-2.583414e-01 -1.101691e+00 -2.228256e-01  3.345000e-01
-3.303274e-01 -1.554423e+00 -2.483575e-01  3.602203e-01
-2.538193e-01 -1.070473e+00 -6.096246e-01  2.625774e-01
-3.034263e-01 -1.365237e+00 -7.261118e-01  2.373978e-01
-9.723556e-01 -7.299629e-01 -3.749720e-01  9.527128e-01
-1.039067e+00 -8.213275e-01 -2.687643e-01  9.900334e-01
-9.448177e-01 -6.962208e-01 -9.461454e-01  6.966173e-01
-9.848137e-01 -7.513577e-01 -1.157714e+00  4.048724e-01
-1.020186e+00 -8.025045e-01 -2.409343e-01  4.011874e-01
-1.186351e+00 -1.031528e+00 -2.361276e-01  3.638064e-01
-9.879761e-01 -7.628881e-01 -6.316916e-01  2.926751e-01
-1.089894e+00 -9.027747e-01 -6.985275e-01  2.377179e-01
-1.225950e+00 -3.982528e-01 -4.224060e-01  1.018621e+00
-1.315794e+00 -3.983594e-01 -2.878431e-01  1.048143e+00
-1.159556e+00 -4.057975e-01 -9.844388e-01  7.464389e-01
-1.206300e+00 -4.064286e-01 -1.206948e+00  4.047574e-01
-1.305118e+00 -3.773395e-01 -2.344399e-01  3.552573e-01
-1.498806e+00 -3.866456e-01 -2.327601e-01  3.458382e-01
-1.255413e+00 -3.735985e-01 -6.195219e-01  2.693951e-01
-1.378228e+00 -3.766643e-01 -6.890293e-01  2.277009e-01
-2.395707e-01 -4.242274e-01 -4.225751e-01  1.067973e+00
-2.226059e-01 -3.342365e-01 -2.566653e-01  1.103776e+00
-2.398458e-01 -3.998520e-01 -1.021351e+00  8.041389e-01
-2.344229e-01 -3.556112e-01 -1.307139e+00  3.762688e-01
-2.555890e-01 -4.994893e-01 -2.571012e-01  4.975727e-01
-2.222548e-01 -3.141543e-01 -2.363807e-01  5.238832e-01
-2.488234e-01 -4.874171e-01 -6.820182e-01  3.416824e-01
-2.228445e-01 -3.321238e-01 -7.857057e-01  2.677535e-01
-2.473330e-01 -4.078201e-01 -6.005502e-01  1.388237e+00
-2.503747e-01 -3.576280e-01 -3.319800e-01  1.551466e+00
-2.338742e-01 -3.628009e-01 -1.183850e+00  1.031020e+00
-2.307039e-01 -3.464549e-01 -1.496225e+00  3.876971e-01
-2.348125e-01 -5.198015e-01 -2.229722e-01  3.124382e-01
-2.185487e-01 -3.136605e-01 -2.201319e-01  3.151596e-01
-2.292815e-01 -5.048768e-01 -6.285356e-01  2.520006e-01
-2.184303e-01 -3.294681e-01 -7.199591e-01  2.168422e-01
-6.384751e-01 -3.079341e-01 -3.981413e-01  1.029750e+00
-6.073295e-01 -2.612741e-01 -2.537313e-01  1.068955e+00
-6.329361e-01 -2.955343e-01 -9.887472e-01  7.651951e-01
-6.220803e-01 -2.702663e-01 -1.256788e+00  3.739356e-01
-6.825470e-01 -3.426085e-01 -2.507071e-01  4.880825e-01
-6.255127e-01 -2.504251e-01 -2.302762e-01  5.088141e-01
-6.714060e-01 -3.361835e-01 -6.714498e-01  3.367856e-01
-6.208584e-01 -2.608506e-01 -7.655748e-01  2.622262e-01
-7.364344e-01 -2.499781e-01 -5.173122e-01  1.244279e+00
-7.259988e-01 -2.342748e-01 -3.044395e-01  1.364901e+00
-6.991792e-01 -2.362898e-01 -1.089656e+00  9.040955e-01
-6.872280e-01 -2.293345e-01 -1.381795e+00  3.747042e-01
-7.809862e-01 -2.669701e-01 -2.221761e-01  3.316127e-01
-7.165954e-01 -2.157009e-01 -2.172885e-01  3.325022e-01
-7.655154e-01 -2.622782e-01 -6.203020e-01  2.599288e-01
-7.051512e-01 -2.191057e-01 -7.050571e-01  2.197399e-01
-3.921856e-01 -9.905092e-01 -3.903139e-01 -9.892712e-01
-4.724741e-01 -1.120937e+00 -2.703865e-01 -1.044570e+00
-3.755282e-01 -9.556644e-01 -9.712973e-01 -7.302120e-01
-4.220850e-01 -1.020391e+00 -1.226561e+00 -3.970942e-01
-4.209961e-01 -1.065259e+00 -2.389919e-01 -4.215138e-01
-6.015692e-01 -1.386057e+00 -2.478529e-01 -4.080518e-01
-3.975135e-01 -1.029480e+00 -6.363220e-01 -3.070433e-01
-5.148729e-01 -1.238334e+00 -7.372784e-01 -2.513892e-01
-2.731233e-01 -1.044454e+00 -4.688958e-01 -1.120501e+00
-3.068984e-01 -1.182224e+00 -3.050099e-01 -1.183818e+00
-2.682689e-01 -9.948657e-01 -1.036831e+00 -8.223312e-01
-2.885447e-01 -1.051622e+00 -1.313107e+00 -3.996509e-01
-2.583414e-01 -1.101691e+00 -2.228256e-01 -3.345000e-01
-3.303274e-01 -1.554423e+00 -2.483575e-01 -3.602203e-01
-2.538193e-01 -1.070473e+00 -6.096246e-01 -2.625774e-01
-3.034263e-01 -1.365237e+00 -7.261118e-01 -2.373978e-01
-9.723556e-01 -7.299629e-01 -3.749720e-01 -9.527128e-01
-1.039067e+00 -8.213275e-01 -2.687643e-01 -9.900334e-01
-9.448177e-01 -6.962208e-01 -9.461454e-01 -6.966173e-01
-9.848137e-01 -7.513577e-01 -1.157714e+00 -4.048724e-01
-1.020186e+00 -8.025045e-01 -2.409343e-01 -4.011874e-01
-1.186351e+00 -1.031528e+00 -2.361276e-01 -3.638064e-01
-9.879761e-01 -7.628881e-01 -6.316916e-01 -2.926751e-01
-1.089894e+00 -9.027747e-01 -6.985275e-01 -2.377179e-01
-1.225950e+00 -3.982528e-01 -4.224060e-01 -1.018621e+00
-1.315794e+00 -3.983594e-01 -2.878431e-01 -1.048143e+00
-1.159556e+00 -4.057975e-01 -9.844388e-01 -7.464389e-01
-1.206300e+00 -4.064286e-01 -1.206948e+00 -4.047574e-01
-1.305118e+00 -3.773395e-01 -2.344399e-01 -3.552573e-01
-1.498806e+00 -3.866456e-01 -2.327601e-01 -3.458382e-01
-1.255413e+00 -3.735985e-01 -6.195219e-01 -2.693951e-01
-1.378228e+00 -3.766643e-01 -6.890293e-01 -2.277009e-01
-2.395707e-01 -4.242274e-01 -4.225751e-01 -1.067973e+00
-2.226059e-01 -3.342365e-01 -2.566653e-01 -1.103776e+00
-2.398458e-01 -3.998520e-01 -1.021351e+00 -8.041389e-01
-2.344229e-01 -3.556112e-01 -1.307139e+00 -3.762688e-01
-2.555890e-01 -4.994893e-01 -2.571012e-01 -4.975727e-01
-2.222548e-01 -3.141543e-01 -2.363807e-01 -5.238832e-01
-2.488234e-01 -4.874171e-01 -6.820182e-01 -3.416824e-01
-2.228445e-01 -3.321238e-01 -7.857057e-01 -2.677535e-01
-2.473330e-01 -4.078201e-01 -6.005502e-01 -1.388237e+00
-2.503747e-01 -3.576280e-01 -3.319800e-01 -1.551466e+00
-2.338742e-01 -3.628009e-01 -1.183850e+00 -1.031020e+00
-2.307039e-01 -3.464549e-01 -1.496225e+00 -3.876971e-01
-2.348125e-01 -5.198015e-01 -2.229722e-01 -3.124382e-01
-2.185487e-01 -3.136605e-01 -2.201319e-01 -3.151596e-01
-2.292815e-01 -5.048768e-01 -6.285356e-01 -2.520006e-01
-2.184303e-01 -3.294681e-01 -7.199591e-01 -2.168422e-01
-6.384751e-01 -3.079341e-01 -3.981413e-01 -1.029750e+00
-6.073295e-01 -2.612741e-01 -2.537313e-01 -1.068955e+00
-6.329361e-01 -2.955343e-01 -9.887472e-01 -7.651951e-01
-6.220803e-01 -2.702663e-01 -1.256788e+00 -3.739356e-01
-6.825470e-01 -3.426085e-01 -2.507071e-01 -4.880825e-01
-6.255127e-01 -2.504251e-01 -2.302762e-01 -5.088141e-01
-6.714060e-01 -3.361835e-01 -6.714498e-01 -3.367856e-01
-6.208584e-01 -2.608506e-01 -7.655748e-01 -2.622262e-01
-7.364344e-01 -2.499781e-01 -5.173122e-01 -1.244279e+00
-7.259988e-01 -2.342748e-01 -3.044395e-01 -1.364901e+00
-6.991792e-01 -2.362898e-01 -1.089656e+00 -9.040955e-01
-6.872280e-01 -2.293345e-01 -1.381795e+00 -3.747042e-01
-7.809862e-01 -2.669701e-01 -2.221761e-01 -3.316127e-01
-7.165954e-01 -2.157009e-01 -2.172885e-01 -3.325022e-01
-7.655154e-01 -2.622782e-01 -6.203020e-01 -2.599288e-01
-7.051512e-01 -2.191057e-01 -7.050571e-01 -2.197399e-01
