 1.169225e+00  4.428252e-01  4.672425e-01  4.665578e-01
 4.665533e-01  4.669375e-01  4.430251e-01  1.168980e+00
 4.664667e-01  4.674566e-01  1.170463e+00  4.433322e-01
 4.426128e-01  1.169581e+00  4.666511e-01  4.670301e-01
 1.169225e+00  4.428252e-01  4.672425e-01 -4.665578e-01
 4.665533e-01  4.669375e-01  4.430251e-01 -1.168980e+00
 4.664667e-01  4.674566e-01  1.170463e+00 -4.433322e-01
 4.426128e-01  1.169581e+00  4.666511e-01 -4.670301e-01
 1.169225e+00  4.428252e-01 -4.672425e-01  4.665578e-01
 4.665533e-01  4.669375e-01 -4.430251e-01  1.168980e+00
 4.664667e-01  4.674566e-01 -1.170463e+00  4.433322e-01
 4.426128e-01  1.169581e+00 -4.666511e-01  4.670301e-01
 1.169225e+00  4.428252e-01 -4.672425e-01 -4.665578e-01
 4.665533e-01  4.669375e-01 -4.430251e-01 -1.168980e+00
 4.664667e-01  4.674566e-01 -1.170463e+00 -4.433322e-01
 4.426128e-01  1.169581e+00 -4.666511e-01 -4.670301e-01
 1.169225e+00 -4.428252e-01  4.672425e-01  4.665578e-01
 4.665533e-01 -4.669375e-01  4.430251e-01  1.168980e+00
 4.664667e-01 -4.674566e-01  1.170463e+00  4.433322e-01
 4.426128e-01 -1.169581e+00  4.666511e-01  4.670301e-01
 1.169225e+00 -4.428252e-01  4.672425e-01 -4.665578e-01
 4.665533e-01 -4.669375e-01  4.430251e-01 -1.168980e+00
 4.664667e-01 -4.674566e-01  1.170463e+00 -4.433322e-01
 4.426128e-01 -1.169581e+00  4.666511e-01 -4.670301e-01
 1.169225e+00 -4.428252e-01 -4.672425e-01  4.665578e-01
 4.665533e-01 -4.669375e-01 -4.430251e-01  1.168980e+00
 4.664667e-01 -4.674566e-01 -1.170463e+00  4.433322e-01
 4.426128e-01 -1.169581e+00 -4.666511e-01  4.670301e-01
 1.169225e+00 -4.428252e-01 -4.672425e-01 -4.665578e-01
 4.665533e-01 -4.669375e-01 -4.430251e-01 -1.168980e+00
 4.664667e-01 -4.674566e-01 -1.170463e+00 -4.433322e-01
 4.426128e-01 -1.169581e+00 -4.666511e-01 -4.670301e-01
-1.169225e+00  4.428252e-01  4.672425e-01  4.665578e-01
-4.665533e-01  4.669375e-01  4.430251e-01  1.168980e+00
-4.664667e-01  4.674566e-01  1.170463e+00  4.433322e-01
-4.426128e-01  1.169581e+00  4.666511e-01  4.670301e-01
-1.169225e+00  4.428252e-01  4.672425e-01 -4.665578e-01
-4.665533e-01  4.669375e-01  4.430251e-01 -1.168980e+00
-4.664667e-01  4.674566e-01  1.170463e+00 -4.433322e-01
-4.426128e-01  1.169581e+00  4.666511e-01 -4.670301e-01
-1.169225e+00  4.428252e-01 -4.672425e-01  4.665578e-01
-4.665533e-01  4.669375e-01 -4.430251e-01  1.168980e+00
-4.664667e-01  4.674566e-01 -1.170463e+00  4.433322e-01
-4.426128e-01  1.169581e+00 -4.666511e-01  4.670301e-01
-1.169225e+00  4.428252e-01 -4.672425e-01 -4.665578e-01
-4.665533e-01  4.669375e-01 -4.430251e-01 -1.168980e+00
-4.664667e-01  4.674566e-01 -1.170463e+00 -4.433322e-01
-4.426128e-01  1.169581e+00 -4.666511e-01 -4.670301e-01
-1.169225e+00 -4.428252e-01  4.672425e-01  4.665578e-01
-4.665533e-01 -4.669375e-01  4.430251e-01  1.168980e+00
-4.664667e-01 -4.674566e-01  1.170463e+00  4.433322e-01
-4.426128e-01 -1.169581e+00  4.666511e-01  4.670301e-01
-1.169225e+00 -4.428252e-01  4.672425e-01 -4.665578e-01
-4.665533e-01 -4.669375e-01  4.430251e-01 -1.168980e+00
-4.664667e-01 -4.674566e-01  1.170463e+00 -4.433322e-01
-4.426128e-01 -1.169581e+00  4.666511e-01 -4.670301e-01
-1.169225e+00 -4.428252e-01 -4.672425e-01  4.665578e-01
-4.665533e-01 -4.669375e-01 -4.430251e-01  1.168980e+00
-4.664667e-01 -4.674566e-01 -1.170463e+00  4.433322e-01
-4.426128e-01 -1.169581e+00 -4.666511e-01  4.670301e-01
-1.169225e+00 -4.428252e-01 -4.672425e-01 -4.665578e-01
-4.665533e-01 -4.669375e-01 -4.430251e-01 -1.168980e+00
-4.664667e-01 -4.674566e-01 -1.170463e+00 -4.433322e-01
-4.426128e-01 -1.169581e+00 -4.666511e-01 -4.670301e-01
