 8.198305e-01  1.203137e+00  2.578683e-01  8.686193e-01
 2.552409e-01  8.411918e-01  4.019825e-01  1.470194e+00
 3.077318e-01  8.820555e-01  1.137813e+00  1.003615e+00
 2.974307e-01  8.571047e-01  1.507239e+00  3.867267e-01
 5.584680e-01  1.056699e+00  1.832934e-01  5.215112e-01
 3.705832e-01  1.035607e+00  1.965450e-01  1.556264e-01
 1.009005e+00  1.338017e+00  2.760345e-01  2.675698e-01
 6.858551e-01  1.153689e+00  5.795732e-01  1.778920e-01
 3.270353e-01  1.434590e+00  3.067133e-01  9.327827e-01
 1.991735e-01  1.053915e+00  2.377762e-01  1.176200e+00
 3.209741e-01  1.245095e+00  8.529058e-01  8.099617e-01
 3.171992e-01  1.262296e+00  1.139852e+00  2.818635e-01
 2.108027e-01  1.194437e+00  2.351726e-01  6.106254e-01
 2.327948e-01  1.528906e+00  2.462208e-01  2.420190e-01
 2.050662e-01  1.159023e+00  6.317930e-01  5.523503e-01
 2.690043e-01  1.289617e+00  6.995247e-01  2.057507e-01
 9.940183e-01  7.615699e-01  2.824551e-01  9.088423e-01
 7.725533e-01  7.725804e-01  3.266804e-01  1.370032e+00
 9.876692e-01  8.285950e-01  8.276204e-01  8.011216e-01
 1.027274e+00  8.641272e-01  1.071090e+00  2.999302e-01
 9.307684e-01  7.159389e-01  1.925744e-01  5.223843e-01
 8.448706e-01  6.759622e-01  2.045348e-01  1.766916e-01
 1.373721e+00  8.630657e-01  3.137840e-01  3.095321e-01
 9.890545e-01  7.594434e-01  6.191803e-01  1.893882e-01
 1.243026e+00  2.804512e-01  2.714061e-01  9.055930e-01
 1.104234e+00  2.954229e-01  3.517200e-01  1.384266e+00
 1.269451e+00  2.854811e-01  7.815830e-01  7.680420e-01
 1.270836e+00  2.861718e-01  1.056010e+00  2.861170e-01
 1.153708e+00  2.506080e-01  1.949436e-01  5.106946e-01
 1.029696e+00  2.236408e-01  2.213328e-01  1.781609e-01
 1.581878e+00  3.035544e-01  3.224770e-01  3.006461e-01
 1.162780e+00  2.565144e-01  6.339427e-01  1.843369e-01
 1.726783e-01  3.901922e-01  5.369298e-01  1.062126e+00
 1.701849e-01  2.889551e-01  2.252146e-01  1.247609e+00
 2.246559e-01  5.831524e-01  9.409816e-01  8.099307e-01
 2.327655e-01  6.227041e-01  1.204033e+00  2.546358e-01
 1.794660e-01  5.847815e-01  2.397981e-01  6.352335e-01
 1.946719e-01  6.406492e-01  2.398979e-01  1.991749e-01
 1.950669e-01  5.899754e-01  6.849709e-01  5.518916e-01
 2.088602e-01  6.410851e-01  7.418075e-01  1.797500e-01
 2.528760e-01  2.173591e-01  9.442666e-01  1.312079e+00
 2.777115e-01  2.290795e-01  3.779068e-01  1.660821e+00
 2.531522e-01  2.142606e-01  1.206146e+00  8.166442e-01
 2.508587e-01  2.131790e-01  1.418935e+00  2.885299e-01
 1.779133e-01  1.649344e-01  2.485672e-01  5.978214e-01
 1.786922e-01  1.927856e-01  2.588574e-01  1.892393e-01
 2.014093e-01  1.515229e-01  7.646424e-01  5.384174e-01
 2.082728e-01  1.837997e-01  8.305470e-01  1.723894e-01
 5.980535e-01  4.882488e-01  3.184603e-01  9.479676e-01
 5.239506e-01  4.427477e-01  2.131702e-01  1.212213e+00
 6.617023e-01  5.629845e-01  8.462461e-01  7.959788e-01
 6.808118e-01  5.968899e-01  1.147221e+00  2.571624e-01
 5.514454e-01  5.196318e-01  2.521461e-01  6.236119e-01
 5.472776e-01  5.143587e-01  2.561000e-01  2.024709e-01
 5.696163e-01  5.317829e-01  6.655236e-01  5.471932e-01
 6.099423e-01  5.695446e-01  7.282696e-01  2.021451e-01
 7.665331e-01  1.585294e-01  3.032530e-01  9.278793e-01
 6.881491e-01  1.702273e-01  3.534193e-01  1.345936e+00
 7.753823e-01  2.121268e-01  1.027585e+00  8.691453e-01
 7.765271e-01  2.245883e-01  1.335679e+00  3.125766e-01
 6.165057e-01  1.667414e-01  2.446481e-01  5.910554e-01
 5.959600e-01  1.798324e-01  2.471304e-01  1.945110e-01
 6.277035e-01  1.543484e-01  7.173457e-01  5.419185e-01
 6.888775e-01  1.767374e-01  7.704720e-01  1.903852e-01
 8.198305e-01  1.203137e+00  2.578683e-01 -8.686193e-01
 2.552409e-01  8.411918e-01  4.019825e-01 -1.470194e+00
 3.077318e-01  8.820555e-01  1.137813e+00 -1.003615e+00
 2.974307e-01  8.571047e-01  1.507239e+00 -3.867267e-01
 5.584680e-01  1.056699e+00  1.832934e-01 -5.215112e-01
 3.705832e-01  1.035607e+00  1.965450e-01 -1.556264e-01
 1.009005e+00  1.338017e+00  2.760345e-01 -2.675698e-01
 6.858551e-01  1.153689e+00  5.795732e-01 -1.778920e-01
 3.270353e-01  1.434590e+00  3.067133e-01 -9.327827e-01
 1.991735e-01  1.053915e+00  2.377762e-01 -1.176200e+00
 3.209741e-01  1.245095e+00  8.529058e-01 -8.099617e-01
 3.171992e-01  1.262296e+00  1.139852e+00 -2.818635e-01
 2.108027e-01  1.194437e+00  2.351726e-01 -6.106254e-01
 2.327948e-01  1.528906e+00  2.462208e-01 -2.420190e-01
 2.050662e-01  1.159023e+00  6.317930e-01 -5.523503e-01
 2.690043e-01  1.289617e+00  6.995247e-01 -2.057507e-01
 9.940183e-01  7.615699e-01  2.824551e-01 -9.088423e-01
 7.725533e-01  7.725804e-01  3.266804e-01 -1.370032e+00
 9.876692e-01  8.285950e-01  8.276204e-01 -8.011216e-01
 1.027274e+00  8.641272e-01  1.071090e+00 -2.999302e-01
 9.307684e-01  7.159389e-01  1.925744e-01 -5.223843e-01
 8.448706e-01  6.759622e-01  2.045348e-01 -1.766916e-01
 1.373721e+00  8.630657e-01  3.137840e-01 -3.095321e-01
 9.890545e-01  7.594434e-01  6.191803e-01 -1.893882e-01
 1.243026e+00  2.804512e-01  2.714061e-01 -9.055930e-01
 1.104234e+00  2.954229e-01  3.517200e-01 -1.384266e+00
 1.269451e+00  2.854811e-01  7.815830e-01 -7.680420e-01
 1.270836e+00  2.861718e-01  1.056010e+00 -2.861170e-01
 1.153708e+00  2.506080e-01  1.949436e-01 -5.106946e-01
 1.029696e+00  2.236408e-01  2.213328e-01 -1.781609e-01
 1.581878e+00  3.035544e-01  3.224770e-01 -3.006461e-01
 1.162780e+00  2.565144e-01  6.339427e-01 -1.843369e-01
 1.726783e-01  3.901922e-01  5.369298e-01 -1.062126e+00
 1.701849e-01  2.889551e-01  2.252146e-01 -1.247609e+00
 2.246559e-01  5.831524e-01  9.409816e-01 -8.099307e-01
 2.327655e-01  6.227041e-01  1.204033e+00 -2.546358e-01
 1.794660e-01  5.847815e-01  2.397981e-01 -6.352335e-01
 1.946719e-01  6.406492e-01  2.398979e-01 -1.991749e-01
 1.950669e-01  5.899754e-01  6.849709e-01 -5.518916e-01
 2.088602e-01  6.410851e-01  7.418075e-01 -1.797500e-01
 2.528760e-01  2.173591e-01  9.442666e-01 -1.312079e+00
 2.777115e-01  2.290795e-01  3.779068e-01 -1.660821e+00
 2.531522e-01  2.142606e-01  1.206146e+00 -8.166442e-01
 2.508587e-01  2.131790e-01  1.418935e+00 -2.885299e-01
 1.779133e-01  1.649344e-01  2.485672e-01 -5.978214e-01
 1.786922e-01  1.927856e-01  2.588574e-01 -1.892393e-01
 2.014093e-01  1.515229e-01  7.646424e-01 -5.384174e-01
 2.082728e-01  1.837997e-01  8.305470e-01 -1.723894e-01
 5.980535e-01  4.882488e-01  3.184603e-01 -9.479676e-01
 5.239506e-01  4.427477e-01  2.131702e-01 -1.212213e+00
 6.617023e-01  5.629845e-01  8.462461e-01 -7.959788e-01
 6.808118e-01  5.968899e-01  1.147221e+00 -2.571624e-01
 5.514454e-01  5.196318e-01  2.521461e-01 -6.236119e-01
 5.472776e-01  5.143587e-01  2.561000e-01 -2.024709e-01
 5.696163e-01  5.317829e-01  6.655236e-01 -5.471932e-01
 6.099423e-01  5.695446e-01  7.282696e-01 -2.021451e-01
 7.665331e-01  1.585294e-01  3.032530e-01 -9.278793e-01
 6.881491e-01  1.702273e-01  3.534193e-01 -1.345936e+00
 7.753823e-01  2.121268e-01  1.027585e+00 -8.691453e-01
 7.765271e-01  2.245883e-01  1.335679e+00 -3.125766e-01
 6.165057e-01  1.667414e-01  2.446481e-01 -5.910554e-01
 5.959600e-01  1.798324e-01  2.471304e-01 -1.945110e-01
 6.277035e-01  1.543484e-01  7.173457e-01 -5.419185e-01
 6.888775e-01  1.767374e-01  7.704720e-01 -1.903852e-01
 8.198305e-01  1.203137e+00 -2.578683e-01  8.686193e-01
 2.552409e-01  8.411918e-01 -4.019825e-01  1.470194e+00
 3.077318e-01  8.820555e-01 -1.137813e+00  1.003615e+00
 2.974307e-01  8.571047e-01 -1.507239e+00  3.867267e-01
 5.584680e-01  1.056699e+00 -1.832934e-01  5.215112e-01
 3.705832e-01  1.035607e+00 -1.965450e-01  1.556264e-01
 1.009005e+00  1.338017e+00 -2.760345e-01  2.675698e-01
 6.858551e-01  1.153689e+00 -5.795732e-01  1.778920e-01
 3.270353e-01  1.434590e+00 -3.067133e-01  9.327827e-01
 1.991735e-01  1.053915e+00 -2.377762e-01  1.176200e+00
 3.209741e-01  1.245095e+00 -8.529058e-01  8.099617e-01
 3.171992e-01  1.262296e+00 -1.139852e+00  2.818635e-01
 2.108027e-01  1.194437e+00 -2.351726e-01  6.106254e-01
 2.327948e-01  1.528906e+00 -2.462208e-01  2.420190e-01
 2.050662e-01  1.159023e+00 -6.317930e-01  5.523503e-01
 2.690043e-01  1.289617e+00 -6.995247e-01  2.057507e-01
 9.940183e-01  7.615699e-01 -2.824551e-01  9.088423e-01
 7.725533e-01  7.725804e-01 -3.266804e-01  1.370032e+00
 9.876692e-01  8.285950e-01 -8.276204e-01  8.011216e-01
 1.027274e+00  8.641272e-01 -1.071090e+00  2.999302e-01
 9.307684e-01  7.159389e-01 -1.925744e-01  5.223843e-01
 8.448706e-01  6.759622e-01 -2.045348e-01  1.766916e-01
 1.373721e+00  8.630657e-01 -3.137840e-01  3.095321e-01
 9.890545e-01  7.594434e-01 -6.191803e-01  1.893882e-01
 1.243026e+00  2.804512e-01 -2.714061e-01  9.055930e-01
 1.104234e+00  2.954229e-01 -3.517200e-01  1.384266e+00
 1.269451e+00  2.854811e-01 -7.815830e-01  7.680420e-01
 1.270836e+00  2.861718e-01 -1.056010e+00  2.861170e-01
 1.153708e+00  2.506080e-01 -1.949436e-01  5.106946e-01
 1.029696e+00  2.236408e-01 -2.213328e-01  1.781609e-01
 1.581878e+00  3.035544e-01 -3.224770e-01  3.006461e-01
 1.162780e+00  2.565144e-01 -6.339427e-01  1.843369e-01
 1.726783e-01  3.901922e-01 -5.369298e-01  1.062126e+00
 1.701849e-01  2.889551e-01 -2.252146e-01  1.247609e+00
 2.246559e-01  5.831524e-01 -9.409816e-01  8.099307e-01
 2.327655e-01  6.227041e-01 -1.204033e+00  2.546358e-01
 1.794660e-01  5.847815e-01 -2.397981e-01  6.352335e-01
 1.946719e-01  6.406492e-01 -2.398979e-01  1.991749e-01
 1.950669e-01  5.899754e-01 -6.849709e-01  5.518916e-01
 2.088602e-01  6.410851e-01 -7.418075e-01  1.797500e-01
 2.528760e-01  2.173591e-01 -9.442666e-01  1.312079e+00
 2.777115e-01  2.290795e-01 -3.779068e-01  1.660821e+00
 2.531522e-01  2.142606e-01 -1.206146e+00  8.166442e-01
 2.508587e-01  2.131790e-01 -1.418935e+00  2.885299e-01
 1.779133e-01  1.649344e-01 -2.485672e-01  5.978214e-01
 1.786922e-01  1.927856e-01 -2.588574e-01  1.892393e-01
 2.014093e-01  1.515229e-01 -7.646424e-01  5.384174e-01
 2.082728e-01  1.837997e-01 -8.305470e-01  1.723894e-01
 5.980535e-01  4.882488e-01 -3.184603e-01  9.479676e-01
 5.239506e-01  4.427477e-01 -2.131702e-01  1.212213e+00
 6.617023e-01  5.629845e-01 -8.462461e-01  7.959788e-01
 6.808118e-01  5.968899e-01 -1.147221e+00  2.571624e-01
 5.514454e-01  5.196318e-01 -2.521461e-01  6.236119e-01
 5.472776e-01  5.143587e-01 -2.561000e-01  2.024709e-01
 5.696163e-01  5.317829e-01 -6.655236e-01  5.471932e-01
 6.099423e-01  5.695446e-01 -7.282696e-01  2.021451e-01
 7.665331e-01  1.585294e-01 -3.032530e-01  9.278793e-01
 6.881491e-01  1.702273e-01 -3.534193e-01  1.345936e+00
 7.753823e-01  2.121268e-01 -1.027585e+00  8.691453e-01
 7.765271e-01  2.245883e-01 -1.335679e+00  3.125766e-01
 6.165057e-01  1.667414e-01 -2.446481e-01  5.910554e-01
 5.959600e-01  1.798324e-01 -2.471304e-01  1.945110e-01
 6.277035e-01  1.543484e-01 -7.173457e-01  5.419185e-01
 6.888775e-01  1.767374e-01 -7.704720e-01  1.903852e-01
 8.198305e-01  1.203137e+00 -2.578683e-01 -8.686193e-01
 2.552409e-01  8.411918e-01 -4.019825e-01 -1.470194e+00
 3.077318e-01  8.820555e-01 -1.137813e+00 -1.003615e+00
 2.974307e-01  8.571047e-01 -1.507239e+00 -3.867267e-01
 5.584680e-01  1.056699e+00 -1.832934e-01 -5.215112e-01
 3.705832e-01  1.035607e+00 -1.965450e-01 -1.556264e-01
 1.009005e+00  1.338017e+00 -2.760345e-01 -2.675698e-01
 6.858551e-01  1.153689e+00 -5.795732e-01 -1.778920e-01
 3.270353e-01  1.434590e+00 -3.067133e-01 -9.327827e-01
 1.991735e-01  1.053915e+00 -2.377762e-01 -1.176200e+00
 3.209741e-01  1.245095e+00 -8.529058e-01 -8.099617e-01
 3.171992e-01  1.262296e+00 -1.139852e+00 -2.818635e-01
 2.108027e-01  1.194437e+00 -2.351726e-01 -6.106254e-01
 2.327948e-01  1.528906e+00 -2.462208e-01 -2.420190e-01
 2.050662e-01  1.159023e+00 -6.317930e-01 -5.523503e-01
 2.690043e-01  1.289617e+00 -6.995247e-01 -2.057507e-01
 9.940183e-01  7.615699e-01 -2.824551e-01 -9.088423e-01
 7.725533e-01  7.725804e-01 -3.266804e-01 -1.370032e+00
 9.876692e-01  8.285950e-01 -8.276204e-01 -8.011216e-01
 1.027274e+00  8.641272e-01 -1.071090e+00 -2.999302e-01
 9.307684e-01  7.159389e-01 -1.925744e-01 -5.223843e-01
 8.448706e-01  6.759622e-01 -2.045348e-01 -1.766916e-01
 1.373721e+00  8.630657e-01 -3.137840e-01 -3.095321e-01
 9.890545e-01  7.594434e-01 -6.191803e-01 -1.893882e-01
 1.243026e+00  2.804512e-01 -2.714061e-01 -9.055930e-01
 1.104234e+00  2.954229e-01 -3.517200e-01 -1.384266e+00
 1.269451e+00  2.854811e-01 -7.815830e-01 -7.680420e-01
 1.270836e+00  2.861718e-01 -1.056010e+00 -2.861170e-01
 1.153708e+00  2.506080e-01 -1.949436e-01 -5.106946e-01
 1.029696e+00  2.236408e-01 -2.213328e-01 -1.781609e-01
 1.581878e+00  3.035544e-01 -3.224770e-01 -3.006461e-01
 1.162780e+00  2.565144e-01 -6.339427e-01 -1.843369e-01
 1.726783e-01  3.901922e-01 -5.369298e-01 -1.062126e+00
 1.701849e-01  2.889551e-01 -2.252146e-01 -1.247609e+00
 2.246559e-01  5.831524e-01 -9.409816e-01 -8.099307e-01
 2.327655e-01  6.227041e-01 -1.204033e+00 -2.546358e-01
 1.794660e-01  5.847815e-01 -2.397981e-01 -6.352335e-01
 1.946719e-01  6.406492e-01 -2.398979e-01 -1.991749e-01
 1.950669e-01  5.899754e-01 -6.849709e-01 -5.518916e-01
 2.088602e-01  6.410851e-01 -7.418075e-01 -1.797500e-01
 2.528760e-01  2.173591e-01 -9.442666e-01 -1.312079e+00
 2.777115e-01  2.290795e-01 -3.779068e-01 -1.660821e+00
 2.531522e-01  2.142606e-01 -1.206146e+00 -8.166442e-01
 2.508587e-01  2.131790e-01 -1.418935e+00 -2.885299e-01
 1.779133e-01  1.649344e-01 -2.485672e-01 -5.978214e-01
 1.786922e-01  1.927856e-01 -2.588574e-01 -1.892393e-01
 2.014093e-01  1.515229e-01 -7.646424e-01 -5.384174e-01
 2.082728e-01  1.837997e-01 -8.305470e-01 -1.723894e-01
 5.980535e-01  4.882488e-01 -3.184603e-01 -9.479676e-01
 5.239506e-01  4.427477e-01 -2.131702e-01 -1.212213e+00
 6.617023e-01  5.629845e-01 -8.462461e-01 -7.959788e-01
 6.808118e-01  5.968899e-01 -1.147221e+00 -2.571624e-01
 5.514454e-01  5.196318e-01 -2.521461e-01 -6.236119e-01
 5.472776e-01  5.143587e-01 -2.561000e-01 -2.024709e-01
 5.696163e-01  5.317829e-01 -6.655236e-01 -5.471932e-01
 6.099423e-01  5.695446e-01 -7.282696e-01 -2.021451e-01
 7.665331e-01  1.585294e-01 -3.032530e-01 -9.278793e-01
 6.881491e-01  1.702273e-01 -3.534193e-01 -1.345936e+00
 7.753823e-01  2.121268e-01 -1.027585e+00 -8.691453e-01
 7.765271e-01  2.245883e-01 -1.335679e+00 -3.125766e-01
 6.165057e-01  1.667414e-01 -2.446481e-01 -5.910554e-01
 5.959600e-01  1.798324e-01 -2.471304e-01 -1.945110e-01
 6.277035e-01  1.543484e-01 -7.173457e-01 -5.419185e-01
 6.888775e-01  1.767374e-01 -7.704720e-01 -1.903852e-01
 8.198305e-01 -1.203137e+00  2.578683e-01  8.686193e-01
 2.552409e-01 -8.411918e-01  4.019825e-01  1.470194e+00
 3.077318e-01 -8.820555e-01  1.137813e+00  1.003615e+00
 2.974307e-01 -8.571047e-01  1.507239e+00  3.867267e-01
 5.584680e-01 -1.056699e+00  1.832934e-01  5.215112e-01
 3.705832e-01 -1.035607e+00  1.965450e-01  1.556264e-01
 1.009005e+00 -1.338017e+00  2.760345e-01  2.675698e-01
 6.858551e-01 -1.153689e+00  5.795732e-01  1.778920e-01
 3.270353e-01 -1.434590e+00  3.067133e-01  9.327827e-01
 1.991735e-01 -1.053915e+00  2.377762e-01  1.176200e+00
 3.209741e-01 -1.245095e+00  8.529058e-01  8.099617e-01
 3.171992e-01 -1.262296e+00  1.139852e+00  2.818635e-01
 2.108027e-01 -1.194437e+00  2.351726e-01  6.106254e-01
 2.327948e-01 -1.528906e+00  2.462208e-01  2.420190e-01
 2.050662e-01 -1.159023e+00  6.317930e-01  5.523503e-01
 2.690043e-01 -1.289617e+00  6.995247e-01  2.057507e-01
 9.940183e-01 -7.615699e-01  2.824551e-01  9.088423e-01
 7.725533e-01 -7.725804e-01  3.266804e-01  1.370032e+00
 9.876692e-01 -8.285950e-01  8.276204e-01  8.011216e-01
 1.027274e+00 -8.641272e-01  1.071090e+00  2.999302e-01
 9.307684e-01 -7.159389e-01  1.925744e-01  5.223843e-01
 8.448706e-01 -6.759622e-01  2.045348e-01  1.766916e-01
 1.373721e+00 -8.630657e-01  3.137840e-01  3.095321e-01
 9.890545e-01 -7.594434e-01  6.191803e-01  1.893882e-01
 1.243026e+00 -2.804512e-01  2.714061e-01  9.055930e-01
 1.104234e+00 -2.954229e-01  3.517200e-01  1.384266e+00
 1.269451e+00 -2.854811e-01  7.815830e-01  7.680420e-01
 1.270836e+00 -2.861718e-01  1.056010e+00  2.861170e-01
 1.153708e+00 -2.506080e-01  1.949436e-01  5.106946e-01
 1.029696e+00 -2.236408e-01  2.213328e-01  1.781609e-01
 1.581878e+00 -3.035544e-01  3.224770e-01  3.006461e-01
 1.162780e+00 -2.565144e-01  6.339427e-01  1.843369e-01
 1.726783e-01 -3.901922e-01  5.369298e-01  1.062126e+00
 1.701849e-01 -2.889551e-01  2.252146e-01  1.247609e+00
 2.246559e-01 -5.831524e-01  9.409816e-01  8.099307e-01
 2.327655e-01 -6.227041e-01  1.204033e+00  2.546358e-01
 1.794660e-01 -5.847815e-01  2.397981e-01  6.352335e-01
 1.946719e-01 -6.406492e-01  2.398979e-01  1.991749e-01
 1.950669e-01 -5.899754e-01  6.849709e-01  5.518916e-01
 2.088602e-01 -6.410851e-01  7.418075e-01  1.797500e-01
 2.528760e-01 -2.173591e-01  9.442666e-01  1.312079e+00
 2.777115e-01 -2.290795e-01  3.779068e-01  1.660821e+00
 2.531522e-01 -2.142606e-01  1.206146e+00  8.166442e-01
 2.508587e-01 -2.131790e-01  1.418935e+00  2.885299e-01
 1.779133e-01 -1.649344e-01  2.485672e-01  5.978214e-01
 1.786922e-01 -1.927856e-01  2.588574e-01  1.892393e-01
 2.014093e-01 -1.515229e-01  7.646424e-01  5.384174e-01
 2.082728e-01 -1.837997e-01  8.305470e-01  1.723894e-01
 5.980535e-01 -4.882488e-01  3.184603e-01  9.479676e-01
 5.239506e-01 -4.427477e-01  2.131702e-01  1.212213e+00
 6.617023e-01 -5.629845e-01  8.462461e-01  7.959788e-01
 6.808118e-01 -5.968899e-01  1.147221e+00  2.571624e-01
 5.514454e-01 -5.196318e-01  2.521461e-01  6.236119e-01
 5.472776e-01 -5.143587e-01  2.561000e-01  2.024709e-01
 5.696163e-01 -5.317829e-01  6.655236e-01  5.471932e-01
 6.099423e-01 -5.695446e-01  7.282696e-01  2.021451e-01
 7.665331e-01 -1.585294e-01  3.032530e-01  9.278793e-01
 6.881491e-01 -1.702273e-01  3.534193e-01  1.345936e+00
 7.753823e-01 -2.121268e-01  1.027585e+00  8.691453e-01
 7.765271e-01 -2.245883e-01  1.335679e+00  3.125766e-01
 6.165057e-01 -1.667414e-01  2.446481e-01  5.910554e-01
 5.959600e-01 -1.798324e-01  2.471304e-01  1.945110e-01
 6.277035e-01 -1.543484e-01  7.173457e-01  5.419185e-01
 6.888775e-01 -1.767374e-01  7.704720e-01  1.903852e-01
 8.198305e-01 -1.203137e+00  2.578683e-01 -8.686193e-01
 2.552409e-01 -8.411918e-01  4.019825e-01 -1.470194e+00
 3.077318e-01 -8.820555e-01  1.137813e+00 -1.003615e+00
 2.974307e-01 -8.571047e-01  1.507239e+00 -3.867267e-01
 5.584680e-01 -1.056699e+00  1.832934e-01 -5.215112e-01
 3.705832e-01 -1.035607e+00  1.965450e-01 -1.556264e-01
 1.009005e+00 -1.338017e+00  2.760345e-01 -2.675698e-01
 6.858551e-01 -1.153689e+00  5.795732e-01 -1.778920e-01
 3.270353e-01 -1.434590e+00  3.067133e-01 -9.327827e-01
 1.991735e-01 -1.053915e+00  2.377762e-01 -1.176200e+00
 3.209741e-01 -1.245095e+00  8.529058e-01 -8.099617e-01
 3.171992e-01 -1.262296e+00  1.139852e+00 -2.818635e-01
 2.108027e-01 -1.194437e+00  2.351726e-01 -6.106254e-01
 2.327948e-01 -1.528906e+00  2.462208e-01 -2.420190e-01
 2.050662e-01 -1.159023e+00  6.317930e-01 -5.523503e-01
 2.690043e-01 -1.289617e+00  6.995247e-01 -2.057507e-01
 9.940183e-01 -7.615699e-01  2.824551e-01 -9.088423e-01
 7.725533e-01 -7.725804e-01  3.266804e-01 -1.370032e+00
 9.876692e-01 -8.285950e-01  8.276204e-01 -8.011216e-01
 1.027274e+00 -8.641272e-01  1.071090e+00 -2.999302e-01
 9.307684e-01 -7.159389e-01  1.925744e-01 -5.223843e-01
 8.448706e-01 -6.759622e-01  2.045348e-01 -1.766916e-01
 1.373721e+00 -8.630657e-01  3.137840e-01 -3.095321e-01
 9.890545e-01 -7.594434e-01  6.191803e-01 -1.893882e-01
 1.243026e+00 -2.804512e-01  2.714061e-01 -9.055930e-01
 1.104234e+00 -2.954229e-01  3.517200e-01 -1.384266e+00
 1.269451e+00 -2.854811e-01  7.815830e-01 -7.680420e-01
 1.270836e+00 -2.861718e-01  1.056010e+00 -2.861170e-01
 1.153708e+00 -2.506080e-01  1.949436e-01 -5.106946e-01
 1.029696e+00 -2.236408e-01  2.213328e-01 -1.781609e-01
 1.581878e+00 -3.035544e-01  3.224770e-01 -3.006461e-01
 1.162780e+00 -2.565144e-01  6.339427e-01 -1.843369e-01
 1.726783e-01 -3.901922e-01  5.369298e-01 -1.062126e+00
 1.701849e-01 -2.889551e-01  2.252146e-01 -1.247609e+00
 2.246559e-01 -5.831524e-01  9.409816e-01 -8.099307e-01
 2.327655e-01 -6.227041e-01  1.204033e+00 -2.546358e-01
 1.794660e-01 -5.847815e-01  2.397981e-01 -6.352335e-01
 1.946719e-01 -6.406492e-01  2.398979e-01 -1.991749e-01
 1.950669e-01 -5.899754e-01  6.849709e-01 -5.518916e-01
 2.088602e-01 -6.410851e-01  7.418075e-01 -1.797500e-01
 2.528760e-01 -2.173591e-01  9.442666e-01 -1.312079e+00
 2.777115e-01 -2.290795e-01  3.779068e-01 -1.660821e+00
 2.531522e-01 -2.142606e-01  1.206146e+00 -8.166442e-01
 2.508587e-01 -2.131790e-01  1.418935e+00 -2.885299e-01
 1.779133e-01 -1.649344e-01  2.485672e-01 -5.978214e-01
 1.786922e-01 -1.927856e-01  2.588574e-01 -1.892393e-01
 2.014093e-01 -1.515229e-01  7.646424e-01 -5.384174e-01
 2.082728e-01 -1.837997e-01  8.305470e-01 -1.723894e-01
 5.980535e-01 -4.882488e-01  3.184603e-01 -9.479676e-01
 5.239506e-01 -4.427477e-01  2.131702e-01 -1.212213e+00
 6.617023e-01 -5.629845e-01  8.462461e-01 -7.959788e-01
 6.808118e-01 -5.968899e-01  1.147221e+00 -2.571624e-01
 5.514454e-01 -5.196318e-01  2.521461e-01 -6.236119e-01
 5.472776e-01 -5.143587e-01  2.561000e-01 -2.024709e-01
 5.696163e-01 -5.317829e-01  6.655236e-01 -5.471932e-01
 6.099423e-01 -5.695446e-01  7.282696e-01 -2.021451e-01
 7.665331e-01 -1.585294e-01  3.032530e-01 -9.278793e-01
 6.881491e-01 -1.702273e-01  3.534193e-01 -1.345936e+00
 7.753823e-01 -2.121268e-01  1.027585e+00 -8.691453e-01
 7.765271e-01 -2.245883e-01  1.335679e+00 -3.125766e-01
 6.165057e-01 -1.667414e-01  2.446481e-01 -5.910554e-01
 5.959600e-01 -1.798324e-01  2.471304e-01 -1.945110e-01
 6.277035e-01 -1.543484e-01  7.173457e-01 -5.419185e-01
 6.888775e-01 -1.767374e-01  7.704720e-01 -1.903852e-01
 8.198305e-01 -1.203137e+00 -2.578683e-01  8.686193e-01
 2.552409e-01 -8.411918e-01 -4.019825e-01  1.470194e+00
 3.077318e-01 -8.820555e-01 -1.137813e+00  1.003615e+00
 2.974307e-01 -8.571047e-01 -1.507239e+00  3.867267e-01
 5.584680e-01 -1.056699e+00 -1.832934e-01  5.215112e-01
 3.705832e-01 -1.035607e+00 -1.965450e-01  1.556264e-01
 1.009005e+00 -1.338017e+00 -2.760345e-01  2.675698e-01
 6.858551e-01 -1.153689e+00 -5.795732e-01  1.778920e-01
 3.270353e-01 -1.434590e+00 -3.067133e-01  9.327827e-01
 1.991735e-01 -1.053915e+00 -2.377762e-01  1.176200e+00
 3.209741e-01 -1.245095e+00 -8.529058e-01  8.099617e-01
 3.171992e-01 -1.262296e+00 -1.139852e+00  2.818635e-01
 2.108027e-01 -1.194437e+00 -2.351726e-01  6.106254e-01
 2.327948e-01 -1.528906e+00 -2.462208e-01  2.420190e-01
 2.050662e-01 -1.159023e+00 -6.317930e-01  5.523503e-01
 2.690043e-01 -1.289617e+00 -6.995247e-01  2.057507e-01
 9.940183e-01 -7.615699e-01 -2.824551e-01  9.088423e-01
 7.725533e-01 -7.725804e-01 -3.266804e-01  1.370032e+00
 9.876692e-01 -8.285950e-01 -8.276204e-01  8.011216e-01
 1.027274e+00 -8.641272e-01 -1.071090e+00  2.999302e-01
 9.307684e-01 -7.159389e-01 -1.925744e-01  5.223843e-01
 8.448706e-01 -6.759622e-01 -2.045348e-01  1.766916e-01
 1.373721e+00 -8.630657e-01 -3.137840e-01  3.095321e-01
 9.890545e-01 -7.594434e-01 -6.191803e-01  1.893882e-01
 1.243026e+00 -2.804512e-01 -2.714061e-01  9.055930e-01
 1.104234e+00 -2.954229e-01 -3.517200e-01  1.384266e+00
 1.269451e+00 -2.854811e-01 -7.815830e-01  7.680420e-01
 1.270836e+00 -2.861718e-01 -1.056010e+00  2.861170e-01
 1.153708e+00 -2.506080e-01 -1.949436e-01  5.106946e-01
 1.029696e+00 -2.236408e-01 -2.213328e-01  1.781609e-01
 1.581878e+00 -3.035544e-01 -3.224770e-01  3.006461e-01
 1.162780e+00 -2.565144e-01 -6.339427e-01  1.843369e-01
 1.726783e-01 -3.901922e-01 -5.369298e-01  1.062126e+00
 1.701849e-01 -2.889551e-01 -2.252146e-01  1.247609e+00
 2.246559e-01 -5.831524e-01 -9.409816e-01  8.099307e-01
 2.327655e-01 -6.227041e-01 -1.204033e+00  2.546358e-01
 1.794660e-01 -5.847815e-01 -2.397981e-01  6.352335e-01
 1.946719e-01 -6.406492e-01 -2.398979e-01  1.991749e-01
 1.950669e-01 -5.899754e-01 -6.849709e-01  5.518916e-01
 2.088602e-01 -6.410851e-01 -7.418075e-01  1.797500e-01
 2.528760e-01 -2.173591e-01 -9.442666e-01  1.312079e+00
 2.777115e-01 -2.290795e-01 -3.779068e-01  1.660821e+00
 2.531522e-01 -2.142606e-01 -1.206146e+00  8.166442e-01
 2.508587e-01 -2.131790e-01 -1.418935e+00  2.885299e-01
 1.779133e-01 -1.649344e-01 -2.485672e-01  5.978214e-01
 1.786922e-01 -1.927856e-01 -2.588574e-01  1.892393e-01
 2.014093e-01 -1.515229e-01 -7.646424e-01  5.384174e-01
 2.082728e-01 -1.837997e-01 -8.305470e-01  1.723894e-01
 5.980535e-01 -4.882488e-01 -3.184603e-01  9.479676e-01
 5.239506e-01 -4.427477e-01 -2.131702e-01  1.212213e+00
 6.617023e-01 -5.629845e-01 -8.462461e-01  7.959788e-01
 6.808118e-01 -5.968899e-01 -1.147221e+00  2.571624e-01
 5.514454e-01 -5.196318e-01 -2.521461e-01  6.236119e-01
 5.472776e-01 -5.143587e-01 -2.561000e-01  2.024709e-01
 5.696163e-01 -5.317829e-01 -6.655236e-01  5.471932e-01
 6.099423e-01 -5.695446e-01 -7.282696e-01  2.021451e-01
 7.665331e-01 -1.585294e-01 -3.032530e-01  9.278793e-01
 6.881491e-01 -1.702273e-01 -3.534193e-01  1.345936e+00
 7.753823e-01 -2.121268e-01 -1.027585e+00  8.691453e-01
 7.765271e-01 -2.245883e-01 -1.335679e+00  3.125766e-01
 6.165057e-01 -1.667414e-01 -2.446481e-01  5.910554e-01
 5.959600e-01 -1.798324e-01 -2.471304e-01  1.945110e-01
 6.277035e-01 -1.543484e-01 -7.173457e-01  5.419185e-01
 6.888775e-01 -1.767374e-01 -7.704720e-01  1.903852e-01
 8.198305e-01 -1.203137e+00 -2.578683e-01 -8.686193e-01
 2.552409e-01 -8.411918e-01 -4.019825e-01 -1.470194e+00
 3.077318e-01 -8.820555e-01 -1.137813e+00 -1.003615e+00
 2.974307e-01 -8.571047e-01 -1.507239e+00 -3.867267e-01
 5.584680e-01 -1.056699e+00 -1.832934e-01 -5.215112e-01
 3.705832e-01 -1.035607e+00 -1.965450e-01 -1.556264e-01
 1.009005e+00 -1.338017e+00 -2.760345e-01 -2.675698e-01
 6.858551e-01 -1.153689e+00 -5.795732e-01 -1.778920e-01
 3.270353e-01 -1.434590e+00 -3.067133e-01 -9.327827e-01
 1.991735e-01 -1.053915e+00 -2.377762e-01 -1.176200e+00
 3.209741e-01 -1.245095e+00 -8.529058e-01 -8.099617e-01
 3.171992e-01 -1.262296e+00 -1.139852e+00 -2.818635e-01
 2.108027e-01 -1.194437e+00 -2.351726e-01 -6.106254e-01
 2.327948e-01 -1.528906e+00 -2.462208e-01 -2.420190e-01
 2.050662e-01 -1.159023e+00 -6.317930e-01 -5.523503e-01
 2.690043e-01 -1.289617e+00 -6.995247e-01 -2.057507e-01
 9.940183e-01 -7.615699e-01 -2.824551e-01 -9.088423e-01
 7.725533e-01 -7.725804e-01 -3.266804e-01 -1.370032e+00
 9.876692e-01 -8.285950e-01 -8.276204e-01 -8.011216e-01
 1.027274e+00 -8.641272e-01 -1.071090e+00 -2.999302e-01
 9.307684e-01 -7.159389e-01 -1.925744e-01 -5.223843e-01
 8.448706e-01 -6.759622e-01 -2.045348e-01 -1.766916e-01
 1.373721e+00 -8.630657e-01 -3.137840e-01 -3.095321e-01
 9.890545e-01 -7.594434e-01 -6.191803e-01 -1.893882e-01
 1.243026e+00 -2.804512e-01 -2.714061e-01 -9.055930e-01
 1.104234e+00 -2.954229e-01 -3.517200e-01 -1.384266e+00
 1.269451e+00 -2.854811e-01 -7.815830e-01 -7.680420e-01
 1.270836e+00 -2.861718e-01 -1.056010e+00 -2.861170e-01
 1.153708e+00 -2.506080e-01 -1.949436e-01 -5.106946e-01
 1.029696e+00 -2.236408e-01 -2.213328e-01 -1.781609e-01
 1.581878e+00 -3.035544e-01 -3.224770e-01 -3.006461e-01
 1.162780e+00 -2.565144e-01 -6.339427e-01 -1.843369e-01
 1.726783e-01 -3.901922e-01 -5.369298e-01 -1.062126e+00
 1.701849e-01 -2.889551e-01 -2.252146e-01 -1.247609e+00
 2.246559e-01 -5.831524e-01 -9.409816e-01 -8.099307e-01
 2.327655e-01 -6.227041e-01 -1.204033e+00 -2.546358e-01
 1.794660e-01 -5.847815e-01 -2.397981e-01 -6.352335e-01
 1.946719e-01 -6.406492e-01 -2.398979e-01 -1.991749e-01
 1.950669e-01 -5.899754e-01 -6.849709e-01 -5.518916e-01
 2.088602e-01 -6.410851e-01 -7.418075e-01 -1.797500e-01
 2.528760e-01 -2.173591e-01 -9.442666e-01 -1.312079e+00
 2.777115e-01 -2.290795e-01 -3.779068e-01 -1.660821e+00
 2.531522e-01 -2.142606e-01 -1.206146e+00 -8.166442e-01
 2.508587e-01 -2.131790e-01 -1.418935e+00 -2.885299e-01
 1.779133e-01 -1.649344e-01 -2.485672e-01 -5.978214e-01
 1.786922e-01 -1.927856e-01 -2.588574e-01 -1.892393e-01
 2.014093e-01 -1.515229e-01 -7.646424e-01 -5.384174e-01
 2.082728e-01 -1.837997e-01 -8.305470e-01 -1.723894e-01
 5.980535e-01 -4.882488e-01 -3.184603e-01 -9.479676e-01
 5.239506e-01 -4.427477e-01 -2.131702e-01 -1.212213e+00
 6.617023e-01 -5.629845e-01 -8.462461e-01 -7.959788e-01
 6.808118e-01 -5.968899e-01 -1.147221e+00 -2.571624e-01
 5.514454e-01 -5.196318e-01 -2.521461e-01 -6.236119e-01
 5.472776e-01 -5.143587e-01 -2.561000e-01 -2.024709e-01
 5.696163e-01 -5.317829e-01 -6.655236e-01 -5.471932e-01
 6.099423e-01 -5.695446e-01 -7.282696e-01 -2.021451e-01
 7.665331e-01 -1.585294e-01 -3.032530e-01 -9.278793e-01
 6.881491e-01 -1.702273e-01 -3.534193e-01 -1.345936e+00
 7.753823e-01 -2.121268e-01 -1.027585e+00 -8.691453e-01
 7.765271e-01 -2.245883e-01 -1.335679e+00 -3.125766e-01
 6.165057e-01 -1.667414e-01 -2.446481e-01 -5.910554e-01
 5.959600e-01 -1.798324e-01 -2.471304e-01 -1.945110e-01
 6.277035e-01 -1.543484e-01 -7.173457e-01 -5.419185e-01
 6.888775e-01 -1.767374e-01 -7.704720e-01 -1.903852e-01
-8.198305e-01  1.203137e+00  2.578683e-01  8.686193e-01
-2.552409e-01  8.411918e-01  4.019825e-01  1.470194e+00
-3.077318e-01  8.820555e-01  1.137813e+00  1.003615e+00
-2.974307e-01  8.571047e-01  1.507239e+00  3.867267e-01
-5.584680e-01  1.056699e+00  1.832934e-01  5.215112e-01
-3.705832e-01  1.035607e+00  1.965450e-01  1.556264e-01
-1.009005e+00  1.338017e+00  2.760345e-01  2.675698e-01
-6.858551e-01  1.153689e+00  5.795732e-01  1.778920e-01
-3.270353e-01  1.434590e+00  3.067133e-01  9.327827e-01
-1.991735e-01  1.053915e+00  2.377762e-01  1.176200e+00
-3.209741e-01  1.245095e+00  8.529058e-01  8.099617e-01
-3.171992e-01  1.262296e+00  1.139852e+00  2.818635e-01
-2.108027e-01  1.194437e+00  2.351726e-01  6.106254e-01
-2.327948e-01  1.528906e+00  2.462208e-01  2.420190e-01
-2.050662e-01  1.159023e+00  6.317930e-01  5.523503e-01
-2.690043e-01  1.289617e+00  6.995247e-01  2.057507e-01
-9.940183e-01  7.615699e-01  2.824551e-01  9.088423e-01
-7.725533e-01  7.725804e-01  3.266804e-01  1.370032e+00
-9.876692e-01  8.285950e-01  8.276204e-01  8.011216e-01
-1.027274e+00  8.641272e-01  1.071090e+00  2.999302e-01
-9.307684e-01  7.159389e-01  1.925744e-01  5.223843e-01
-8.448706e-01  6.759622e-01  2.045348e-01  1.766916e-01
-1.373721e+00  8.630657e-01  3.137840e-01  3.095321e-01
-9.890545e-01  7.594434e-01  6.191803e-01  1.893882e-01
-1.243026e+00  2.804512e-01  2.714061e-01  9.055930e-01
-1.104234e+00  2.954229e-01  3.517200e-01  1.384266e+00
-1.269451e+00  2.854811e-01  7.815830e-01  7.680420e-01
-1.270836e+00  2.861718e-01  1.056010e+00  2.861170e-01
-1.153708e+00  2.506080e-01  1.949436e-01  5.106946e-01
-1.029696e+00  2.236408e-01  2.213328e-01  1.781609e-01
-1.581878e+00  3.035544e-01  3.224770e-01  3.006461e-01
-1.162780e+00  2.565144e-01  6.339427e-01  1.843369e-01
-1.726783e-01  3.901922e-01  5.369298e-01  1.062126e+00
-1.701849e-01  2.889551e-01  2.252146e-01  1.247609e+00
-2.246559e-01  5.831524e-01  9.409816e-01  8.099307e-01
-2.327655e-01  6.227041e-01  1.204033e+00  2.546358e-01
-1.794660e-01  5.847815e-01  2.397981e-01  6.352335e-01
-1.946719e-01  6.406492e-01  2.398979e-01  1.991749e-01
-1.950669e-01  5.899754e-01  6.849709e-01  5.518916e-01
-2.088602e-01  6.410851e-01  7.418075e-01  1.797500e-01
-2.528760e-01  2.173591e-01  9.442666e-01  1.312079e+00
-2.777115e-01  2.290795e-01  3.779068e-01  1.660821e+00
-2.531522e-01  2.142606e-01  1.206146e+00  8.166442e-01
-2.508587e-01  2.131790e-01  1.418935e+00  2.885299e-01
-1.779133e-01  1.649344e-01  2.485672e-01  5.978214e-01
-1.786922e-01  1.927856e-01  2.588574e-01  1.892393e-01
-2.014093e-01  1.515229e-01  7.646424e-01  5.384174e-01
-2.082728e-01  1.837997e-01  8.305470e-01  1.723894e-01
-5.980535e-01  4.882488e-01  3.184603e-01  9.479676e-01
-5.239506e-01  4.427477e-01  2.131702e-01  1.212213e+00
-6.617023e-01  5.629845e-01  8.462461e-01  7.959788e-01
-6.808118e-01  5.968899e-01  1.147221e+00  2.571624e-01
-5.514454e-01  5.196318e-01  2.521461e-01  6.236119e-01
-5.472776e-01  5.143587e-01  2.561000e-01  2.024709e-01
-5.696163e-01  5.317829e-01  6.655236e-01  5.471932e-01
-6.099423e-01  5.695446e-01  7.282696e-01  2.021451e-01
-7.665331e-01  1.585294e-01  3.032530e-01  9.278793e-01
-6.881491e-01  1.702273e-01  3.534193e-01  1.345936e+00
-7.753823e-01  2.121268e-01  1.027585e+00  8.691453e-01
-7.765271e-01  2.245883e-01  1.335679e+00  3.125766e-01
-6.165057e-01  1.667414e-01  2.446481e-01  5.910554e-01
-5.959600e-01  1.798324e-01  2.471304e-01  1.945110e-01
-6.277035e-01  1.543484e-01  7.173457e-01  5.419185e-01
-6.888775e-01  1.767374e-01  7.704720e-01  1.903852e-01
-8.198305e-01  1.203137e+00  2.578683e-01 -8.686193e-01
-2.552409e-01  8.411918e-01  4.019825e-01 -1.470194e+00
-3.077318e-01  8.820555e-01  1.137813e+00 -1.003615e+00
-2.974307e-01  8.571047e-01  1.507239e+00 -3.867267e-01
-5.584680e-01  1.056699e+00  1.832934e-01 -5.215112e-01
-3.705832e-01  1.035607e+00  1.965450e-01 -1.556264e-01
-1.009005e+00  1.338017e+00  2.760345e-01 -2.675698e-01
-6.858551e-01  1.153689e+00  5.795732e-01 -1.778920e-01
-3.270353e-01  1.434590e+00  3.067133e-01 -9.327827e-01
-1.991735e-01  1.053915e+00  2.377762e-01 -1.176200e+00
-3.209741e-01  1.245095e+00  8.529058e-01 -8.099617e-01
-3.171992e-01  1.262296e+00  1.139852e+00 -2.818635e-01
-2.108027e-01  1.194437e+00  2.351726e-01 -6.106254e-01
-2.327948e-01  1.528906e+00  2.462208e-01 -2.420190e-01
-2.050662e-01  1.159023e+00  6.317930e-01 -5.523503e-01
-2.690043e-01  1.289617e+00  6.995247e-01 -2.057507e-01
-9.940183e-01  7.615699e-01  2.824551e-01 -9.088423e-01
-7.725533e-01  7.725804e-01  3.266804e-01 -1.370032e+00
-9.876692e-01  8.285950e-01  8.276204e-01 -8.011216e-01
-1.027274e+00  8.641272e-01  1.071090e+00 -2.999302e-01
-9.307684e-01  7.159389e-01  1.925744e-01 -5.223843e-01
-8.448706e-01  6.759622e-01  2.045348e-01 -1.766916e-01
-1.373721e+00  8.630657e-01  3.137840e-01 -3.095321e-01
-9.890545e-01  7.594434e-01  6.191803e-01 -1.893882e-01
-1.243026e+00  2.804512e-01  2.714061e-01 -9.055930e-01
-1.104234e+00  2.954229e-01  3.517200e-01 -1.384266e+00
-1.269451e+00  2.854811e-01  7.815830e-01 -7.680420e-01
-1.270836e+00  2.861718e-01  1.056010e+00 -2.861170e-01
-1.153708e+00  2.506080e-01  1.949436e-01 -5.106946e-01
-1.029696e+00  2.236408e-01  2.213328e-01 -1.781609e-01
-1.581878e+00  3.035544e-01  3.224770e-01 -3.006461e-01
-1.162780e+00  2.565144e-01  6.339427e-01 -1.843369e-01
-1.726783e-01  3.901922e-01  5.369298e-01 -1.062126e+00
-1.701849e-01  2.889551e-01  2.252146e-01 -1.247609e+00
-2.246559e-01  5.831524e-01  9.409816e-01 -8.099307e-01
-2.327655e-01  6.227041e-01  1.204033e+00 -2.546358e-01
-1.794660e-01  5.847815e-01  2.397981e-01 -6.352335e-01
-1.946719e-01  6.406492e-01  2.398979e-01 -1.991749e-01
-1.950669e-01  5.899754e-01  6.849709e-01 -5.518916e-01
-2.088602e-01  6.410851e-01  7.418075e-01 -1.797500e-01
-2.528760e-01  2.173591e-01  9.442666e-01 -1.312079e+00
-2.777115e-01  2.290795e-01  3.779068e-01 -1.660821e+00
-2.531522e-01  2.142606e-01  1.206146e+00 -8.166442e-01
-2.508587e-01  2.131790e-01  1.418935e+00 -2.885299e-01
-1.779133e-01  1.649344e-01  2.485672e-01 -5.978214e-01
-1.786922e-01  1.927856e-01  2.588574e-01 -1.892393e-01
-2.014093e-01  1.515229e-01  7.646424e-01 -5.384174e-01
-2.082728e-01  1.837997e-01  8.305470e-01 -1.723894e-01
-5.980535e-01  4.882488e-01  3.184603e-01 -9.479676e-01
-5.239506e-01  4.427477e-01  2.131702e-01 -1.212213e+00
-6.617023e-01  5.629845e-01  8.462461e-01 -7.959788e-01
-6.808118e-01  5.968899e-01  1.147221e+00 -2.571624e-01
-5.514454e-01  5.196318e-01  2.521461e-01 -6.236119e-01
-5.472776e-01  5.143587e-01  2.561000e-01 -2.024709e-01
-5.696163e-01  5.317829e-01  6.655236e-01 -5.471932e-01
-6.099423e-01  5.695446e-01  7.282696e-01 -2.021451e-01
-7.665331e-01  1.585294e-01  3.032530e-01 -9.278793e-01
-6.881491e-01  1.702273e-01  3.534193e-01 -1.345936e+00
-7.753823e-01  2.121268e-01  1.027585e+00 -8.691453e-01
-7.765271e-01  2.245883e-01  1.335679e+00 -3.125766e-01
-6.165057e-01  1.667414e-01  2.446481e-01 -5.910554e-01
-5.959600e-01  1.798324e-01  2.471304e-01 -1.945110e-01
-6.277035e-01  1.543484e-01  7.173457e-01 -5.419185e-01
-6.888775e-01  1.767374e-01  7.704720e-01 -1.903852e-01
-8.198305e-01  1.203137e+00 -2.578683e-01  8.686193e-01
-2.552409e-01  8.411918e-01 -4.019825e-01  1.470194e+00
-3.077318e-01  8.820555e-01 -1.137813e+00  1.003615e+00
-2.974307e-01  8.571047e-01 -1.507239e+00  3.867267e-01
-5.584680e-01  1.056699e+00 -1.832934e-01  5.215112e-01
-3.705832e-01  1.035607e+00 -1.965450e-01  1.556264e-01
-1.009005e+00  1.338017e+00 -2.760345e-01  2.675698e-01
-6.858551e-01  1.153689e+00 -5.795732e-01  1.778920e-01
-3.270353e-01  1.434590e+00 -3.067133e-01  9.327827e-01
-1.991735e-01  1.053915e+00 -2.377762e-01  1.176200e+00
-3.209741e-01  1.245095e+00 -8.529058e-01  8.099617e-01
-3.171992e-01  1.262296e+00 -1.139852e+00  2.818635e-01
-2.108027e-01  1.194437e+00 -2.351726e-01  6.106254e-01
-2.327948e-01  1.528906e+00 -2.462208e-01  2.420190e-01
-2.050662e-01  1.159023e+00 -6.317930e-01  5.523503e-01
-2.690043e-01  1.289617e+00 -6.995247e-01  2.057507e-01
-9.940183e-01  7.615699e-01 -2.824551e-01  9.088423e-01
-7.725533e-01  7.725804e-01 -3.266804e-01  1.370032e+00
-9.876692e-01  8.285950e-01 -8.276204e-01  8.011216e-01
-1.027274e+00  8.641272e-01 -1.071090e+00  2.999302e-01
-9.307684e-01  7.159389e-01 -1.925744e-01  5.223843e-01
-8.448706e-01  6.759622e-01 -2.045348e-01  1.766916e-01
-1.373721e+00  8.630657e-01 -3.137840e-01  3.095321e-01
-9.890545e-01  7.594434e-01 -6.191803e-01  1.893882e-01
-1.243026e+00  2.804512e-01 -2.714061e-01  9.055930e-01
-1.104234e+00  2.954229e-01 -3.517200e-01  1.384266e+00
-1.269451e+00  2.854811e-01 -7.815830e-01  7.680420e-01
-1.270836e+00  2.861718e-01 -1.056010e+00  2.861170e-01
-1.153708e+00  2.506080e-01 -1.949436e-01  5.106946e-01
-1.029696e+00  2.236408e-01 -2.213328e-01  1.781609e-01
-1.581878e+00  3.035544e-01 -3.224770e-01  3.006461e-01
-1.162780e+00  2.565144e-01 -6.339427e-01  1.843369e-01
-1.726783e-01  3.901922e-01 -5.369298e-01  1.062126e+00
-1.701849e-01  2.889551e-01 -2.252146e-01  1.247609e+00
-2.246559e-01  5.831524e-01 -9.409816e-01  8.099307e-01
-2.327655e-01  6.227041e-01 -1.204033e+00  2.546358e-01
-1.794660e-01  5.847815e-01 -2.397981e-01  6.352335e-01
-1.946719e-01  6.406492e-01 -2.398979e-01  1.991749e-01
-1.950669e-01  5.899754e-01 -6.849709e-01  5.518916e-01
-2.088602e-01  6.410851e-01 -7.418075e-01  1.797500e-01
-2.528760e-01  2.173591e-01 -9.442666e-01  1.312079e+00
-2.777115e-01  2.290795e-01 -3.779068e-01  1.660821e+00
-2.531522e-01  2.142606e-01 -1.206146e+00  8.166442e-01
-2.508587e-01  2.131790e-01 -1.418935e+00  2.885299e-01
-1.779133e-01  1.649344e-01 -2.485672e-01  5.978214e-01
-1.786922e-01  1.927856e-01 -2.588574e-01  1.892393e-01
-2.014093e-01  1.515229e-01 -7.646424e-01  5.384174e-01
-2.082728e-01  1.837997e-01 -8.305470e-01  1.723894e-01
-5.980535e-01  4.882488e-01 -3.184603e-01  9.479676e-01
-5.239506e-01  4.427477e-01 -2.131702e-01  1.212213e+00
-6.617023e-01  5.629845e-01 -8.462461e-01  7.959788e-01
-6.808118e-01  5.968899e-01 -1.147221e+00  2.571624e-01
-5.514454e-01  5.196318e-01 -2.521461e-01  6.236119e-01
-5.472776e-01  5.143587e-01 -2.561000e-01  2.024709e-01
-5.696163e-01  5.317829e-01 -6.655236e-01  5.471932e-01
-6.099423e-01  5.695446e-01 -7.282696e-01  2.021451e-01
-7.665331e-01  1.585294e-01 -3.032530e-01  9.278793e-01
-6.881491e-01  1.702273e-01 -3.534193e-01  1.345936e+00
-7.753823e-01  2.121268e-01 -1.027585e+00  8.691453e-01
-7.765271e-01  2.245883e-01 -1.335679e+00  3.125766e-01
-6.165057e-01  1.667414e-01 -2.446481e-01  5.910554e-01
-5.959600e-01  1.798324e-01 -2.471304e-01  1.945110e-01
-6.277035e-01  1.543484e-01 -7.173457e-01  5.419185e-01
-6.888775e-01  1.767374e-01 -7.704720e-01  1.903852e-01
-8.198305e-01  1.203137e+00 -2.578683e-01 -8.686193e-01
-2.552409e-01  8.411918e-01 -4.019825e-01 -1.470194e+00
-3.077318e-01  8.820555e-01 -1.137813e+00 -1.003615e+00
-2.974307e-01  8.571047e-01 -1.507239e+00 -3.867267e-01
-5.584680e-01  1.056699e+00 -1.832934e-01 -5.215112e-01
-3.705832e-01  1.035607e+00 -1.965450e-01 -1.556264e-01
-1.009005e+00  1.338017e+00 -2.760345e-01 -2.675698e-01
-6.858551e-01  1.153689e+00 -5.795732e-01 -1.778920e-01
-3.270353e-01  1.434590e+00 -3.067133e-01 -9.327827e-01
-1.991735e-01  1.053915e+00 -2.377762e-01 -1.176200e+00
-3.209741e-01  1.245095e+00 -8.529058e-01 -8.099617e-01
-3.171992e-01  1.262296e+00 -1.139852e+00 -2.818635e-01
-2.108027e-01  1.194437e+00 -2.351726e-01 -6.106254e-01
-2.327948e-01  1.528906e+00 -2.462208e-01 -2.420190e-01
-2.050662e-01  1.159023e+00 -6.317930e-01 -5.523503e-01
-2.690043e-01  1.289617e+00 -6.995247e-01 -2.057507e-01
-9.940183e-01  7.615699e-01 -2.824551e-01 -9.088423e-01
-7.725533e-01  7.725804e-01 -3.266804e-01 -1.370032e+00
-9.876692e-01  8.285950e-01 -8.276204e-01 -8.011216e-01
-1.027274e+00  8.641272e-01 -1.071090e+00 -2.999302e-01
-9.307684e-01  7.159389e-01 -1.925744e-01 -5.223843e-01
-8.448706e-01  6.759622e-01 -2.045348e-01 -1.766916e-01
-1.373721e+00  8.630657e-01 -3.137840e-01 -3.095321e-01
-9.890545e-01  7.594434e-01 -6.191803e-01 -1.893882e-01
-1.243026e+00  2.804512e-01 -2.714061e-01 -9.055930e-01
-1.104234e+00  2.954229e-01 -3.517200e-01 -1.384266e+00
-1.269451e+00  2.854811e-01 -7.815830e-01 -7.680420e-01
-1.270836e+00  2.861718e-01 -1.056010e+00 -2.861170e-01
-1.153708e+00  2.506080e-01 -1.949436e-01 -5.106946e-01
-1.029696e+00  2.236408e-01 -2.213328e-01 -1.781609e-01
-1.581878e+00  3.035544e-01 -3.224770e-01 -3.006461e-01
-1.162780e+00  2.565144e-01 -6.339427e-01 -1.843369e-01
-1.726783e-01  3.901922e-01 -5.369298e-01 -1.062126e+00
-1.701849e-01  2.889551e-01 -2.252146e-01 -1.247609e+00
-2.246559e-01  5.831524e-01 -9.409816e-01 -8.099307e-01
-2.327655e-01  6.227041e-01 -1.204033e+00 -2.546358e-01
-1.794660e-01  5.847815e-01 -2.397981e-01 -6.352335e-01
-1.946719e-01  6.406492e-01 -2.398979e-01 -1.991749e-01
-1.950669e-01  5.899754e-01 -6.849709e-01 -5.518916e-01
-2.088602e-01  6.410851e-01 -7.418075e-01 -1.797500e-01
-2.528760e-01  2.173591e-01 -9.442666e-01 -1.312079e+00
-2.777115e-01  2.290795e-01 -3.779068e-01 -1.660821e+00
-2.531522e-01  2.142606e-01 -1.206146e+00 -8.166442e-01
-2.508587e-01  2.131790e-01 -1.418935e+00 -2.885299e-01
-1.779133e-01  1.649344e-01 -2.485672e-01 -5.978214e-01
-1.786922e-01  1.927856e-01 -2.588574e-01 -1.892393e-01
-2.014093e-01  1.515229e-01 -7.646424e-01 -5.384174e-01
-2.082728e-01  1.837997e-01 -8.305470e-01 -1.723894e-01
-5.980535e-01  4.882488e-01 -3.184603e-01 -9.479676e-01
-5.239506e-01  4.427477e-01 -2.131702e-01 -1.212213e+00
-6.617023e-01  5.629845e-01 -8.462461e-01 -7.959788e-01
-6.808118e-01  5.968899e-01 -1.147221e+00 -2.571624e-01
-5.514454e-01  5.196318e-01 -2.521461e-01 -6.236119e-01
-5.472776e-01  5.143587e-01 -2.561000e-01 -2.024709e-01
-5.696163e-01  5.317829e-01 -6.655236e-01 -5.471932e-01
-6.099423e-01  5.695446e-01 -7.282696e-01 -2.021451e-01
-7.665331e-01  1.585294e-01 -3.032530e-01 -9.278793e-01
-6.881491e-01  1.702273e-01 -3.534193e-01 -1.345936e+00
-7.753823e-01  2.121268e-01 -1.027585e+00 -8.691453e-01
-7.765271e-01  2.245883e-01 -1.335679e+00 -3.125766e-01
-6.165057e-01  1.667414e-01 -2.446481e-01 -5.910554e-01
-5.959600e-01  1.798324e-01 -2.471304e-01 -1.945110e-01
-6.277035e-01  1.543484e-01 -7.173457e-01 -5.419185e-01
-6.888775e-01  1.767374e-01 -7.704720e-01 -1.903852e-01
-8.198305e-01 -1.203137e+00  2.578683e-01  8.686193e-01
-2.552409e-01 -8.411918e-01  4.019825e-01  1.470194e+00
-3.077318e-01 -8.820555e-01  1.137813e+00  1.003615e+00
-2.974307e-01 -8.571047e-01  1.507239e+00  3.867267e-01
-5.584680e-01 -1.056699e+00  1.832934e-01  5.215112e-01
-3.705832e-01 -1.035607e+00  1.965450e-01  1.556264e-01
-1.009005e+00 -1.338017e+00  2.760345e-01  2.675698e-01
-6.858551e-01 -1.153689e+00  5.795732e-01  1.778920e-01
-3.270353e-01 -1.434590e+00  3.067133e-01  9.327827e-01
-1.991735e-01 -1.053915e+00  2.377762e-01  1.176200e+00
-3.209741e-01 -1.245095e+00  8.529058e-01  8.099617e-01
-3.171992e-01 -1.262296e+00  1.139852e+00  2.818635e-01
-2.108027e-01 -1.194437e+00  2.351726e-01  6.106254e-01
-2.327948e-01 -1.528906e+00  2.462208e-01  2.420190e-01
-2.050662e-01 -1.159023e+00  6.317930e-01  5.523503e-01
-2.690043e-01 -1.289617e+00  6.995247e-01  2.057507e-01
-9.940183e-01 -7.615699e-01  2.824551e-01  9.088423e-01
-7.725533e-01 -7.725804e-01  3.266804e-01  1.370032e+00
-9.876692e-01 -8.285950e-01  8.276204e-01  8.011216e-01
-1.027274e+00 -8.641272e-01  1.071090e+00  2.999302e-01
-9.307684e-01 -7.159389e-01  1.925744e-01  5.223843e-01
-8.448706e-01 -6.759622e-01  2.045348e-01  1.766916e-01
-1.373721e+00 -8.630657e-01  3.137840e-01  3.095321e-01
-9.890545e-01 -7.594434e-01  6.191803e-01  1.893882e-01
-1.243026e+00 -2.804512e-01  2.714061e-01  9.055930e-01
-1.104234e+00 -2.954229e-01  3.517200e-01  1.384266e+00
-1.269451e+00 -2.854811e-01  7.815830e-01  7.680420e-01
-1.270836e+00 -2.861718e-01  1.056010e+00  2.861170e-01
-1.153708e+00 -2.506080e-01  1.949436e-01  5.106946e-01
-1.029696e+00 -2.236408e-01  2.213328e-01  1.781609e-01
-1.581878e+00 -3.035544e-01  3.224770e-01  3.006461e-01
-1.162780e+00 -2.565144e-01  6.339427e-01  1.843369e-01
-1.726783e-01 -3.901922e-01  5.369298e-01  1.062126e+00
-1.701849e-01 -2.889551e-01  2.252146e-01  1.247609e+00
-2.246559e-01 -5.831524e-01  9.409816e-01  8.099307e-01
-2.327655e-01 -6.227041e-01  1.204033e+00  2.546358e-01
-1.794660e-01 -5.847815e-01  2.397981e-01  6.352335e-01
-1.946719e-01 -6.406492e-01  2.398979e-01  1.991749e-01
-1.950669e-01 -5.899754e-01  6.849709e-01  5.518916e-01
-2.088602e-01 -6.410851e-01  7.418075e-01  1.797500e-01
-2.528760e-01 -2.173591e-01  9.442666e-01  1.312079e+00
-2.777115e-01 -2.290795e-01  3.779068e-01  1.660821e+00
-2.531522e-01 -2.142606e-01  1.206146e+00  8.166442e-01
-2.508587e-01 -2.131790e-01  1.418935e+00  2.885299e-01
-1.779133e-01 -1.649344e-01  2.485672e-01  5.978214e-01
-1.786922e-01 -1.927856e-01  2.588574e-01  1.892393e-01
-2.014093e-01 -1.515229e-01  7.646424e-01  5.384174e-01
-2.082728e-01 -1.837997e-01  8.305470e-01  1.723894e-01
-5.980535e-01 -4.882488e-01  3.184603e-01  9.479676e-01
-5.239506e-01 -4.427477e-01  2.131702e-01  1.212213e+00
-6.617023e-01 -5.629845e-01  8.462461e-01  7.959788e-01
-6.808118e-01 -5.968899e-01  1.147221e+00  2.571624e-01
-5.514454e-01 -5.196318e-01  2.521461e-01  6.236119e-01
-5.472776e-01 -5.143587e-01  2.561000e-01  2.024709e-01
-5.696163e-01 -5.317829e-01  6.655236e-01  5.471932e-01
-6.099423e-01 -5.695446e-01  7.282696e-01  2.021451e-01
-7.665331e-01 -1.585294e-01  3.032530e-01  9.278793e-01
-6.881491e-01 -1.702273e-01  3.534193e-01  1.345936e+00
-7.753823e-01 -2.121268e-01  1.027585e+00  8.691453e-01
-7.765271e-01 -2.245883e-01  1.335679e+00  3.125766e-01
-6.165057e-01 -1.667414e-01  2.446481e-01  5.910554e-01
-5.959600e-01 -1.798324e-01  2.471304e-01  1.945110e-01
-6.277035e-01 -1.543484e-01  7.173457e-01  5.419185e-01
-6.888775e-01 -1.767374e-01  7.704720e-01  1.903852e-01
-8.198305e-01 -1.203137e+00  2.578683e-01 -8.686193e-01
-2.552409e-01 -8.411918e-01  4.019825e-01 -1.470194e+00
-3.077318e-01 -8.820555e-01  1.137813e+00 -1.003615e+00
-2.974307e-01 -8.571047e-01  1.507239e+00 -3.867267e-01
-5.584680e-01 -1.056699e+00  1.832934e-01 -5.215112e-01
-3.705832e-01 -1.035607e+00  1.965450e-01 -1.556264e-01
-1.009005e+00 -1.338017e+00  2.760345e-01 -2.675698e-01
-6.858551e-01 -1.153689e+00  5.795732e-01 -1.778920e-01
-3.270353e-01 -1.434590e+00  3.067133e-01 -9.327827e-01
-1.991735e-01 -1.053915e+00  2.377762e-01 -1.176200e+00
-3.209741e-01 -1.245095e+00  8.529058e-01 -8.099617e-01
-3.171992e-01 -1.262296e+00  1.139852e+00 -2.818635e-01
-2.108027e-01 -1.194437e+00  2.351726e-01 -6.106254e-01
-2.327948e-01 -1.528906e+00  2.462208e-01 -2.420190e-01
-2.050662e-01 -1.159023e+00  6.317930e-01 -5.523503e-01
-2.690043e-01 -1.289617e+00  6.995247e-01 -2.057507e-01
-9.940183e-01 -7.615699e-01  2.824551e-01 -9.088423e-01
-7.725533e-01 -7.725804e-01  3.266804e-01 -1.370032e+00
-9.876692e-01 -8.285950e-01  8.276204e-01 -8.011216e-01
-1.027274e+00 -8.641272e-01  1.071090e+00 -2.999302e-01
-9.307684e-01 -7.159389e-01  1.925744e-01 -5.223843e-01
-8.448706e-01 -6.759622e-01  2.045348e-01 -1.766916e-01
-1.373721e+00 -8.630657e-01  3.137840e-01 -3.095321e-01
-9.890545e-01 -7.594434e-01  6.191803e-01 -1.893882e-01
-1.243026e+00 -2.804512e-01  2.714061e-01 -9.055930e-01
-1.104234e+00 -2.954229e-01  3.517200e-01 -1.384266e+00
-1.269451e+00 -2.854811e-01  7.815830e-01 -7.680420e-01
-1.270836e+00 -2.861718e-01  1.056010e+00 -2.861170e-01
-1.153708e+00 -2.506080e-01  1.949436e-01 -5.106946e-01
-1.029696e+00 -2.236408e-01  2.213328e-01 -1.781609e-01
-1.581878e+00 -3.035544e-01  3.224770e-01 -3.006461e-01
-1.162780e+00 -2.565144e-01  6.339427e-01 -1.843369e-01
-1.726783e-01 -3.901922e-01  5.369298e-01 -1.062126e+00
-1.701849e-01 -2.889551e-01  2.252146e-01 -1.247609e+00
-2.246559e-01 -5.831524e-01  9.409816e-01 -8.099307e-01
-2.327655e-01 -6.227041e-01  1.204033e+00 -2.546358e-01
-1.794660e-01 -5.847815e-01  2.397981e-01 -6.352335e-01
-1.946719e-01 -6.406492e-01  2.398979e-01 -1.991749e-01
-1.950669e-01 -5.899754e-01  6.849709e-01 -5.518916e-01
-2.088602e-01 -6.410851e-01  7.418075e-01 -1.797500e-01
-2.528760e-01 -2.173591e-01  9.442666e-01 -1.312079e+00
-2.777115e-01 -2.290795e-01  3.779068e-01 -1.660821e+00
-2.531522e-01 -2.142606e-01  1.206146e+00 -8.166442e-01
-2.508587e-01 -2.131790e-01  1.418935e+00 -2.885299e-01
-1.779133e-01 -1.649344e-01  2.485672e-01 -5.978214e-01
-1.786922e-01 -1.927856e-01  2.588574e-01 -1.892393e-01
-2.014093e-01 -1.515229e-01  7.646424e-01 -5.384174e-01
-2.082728e-01 -1.837997e-01  8.305470e-01 -1.723894e-01
-5.980535e-01 -4.882488e-01  3.184603e-01 -9.479676e-01
-5.239506e-01 -4.427477e-01  2.131702e-01 -1.212213e+00
-6.617023e-01 -5.629845e-01  8.462461e-01 -7.959788e-01
-6.808118e-01 -5.968899e-01  1.147221e+00 -2.571624e-01
-5.514454e-01 -5.196318e-01  2.521461e-01 -6.236119e-01
-5.472776e-01 -5.143587e-01  2.561000e-01 -2.024709e-01
-5.696163e-01 -5.317829e-01  6.655236e-01 -5.471932e-01
-6.099423e-01 -5.695446e-01  7.282696e-01 -2.021451e-01
-7.665331e-01 -1.585294e-01  3.032530e-01 -9.278793e-01
-6.881491e-01 -1.702273e-01  3.534193e-01 -1.345936e+00
-7.753823e-01 -2.121268e-01  1.027585e+00 -8.691453e-01
-7.765271e-01 -2.245883e-01  1.335679e+00 -3.125766e-01
-6.165057e-01 -1.667414e-01  2.446481e-01 -5.910554e-01
-5.959600e-01 -1.798324e-01  2.471304e-01 -1.945110e-01
-6.277035e-01 -1.543484e-01  7.173457e-01 -5.419185e-01
-6.888775e-01 -1.767374e-01  7.704720e-01 -1.903852e-01
-8.198305e-01 -1.203137e+00 -2.578683e-01  8.686193e-01
-2.552409e-01 -8.411918e-01 -4.019825e-01  1.470194e+00
-3.077318e-01 -8.820555e-01 -1.137813e+00  1.003615e+00
-2.974307e-01 -8.571047e-01 -1.507239e+00  3.867267e-01
-5.584680e-01 -1.056699e+00 -1.832934e-01  5.215112e-01
-3.705832e-01 -1.035607e+00 -1.965450e-01  1.556264e-01
-1.009005e+00 -1.338017e+00 -2.760345e-01  2.675698e-01
-6.858551e-01 -1.153689e+00 -5.795732e-01  1.778920e-01
-3.270353e-01 -1.434590e+00 -3.067133e-01  9.327827e-01
-1.991735e-01 -1.053915e+00 -2.377762e-01  1.176200e+00
-3.209741e-01 -1.245095e+00 -8.529058e-01  8.099617e-01
-3.171992e-01 -1.262296e+00 -1.139852e+00  2.818635e-01
-2.108027e-01 -1.194437e+00 -2.351726e-01  6.106254e-01
-2.327948e-01 -1.528906e+00 -2.462208e-01  2.420190e-01
-2.050662e-01 -1.159023e+00 -6.317930e-01  5.523503e-01
-2.690043e-01 -1.289617e+00 -6.995247e-01  2.057507e-01
-9.940183e-01 -7.615699e-01 -2.824551e-01  9.088423e-01
-7.725533e-01 -7.725804e-01 -3.266804e-01  1.370032e+00
-9.876692e-01 -8.285950e-01 -8.276204e-01  8.011216e-01
-1.027274e+00 -8.641272e-01 -1.071090e+00  2.999302e-01
-9.307684e-01 -7.159389e-01 -1.925744e-01  5.223843e-01
-8.448706e-01 -6.759622e-01 -2.045348e-01  1.766916e-01
-1.373721e+00 -8.630657e-01 -3.137840e-01  3.095321e-01
-9.890545e-01 -7.594434e-01 -6.191803e-01  1.893882e-01
-1.243026e+00 -2.804512e-01 -2.714061e-01  9.055930e-01
-1.104234e+00 -2.954229e-01 -3.517200e-01  1.384266e+00
-1.269451e+00 -2.854811e-01 -7.815830e-01  7.680420e-01
-1.270836e+00 -2.861718e-01 -1.056010e+00  2.861170e-01
-1.153708e+00 -2.506080e-01 -1.949436e-01  5.106946e-01
-1.029696e+00 -2.236408e-01 -2.213328e-01  1.781609e-01
-1.581878e+00 -3.035544e-01 -3.224770e-01  3.006461e-01
-1.162780e+00 -2.565144e-01 -6.339427e-01  1.843369e-01
-1.726783e-01 -3.901922e-01 -5.369298e-01  1.062126e+00
-1.701849e-01 -2.889551e-01 -2.252146e-01  1.247609e+00
-2.246559e-01 -5.831524e-01 -9.409816e-01  8.099307e-01
-2.327655e-01 -6.227041e-01 -1.204033e+00  2.546358e-01
-1.794660e-01 -5.847815e-01 -2.397981e-01  6.352335e-01
-1.946719e-01 -6.406492e-01 -2.398979e-01  1.991749e-01
-1.950669e-01 -5.899754e-01 -6.849709e-01  5.518916e-01
-2.088602e-01 -6.410851e-01 -7.418075e-01  1.797500e-01
-2.528760e-01 -2.173591e-01 -9.442666e-01  1.312079e+00
-2.777115e-01 -2.290795e-01 -3.779068e-01  1.660821e+00
-2.531522e-01 -2.142606e-01 -1.206146e+00  8.166442e-01
-2.508587e-01 -2.131790e-01 -1.418935e+00  2.885299e-01
-1.779133e-01 -1.649344e-01 -2.485672e-01  5.978214e-01
-1.786922e-01 -1.927856e-01 -2.588574e-01  1.892393e-01
-2.014093e-01 -1.515229e-01 -7.646424e-01  5.384174e-01
-2.082728e-01 -1.837997e-01 -8.305470e-01  1.723894e-01
-5.980535e-01 -4.882488e-01 -3.184603e-01  9.479676e-01
-5.239506e-01 -4.427477e-01 -2.131702e-01  1.212213e+00
-6.617023e-01 -5.629845e-01 -8.462461e-01  7.959788e-01
-6.808118e-01 -5.968899e-01 -1.147221e+00  2.571624e-01
-5.514454e-01 -5.196318e-01 -2.521461e-01  6.236119e-01
-5.472776e-01 -5.143587e-01 -2.561000e-01  2.024709e-01
-5.696163e-01 -5.317829e-01 -6.655236e-01  5.471932e-01
-6.099423e-01 -5.695446e-01 -7.282696e-01  2.021451e-01
-7.665331e-01 -1.585294e-01 -3.032530e-01  9.278793e-01
-6.881491e-01 -1.702273e-01 -3.534193e-01  1.345936e+00
-7.753823e-01 -2.121268e-01 -1.027585e+00  8.691453e-01
-7.765271e-01 -2.245883e-01 -1.335679e+00  3.125766e-01
-6.165057e-01 -1.667414e-01 -2.446481e-01  5.910554e-01
-5.959600e-01 -1.798324e-01 -2.471304e-01  1.945110e-01
-6.277035e-01 -1.543484e-01 -7.173457e-01  5.419185e-01
-6.888775e-01 -1.767374e-01 -7.704720e-01  1.903852e-01
-8.198305e-01 -1.203137e+00 -2.578683e-01 -8.686193e-01
-2.552409e-01 -8.411918e-01 -4.019825e-01 -1.470194e+00
-3.077318e-01 -8.820555e-01 -1.137813e+00 -1.003615e+00
-2.974307e-01 -8.571047e-01 -1.507239e+00 -3.867267e-01
-5.584680e-01 -1.056699e+00 -1.832934e-01 -5.215112e-01
-3.705832e-01 -1.035607e+00 -1.965450e-01 -1.556264e-01
-1.009005e+00 -1.338017e+00 -2.760345e-01 -2.675698e-01
-6.858551e-01 -1.153689e+00 -5.795732e-01 -1.778920e-01
-3.270353e-01 -1.434590e+00 -3.067133e-01 -9.327827e-01
-1.991735e-01 -1.053915e+00 -2.377762e-01 -1.176200e+00
-3.209741e-01 -1.245095e+00 -8.529058e-01 -8.099617e-01
-3.171992e-01 -1.262296e+00 -1.139852e+00 -2.818635e-01
-2.108027e-01 -1.194437e+00 -2.351726e-01 -6.106254e-01
-2.327948e-01 -1.528906e+00 -2.462208e-01 -2.420190e-01
-2.050662e-01 -1.159023e+00 -6.317930e-01 -5.523503e-01
-2.690043e-01 -1.289617e+00 -6.995247e-01 -2.057507e-01
-9.940183e-01 -7.615699e-01 -2.824551e-01 -9.088423e-01
-7.725533e-01 -7.725804e-01 -3.266804e-01 -1.370032e+00
-9.876692e-01 -8.285950e-01 -8.276204e-01 -8.011216e-01
-1.027274e+00 -8.641272e-01 -1.071090e+00 -2.999302e-01
-9.307684e-01 -7.159389e-01 -1.925744e-01 -5.223843e-01
-8.448706e-01 -6.759622e-01 -2.045348e-01 -1.766916e-01
-1.373721e+00 -8.630657e-01 -3.137840e-01 -3.095321e-01
-9.890545e-01 -7.594434e-01 -6.191803e-01 -1.893882e-01
-1.243026e+00 -2.804512e-01 -2.714061e-01 -9.055930e-01
-1.104234e+00 -2.954229e-01 -3.517200e-01 -1.384266e+00
-1.269451e+00 -2.854811e-01 -7.815830e-01 -7.680420e-01
-1.270836e+00 -2.861718e-01 -1.056010e+00 -2.861170e-01
-1.153708e+00 -2.506080e-01 -1.949436e-01 -5.106946e-01
-1.029696e+00 -2.236408e-01 -2.213328e-01 -1.781609e-01
-1.581878e+00 -3.035544e-01 -3.224770e-01 -3.006461e-01
-1.162780e+00 -2.565144e-01 -6.339427e-01 -1.843369e-01
-1.726783e-01 -3.901922e-01 -5.369298e-01 -1.062126e+00
-1.701849e-01 -2.889551e-01 -2.252146e-01 -1.247609e+00
-2.246559e-01 -5.831524e-01 -9.409816e-01 -8.099307e-01
-2.327655e-01 -6.227041e-01 -1.204033e+00 -2.546358e-01
-1.794660e-01 -5.847815e-01 -2.397981e-01 -6.352335e-01
-1.946719e-01 -6.406492e-01 -2.398979e-01 -1.991749e-01
-1.950669e-01 -5.899754e-01 -6.849709e-01 -5.518916e-01
-2.088602e-01 -6.410851e-01 -7.418075e-01 -1.797500e-01
-2.528760e-01 -2.173591e-01 -9.442666e-01 -1.312079e+00
-2.777115e-01 -2.290795e-01 -3.779068e-01 -1.660821e+00
-2.531522e-01 -2.142606e-01 -1.206146e+00 -8.166442e-01
-2.508587e-01 -2.131790e-01 -1.418935e+00 -2.885299e-01
-1.779133e-01 -1.649344e-01 -2.485672e-01 -5.978214e-01
-1.786922e-01 -1.927856e-01 -2.588574e-01 -1.892393e-01
-2.014093e-01 -1.515229e-01 -7.646424e-01 -5.384174e-01
-2.082728e-01 -1.837997e-01 -8.305470e-01 -1.723894e-01
-5.980535e-01 -4.882488e-01 -3.184603e-01 -9.479676e-01
-5.239506e-01 -4.427477e-01 -2.131702e-01 -1.212213e+00
-6.617023e-01 -5.629845e-01 -8.462461e-01 -7.959788e-01
-6.808118e-01 -5.968899e-01 -1.147221e+00 -2.571624e-01
-5.514454e-01 -5.196318e-01 -2.521461e-01 -6.236119e-01
-5.472776e-01 -5.143587e-01 -2.561000e-01 -2.024709e-01
-5.696163e-01 -5.317829e-01 -6.655236e-01 -5.471932e-01
-6.099423e-01 -5.695446e-01 -7.282696e-01 -2.021451e-01
-7.665331e-01 -1.585294e-01 -3.032530e-01 -9.278793e-01
-6.881491e-01 -1.702273e-01 -3.534193e-01 -1.345936e+00
-7.753823e-01 -2.121268e-01 -1.027585e+00 -8.691453e-01
-7.765271e-01 -2.245883e-01 -1.335679e+00 -3.125766e-01
-6.165057e-01 -1.667414e-01 -2.446481e-01 -5.910554e-01
-5.959600e-01 -1.798324e-01 -2.471304e-01 -1.945110e-01
-6.277035e-01 -1.543484e-01 -7.173457e-01 -5.419185e-01
-6.888775e-01 -1.767374e-01 -7.704720e-01 -1.903852e-01
