 1.154668e+00  1.138187e+00  2.465473e-01  6.384739e-01
 7.423760e-01  1.120317e+00  2.460885e-01  1.010672e+00
 7.609106e-01  1.150475e+00  8.610541e-01  7.631471e-01
 7.363856e-01  9.216062e-01  1.079547e+00  2.333306e-01
 2.370759e-01  9.889870e-01  2.169268e-01  6.548179e-01
 7.800438e-01  1.138332e+00  2.000439e-01  2.128606e-01
 5.925040e-01  1.062982e+00  5.228695e-01  5.418148e-01
 8.847058e-01  1.139810e+00  6.512159e-01  2.123348e-01
 2.844527e-01  1.491886e+00  2.581721e-01  7.456333e-01
 2.481979e-01  1.145435e+00  2.729848e-01  1.194927e+00
 2.270557e-01  1.205962e+00  7.969303e-01  7.835670e-01
 2.647386e-01  1.179715e+00  1.144208e+00  2.846729e-01
 3.070106e-01  1.554292e+00  2.267577e-01  2.470088e-01
 2.413046e-01  1.122242e+00  2.178407e-01  1.898774e-01
 3.179375e-01  1.512821e+00  6.898478e-01  2.866655e-01
 2.287773e-01  1.089792e+00  6.807050e-01  2.008748e-01
 1.498353e+00  3.709091e-01  2.830131e-01  7.520148e-01
 1.082615e+00  6.947659e-01  2.566363e-01  1.053038e+00
 7.855678e-01  7.019497e-01  1.162927e+00  7.643241e-01
 6.833562e-01  5.603456e-01  1.468448e+00  2.914442e-01
 1.540180e+00  3.034277e-01  2.503613e-01  2.511848e-01
 1.112447e+00  6.955298e-01  2.267501e-01  2.250197e-01
 1.001630e+00  6.775591e-01  6.470188e-01  6.103773e-01
 1.282665e+00  6.946801e-01  7.147761e-01  2.392446e-01
 1.004459e+00  2.778776e-01  7.731723e-01  1.179492e+00
 1.044573e+00  2.230007e-01  2.444010e-01  1.159669e+00
 1.138875e+00  2.717358e-01  1.056908e+00  7.105849e-01
 1.026624e+00  2.774159e-01  1.144551e+00  2.309098e-01
 1.033117e+00  2.322008e-01  1.996154e-01  6.055865e-01
 1.025414e+00  2.255754e-01  2.180563e-01  1.959399e-01
 1.035465e+00  2.186539e-01  6.205949e-01  6.323693e-01
 1.112238e+00  2.322573e-01  6.759316e-01  2.079406e-01
 1.909454e-01  6.322205e-01  5.883380e-01  1.081113e+00
 2.239425e-01  6.122882e-01  2.715334e-01  1.478993e+00
 2.623437e-01  2.648051e-01  1.422872e+00  8.941789e-01
 2.353916e-01  2.318387e-01  1.495760e+00  2.854407e-01
 2.085509e-01  6.028984e-01  2.213637e-01  7.616949e-01
 2.034560e-01  6.241423e-01  2.113766e-01  2.382147e-01
 1.968359e-01  6.585190e-01  6.608822e-01  5.781031e-01
 2.165820e-01  5.980025e-01  6.543337e-01  1.913214e-01
 2.213598e-01  2.321791e-01  8.129662e-01  1.296908e+00
 2.087359e-01  2.060754e-01  2.368250e-01  1.207949e+00
 2.008821e-01  2.141615e-01  9.852924e-01  7.586479e-01
 1.953447e-01  1.937184e-01  1.020906e+00  2.466481e-01
 2.110877e-01  2.070893e-01  1.956426e-01  6.488706e-01
 2.017679e-01  2.103104e-01  2.006488e-01  2.137854e-01
 1.937261e-01  2.091555e-01  5.937551e-01  6.509005e-01
 2.103111e-01  2.004961e-01  6.023396e-01  2.117904e-01
 5.523768e-01  6.972781e-01  7.858654e-01  1.230624e+00
 6.126196e-01  6.194746e-01  2.314928e-01  1.184834e+00
 2.579739e-01  7.077453e-01  1.167017e+00  7.993075e-01
 2.402959e-01  6.331016e-01  1.216425e+00  2.541658e-01
 6.484637e-01  6.166933e-01  2.002961e-01  6.310849e-01
 6.274952e-01  6.341283e-01  2.026455e-01  2.075521e-01
 5.856650e-01  5.979223e-01  6.738811e-01  6.351385e-01
 6.593021e-01  6.207605e-01  6.247185e-01  1.941311e-01
 5.849869e-01  2.139233e-01  6.378215e-01  1.091581e+00
 6.207719e-01  2.258163e-01  2.775917e-01  1.465599e+00
 6.291875e-01  2.062869e-01  1.048379e+00  7.258589e-01
 5.949817e-01  2.418741e-01  1.055741e+00  2.296797e-01
 6.128441e-01  2.050234e-01  2.152282e-01  7.718704e-01
 6.059616e-01  2.059389e-01  2.013725e-01  2.380174e-01
 6.062514e-01  2.017883e-01  6.089286e-01  5.893353e-01
 6.454915e-01  2.051029e-01  6.229931e-01  1.956706e-01
 1.154668e+00  1.138187e+00  2.465473e-01 -6.384739e-01
 7.423760e-01  1.120317e+00  2.460885e-01 -1.010672e+00
 7.609106e-01  1.150475e+00  8.610541e-01 -7.631471e-01
 7.363856e-01  9.216062e-01  1.079547e+00 -2.333306e-01
 2.370759e-01  9.889870e-01  2.169268e-01 -6.548179e-01
 7.800438e-01  1.138332e+00  2.000439e-01 -2.128606e-01
 5.925040e-01  1.062982e+00  5.228695e-01 -5.418148e-01
 8.847058e-01  1.139810e+00  6.512159e-01 -2.123348e-01
 2.844527e-01  1.491886e+00  2.581721e-01 -7.456333e-01
 2.481979e-01  1.145435e+00  2.729848e-01 -1.194927e+00
 2.270557e-01  1.205962e+00  7.969303e-01 -7.835670e-01
 2.647386e-01  1.179715e+00  1.144208e+00 -2.846729e-01
 3.070106e-01  1.554292e+00  2.267577e-01 -2.470088e-01
 2.413046e-01  1.122242e+00  2.178407e-01 -1.898774e-01
 3.179375e-01  1.512821e+00  6.898478e-01 -2.866655e-01
 2.287773e-01  1.089792e+00  6.807050e-01 -2.008748e-01
 1.498353e+00  3.709091e-01  2.830131e-01 -7.520148e-01
 1.082615e+00  6.947659e-01  2.566363e-01 -1.053038e+00
 7.855678e-01  7.019497e-01  1.162927e+00 -7.643241e-01
 6.833562e-01  5.603456e-01  1.468448e+00 -2.914442e-01
 1.540180e+00  3.034277e-01  2.503613e-01 -2.511848e-01
 1.112447e+00  6.955298e-01  2.267501e-01 -2.250197e-01
 1.001630e+00  6.775591e-01  6.470188e-01 -6.103773e-01
 1.282665e+00  6.946801e-01  7.147761e-01 -2.392446e-01
 1.004459e+00  2.778776e-01  7.731723e-01 -1.179492e+00
 1.044573e+00  2.230007e-01  2.444010e-01 -1.159669e+00
 1.138875e+00  2.717358e-01  1.056908e+00 -7.105849e-01
 1.026624e+00  2.774159e-01  1.144551e+00 -2.309098e-01
 1.033117e+00  2.322008e-01  1.996154e-01 -6.055865e-01
 1.025414e+00  2.255754e-01  2.180563e-01 -1.959399e-01
 1.035465e+00  2.186539e-01  6.205949e-01 -6.323693e-01
 1.112238e+00  2.322573e-01  6.759316e-01 -2.079406e-01
 1.909454e-01  6.322205e-01  5.883380e-01 -1.081113e+00
 2.239425e-01  6.122882e-01  2.715334e-01 -1.478993e+00
 2.623437e-01  2.648051e-01  1.422872e+00 -8.941789e-01
 2.353916e-01  2.318387e-01  1.495760e+00 -2.854407e-01
 2.085509e-01  6.028984e-01  2.213637e-01 -7.616949e-01
 2.034560e-01  6.241423e-01  2.113766e-01 -2.382147e-01
 1.968359e-01  6.585190e-01  6.608822e-01 -5.781031e-01
 2.165820e-01  5.980025e-01  6.543337e-01 -1.913214e-01
 2.213598e-01  2.321791e-01  8.129662e-01 -1.296908e+00
 2.087359e-01  2.060754e-01  2.368250e-01 -1.207949e+00
 2.008821e-01  2.141615e-01  9.852924e-01 -7.586479e-01
 1.953447e-01  1.937184e-01  1.020906e+00 -2.466481e-01
 2.110877e-01  2.070893e-01  1.956426e-01 -6.488706e-01
 2.017679e-01  2.103104e-01  2.006488e-01 -2.137854e-01
 1.937261e-01  2.091555e-01  5.937551e-01 -6.509005e-01
 2.103111e-01  2.004961e-01  6.023396e-01 -2.117904e-01
 5.523768e-01  6.972781e-01  7.858654e-01 -1.230624e+00
 6.126196e-01  6.194746e-01  2.314928e-01 -1.184834e+00
 2.579739e-01  7.077453e-01  1.167017e+00 -7.993075e-01
 2.402959e-01  6.331016e-01  1.216425e+00 -2.541658e-01
 6.484637e-01  6.166933e-01  2.002961e-01 -6.310849e-01
 6.274952e-01  6.341283e-01  2.026455e-01 -2.075521e-01
 5.856650e-01  5.979223e-01  6.738811e-01 -6.351385e-01
 6.593021e-01  6.207605e-01  6.247185e-01 -1.941311e-01
 5.849869e-01  2.139233e-01  6.378215e-01 -1.091581e+00
 6.207719e-01  2.258163e-01  2.775917e-01 -1.465599e+00
 6.291875e-01  2.062869e-01  1.048379e+00 -7.258589e-01
 5.949817e-01  2.418741e-01  1.055741e+00 -2.296797e-01
 6.128441e-01  2.050234e-01  2.152282e-01 -7.718704e-01
 6.059616e-01  2.059389e-01  2.013725e-01 -2.380174e-01
 6.062514e-01  2.017883e-01  6.089286e-01 -5.893353e-01
 6.454915e-01  2.051029e-01  6.229931e-01 -1.956706e-01
 1.154668e+00  1.138187e+00 -2.465473e-01  6.384739e-01
 7.423760e-01  1.120317e+00 -2.460885e-01  1.010672e+00
 7.609106e-01  1.150475e+00 -8.610541e-01  7.631471e-01
 7.363856e-01  9.216062e-01 -1.079547e+00  2.333306e-01
 2.370759e-01  9.889870e-01 -2.169268e-01  6.548179e-01
 7.800438e-01  1.138332e+00 -2.000439e-01  2.128606e-01
 5.925040e-01  1.062982e+00 -5.228695e-01  5.418148e-01
 8.847058e-01  1.139810e+00 -6.512159e-01  2.123348e-01
 2.844527e-01  1.491886e+00 -2.581721e-01  7.456333e-01
 2.481979e-01  1.145435e+00 -2.729848e-01  1.194927e+00
 2.270557e-01  1.205962e+00 -7.969303e-01  7.835670e-01
 2.647386e-01  1.179715e+00 -1.144208e+00  2.846729e-01
 3.070106e-01  1.554292e+00 -2.267577e-01  2.470088e-01
 2.413046e-01  1.122242e+00 -2.178407e-01  1.898774e-01
 3.179375e-01  1.512821e+00 -6.898478e-01  2.866655e-01
 2.287773e-01  1.089792e+00 -6.807050e-01  2.008748e-01
 1.498353e+00  3.709091e-01 -2.830131e-01  7.520148e-01
 1.082615e+00  6.947659e-01 -2.566363e-01  1.053038e+00
 7.855678e-01  7.019497e-01 -1.162927e+00  7.643241e-01
 6.833562e-01  5.603456e-01 -1.468448e+00  2.914442e-01
 1.540180e+00  3.034277e-01 -2.503613e-01  2.511848e-01
 1.112447e+00  6.955298e-01 -2.267501e-01  2.250197e-01
 1.001630e+00  6.775591e-01 -6.470188e-01  6.103773e-01
 1.282665e+00  6.946801e-01 -7.147761e-01  2.392446e-01
 1.004459e+00  2.778776e-01 -7.731723e-01  1.179492e+00
 1.044573e+00  2.230007e-01 -2.444010e-01  1.159669e+00
 1.138875e+00  2.717358e-01 -1.056908e+00  7.105849e-01
 1.026624e+00  2.774159e-01 -1.144551e+00  2.309098e-01
 1.033117e+00  2.322008e-01 -1.996154e-01  6.055865e-01
 1.025414e+00  2.255754e-01 -2.180563e-01  1.959399e-01
 1.035465e+00  2.186539e-01 -6.205949e-01  6.323693e-01
 1.112238e+00  2.322573e-01 -6.759316e-01  2.079406e-01
 1.909454e-01  6.322205e-01 -5.883380e-01  1.081113e+00
 2.239425e-01  6.122882e-01 -2.715334e-01  1.478993e+00
 2.623437e-01  2.648051e-01 -1.422872e+00  8.941789e-01
 2.353916e-01  2.318387e-01 -1.495760e+00  2.854407e-01
 2.085509e-01  6.028984e-01 -2.213637e-01  7.616949e-01
 2.034560e-01  6.241423e-01 -2.113766e-01  2.382147e-01
 1.968359e-01  6.585190e-01 -6.608822e-01  5.781031e-01
 2.165820e-01  5.980025e-01 -6.543337e-01  1.913214e-01
 2.213598e-01  2.321791e-01 -8.129662e-01  1.296908e+00
 2.087359e-01  2.060754e-01 -2.368250e-01  1.207949e+00
 2.008821e-01  2.141615e-01 -9.852924e-01  7.586479e-01
 1.953447e-01  1.937184e-01 -1.020906e+00  2.466481e-01
 2.110877e-01  2.070893e-01 -1.956426e-01  6.488706e-01
 2.017679e-01  2.103104e-01 -2.006488e-01  2.137854e-01
 1.937261e-01  2.091555e-01 -5.937551e-01  6.509005e-01
 2.103111e-01  2.004961e-01 -6.023396e-01  2.117904e-01
 5.523768e-01  6.972781e-01 -7.858654e-01  1.230624e+00
 6.126196e-01  6.194746e-01 -2.314928e-01  1.184834e+00
 2.579739e-01  7.077453e-01 -1.167017e+00  7.993075e-01
 2.402959e-01  6.331016e-01 -1.216425e+00  2.541658e-01
 6.484637e-01  6.166933e-01 -2.002961e-01  6.310849e-01
 6.274952e-01  6.341283e-01 -2.026455e-01  2.075521e-01
 5.856650e-01  5.979223e-01 -6.738811e-01  6.351385e-01
 6.593021e-01  6.207605e-01 -6.247185e-01  1.941311e-01
 5.849869e-01  2.139233e-01 -6.378215e-01  1.091581e+00
 6.207719e-01  2.258163e-01 -2.775917e-01  1.465599e+00
 6.291875e-01  2.062869e-01 -1.048379e+00  7.258589e-01
 5.949817e-01  2.418741e-01 -1.055741e+00  2.296797e-01
 6.128441e-01  2.050234e-01 -2.152282e-01  7.718704e-01
 6.059616e-01  2.059389e-01 -2.013725e-01  2.380174e-01
 6.062514e-01  2.017883e-01 -6.089286e-01  5.893353e-01
 6.454915e-01  2.051029e-01 -6.229931e-01  1.956706e-01
 1.154668e+00  1.138187e+00 -2.465473e-01 -6.384739e-01
 7.423760e-01  1.120317e+00 -2.460885e-01 -1.010672e+00
 7.609106e-01  1.150475e+00 -8.610541e-01 -7.631471e-01
 7.363856e-01  9.216062e-01 -1.079547e+00 -2.333306e-01
 2.370759e-01  9.889870e-01 -2.169268e-01 -6.548179e-01
 7.800438e-01  1.138332e+00 -2.000439e-01 -2.128606e-01
 5.925040e-01  1.062982e+00 -5.228695e-01 -5.418148e-01
 8.847058e-01  1.139810e+00 -6.512159e-01 -2.123348e-01
 2.844527e-01  1.491886e+00 -2.581721e-01 -7.456333e-01
 2.481979e-01  1.145435e+00 -2.729848e-01 -1.194927e+00
 2.270557e-01  1.205962e+00 -7.969303e-01 -7.835670e-01
 2.647386e-01  1.179715e+00 -1.144208e+00 -2.846729e-01
 3.070106e-01  1.554292e+00 -2.267577e-01 -2.470088e-01
 2.413046e-01  1.122242e+00 -2.178407e-01 -1.898774e-01
 3.179375e-01  1.512821e+00 -6.898478e-01 -2.866655e-01
 2.287773e-01  1.089792e+00 -6.807050e-01 -2.008748e-01
 1.498353e+00  3.709091e-01 -2.830131e-01 -7.520148e-01
 1.082615e+00  6.947659e-01 -2.566363e-01 -1.053038e+00
 7.855678e-01  7.019497e-01 -1.162927e+00 -7.643241e-01
 6.833562e-01  5.603456e-01 -1.468448e+00 -2.914442e-01
 1.540180e+00  3.034277e-01 -2.503613e-01 -2.511848e-01
 1.112447e+00  6.955298e-01 -2.267501e-01 -2.250197e-01
 1.001630e+00  6.775591e-01 -6.470188e-01 -6.103773e-01
 1.282665e+00  6.946801e-01 -7.147761e-01 -2.392446e-01
 1.004459e+00  2.778776e-01 -7.731723e-01 -1.179492e+00
 1.044573e+00  2.230007e-01 -2.444010e-01 -1.159669e+00
 1.138875e+00  2.717358e-01 -1.056908e+00 -7.105849e-01
 1.026624e+00  2.774159e-01 -1.144551e+00 -2.309098e-01
 1.033117e+00  2.322008e-01 -1.996154e-01 -6.055865e-01
 1.025414e+00  2.255754e-01 -2.180563e-01 -1.959399e-01
 1.035465e+00  2.186539e-01 -6.205949e-01 -6.323693e-01
 1.112238e+00  2.322573e-01 -6.759316e-01 -2.079406e-01
 1.909454e-01  6.322205e-01 -5.883380e-01 -1.081113e+00
 2.239425e-01  6.122882e-01 -2.715334e-01 -1.478993e+00
 2.623437e-01  2.648051e-01 -1.422872e+00 -8.941789e-01
 2.353916e-01  2.318387e-01 -1.495760e+00 -2.854407e-01
 2.085509e-01  6.028984e-01 -2.213637e-01 -7.616949e-01
 2.034560e-01  6.241423e-01 -2.113766e-01 -2.382147e-01
 1.968359e-01  6.585190e-01 -6.608822e-01 -5.781031e-01
 2.165820e-01  5.980025e-01 -6.543337e-01 -1.913214e-01
 2.213598e-01  2.321791e-01 -8.129662e-01 -1.296908e+00
 2.087359e-01  2.060754e-01 -2.368250e-01 -1.207949e+00
 2.008821e-01  2.141615e-01 -9.852924e-01 -7.586479e-01
 1.953447e-01  1.937184e-01 -1.020906e+00 -2.466481e-01
 2.110877e-01  2.070893e-01 -1.956426e-01 -6.488706e-01
 2.017679e-01  2.103104e-01 -2.006488e-01 -2.137854e-01
 1.937261e-01  2.091555e-01 -5.937551e-01 -6.509005e-01
 2.103111e-01  2.004961e-01 -6.023396e-01 -2.117904e-01
 5.523768e-01  6.972781e-01 -7.858654e-01 -1.230624e+00
 6.126196e-01  6.194746e-01 -2.314928e-01 -1.184834e+00
 2.579739e-01  7.077453e-01 -1.167017e+00 -7.993075e-01
 2.402959e-01  6.331016e-01 -1.216425e+00 -2.541658e-01
 6.484637e-01  6.166933e-01 -2.002961e-01 -6.310849e-01
 6.274952e-01  6.341283e-01 -2.026455e-01 -2.075521e-01
 5.856650e-01  5.979223e-01 -6.738811e-01 -6.351385e-01
 6.593021e-01  6.207605e-01 -6.247185e-01 -1.941311e-01
 5.849869e-01  2.139233e-01 -6.378215e-01 -1.091581e+00
 6.207719e-01  2.258163e-01 -2.775917e-01 -1.465599e+00
 6.291875e-01  2.062869e-01 -1.048379e+00 -7.258589e-01
 5.949817e-01  2.418741e-01 -1.055741e+00 -2.296797e-01
 6.128441e-01  2.050234e-01 -2.152282e-01 -7.718704e-01
 6.059616e-01  2.059389e-01 -2.013725e-01 -2.380174e-01
 6.062514e-01  2.017883e-01 -6.089286e-01 -5.893353e-01
 6.454915e-01  2.051029e-01 -6.229931e-01 -1.956706e-01
 1.154668e+00 -1.138187e+00  2.465473e-01  6.384739e-01
 7.423760e-01 -1.120317e+00  2.460885e-01  1.010672e+00
 7.609106e-01 -1.150475e+00  8.610541e-01  7.631471e-01
 7.363856e-01 -9.216062e-01  1.079547e+00  2.333306e-01
 2.370759e-01 -9.889870e-01  2.169268e-01  6.548179e-01
 7.800438e-01 -1.138332e+00  2.000439e-01  2.128606e-01
 5.925040e-01 -1.062982e+00  5.228695e-01  5.418148e-01
 8.847058e-01 -1.139810e+00  6.512159e-01  2.123348e-01
 2.844527e-01 -1.491886e+00  2.581721e-01  7.456333e-01
 2.481979e-01 -1.145435e+00  2.729848e-01  1.194927e+00
 2.270557e-01 -1.205962e+00  7.969303e-01  7.835670e-01
 2.647386e-01 -1.179715e+00  1.144208e+00  2.846729e-01
 3.070106e-01 -1.554292e+00  2.267577e-01  2.470088e-01
 2.413046e-01 -1.122242e+00  2.178407e-01  1.898774e-01
 3.179375e-01 -1.512821e+00  6.898478e-01  2.866655e-01
 2.287773e-01 -1.089792e+00  6.807050e-01  2.008748e-01
 1.498353e+00 -3.709091e-01  2.830131e-01  7.520148e-01
 1.082615e+00 -6.947659e-01  2.566363e-01  1.053038e+00
 7.855678e-01 -7.019497e-01  1.162927e+00  7.643241e-01
 6.833562e-01 -5.603456e-01  1.468448e+00  2.914442e-01
 1.540180e+00 -3.034277e-01  2.503613e-01  2.511848e-01
 1.112447e+00 -6.955298e-01  2.267501e-01  2.250197e-01
 1.001630e+00 -6.775591e-01  6.470188e-01  6.103773e-01
 1.282665e+00 -6.946801e-01  7.147761e-01  2.392446e-01
 1.004459e+00 -2.778776e-01  7.731723e-01  1.179492e+00
 1.044573e+00 -2.230007e-01  2.444010e-01  1.159669e+00
 1.138875e+00 -2.717358e-01  1.056908e+00  7.105849e-01
 1.026624e+00 -2.774159e-01  1.144551e+00  2.309098e-01
 1.033117e+00 -2.322008e-01  1.996154e-01  6.055865e-01
 1.025414e+00 -2.255754e-01  2.180563e-01  1.959399e-01
 1.035465e+00 -2.186539e-01  6.205949e-01  6.323693e-01
 1.112238e+00 -2.322573e-01  6.759316e-01  2.079406e-01
 1.909454e-01 -6.322205e-01  5.883380e-01  1.081113e+00
 2.239425e-01 -6.122882e-01  2.715334e-01  1.478993e+00
 2.623437e-01 -2.648051e-01  1.422872e+00  8.941789e-01
 2.353916e-01 -2.318387e-01  1.495760e+00  2.854407e-01
 2.085509e-01 -6.028984e-01  2.213637e-01  7.616949e-01
 2.034560e-01 -6.241423e-01  2.113766e-01  2.382147e-01
 1.968359e-01 -6.585190e-01  6.608822e-01  5.781031e-01
 2.165820e-01 -5.980025e-01  6.543337e-01  1.913214e-01
 2.213598e-01 -2.321791e-01  8.129662e-01  1.296908e+00
 2.087359e-01 -2.060754e-01  2.368250e-01  1.207949e+00
 2.008821e-01 -2.141615e-01  9.852924e-01  7.586479e-01
 1.953447e-01 -1.937184e-01  1.020906e+00  2.466481e-01
 2.110877e-01 -2.070893e-01  1.956426e-01  6.488706e-01
 2.017679e-01 -2.103104e-01  2.006488e-01  2.137854e-01
 1.937261e-01 -2.091555e-01  5.937551e-01  6.509005e-01
 2.103111e-01 -2.004961e-01  6.023396e-01  2.117904e-01
 5.523768e-01 -6.972781e-01  7.858654e-01  1.230624e+00
 6.126196e-01 -6.194746e-01  2.314928e-01  1.184834e+00
 2.579739e-01 -7.077453e-01  1.167017e+00  7.993075e-01
 2.402959e-01 -6.331016e-01  1.216425e+00  2.541658e-01
 6.484637e-01 -6.166933e-01  2.002961e-01  6.310849e-01
 6.274952e-01 -6.341283e-01  2.026455e-01  2.075521e-01
 5.856650e-01 -5.979223e-01  6.738811e-01  6.351385e-01
 6.593021e-01 -6.207605e-01  6.247185e-01  1.941311e-01
 5.849869e-01 -2.139233e-01  6.378215e-01  1.091581e+00
 6.207719e-01 -2.258163e-01  2.775917e-01  1.465599e+00
 6.291875e-01 -2.062869e-01  1.048379e+00  7.258589e-01
 5.949817e-01 -2.418741e-01  1.055741e+00  2.296797e-01
 6.128441e-01 -2.050234e-01  2.152282e-01  7.718704e-01
 6.059616e-01 -2.059389e-01  2.013725e-01  2.380174e-01
 6.062514e-01 -2.017883e-01  6.089286e-01  5.893353e-01
 6.454915e-01 -2.051029e-01  6.229931e-01  1.956706e-01
 1.154668e+00 -1.138187e+00  2.465473e-01 -6.384739e-01
 7.423760e-01 -1.120317e+00  2.460885e-01 -1.010672e+00
 7.609106e-01 -1.150475e+00  8.610541e-01 -7.631471e-01
 7.363856e-01 -9.216062e-01  1.079547e+00 -2.333306e-01
 2.370759e-01 -9.889870e-01  2.169268e-01 -6.548179e-01
 7.800438e-01 -1.138332e+00  2.000439e-01 -2.128606e-01
 5.925040e-01 -1.062982e+00  5.228695e-01 -5.418148e-01
 8.847058e-01 -1.139810e+00  6.512159e-01 -2.123348e-01
 2.844527e-01 -1.491886e+00  2.581721e-01 -7.456333e-01
 2.481979e-01 -1.145435e+00  2.729848e-01 -1.194927e+00
 2.270557e-01 -1.205962e+00  7.969303e-01 -7.835670e-01
 2.647386e-01 -1.179715e+00  1.144208e+00 -2.846729e-01
 3.070106e-01 -1.554292e+00  2.267577e-01 -2.470088e-01
 2.413046e-01 -1.122242e+00  2.178407e-01 -1.898774e-01
 3.179375e-01 -1.512821e+00  6.898478e-01 -2.866655e-01
 2.287773e-01 -1.089792e+00  6.807050e-01 -2.008748e-01
 1.498353e+00 -3.709091e-01  2.830131e-01 -7.520148e-01
 1.082615e+00 -6.947659e-01  2.566363e-01 -1.053038e+00
 7.855678e-01 -7.019497e-01  1.162927e+00 -7.643241e-01
 6.833562e-01 -5.603456e-01  1.468448e+00 -2.914442e-01
 1.540180e+00 -3.034277e-01  2.503613e-01 -2.511848e-01
 1.112447e+00 -6.955298e-01  2.267501e-01 -2.250197e-01
 1.001630e+00 -6.775591e-01  6.470188e-01 -6.103773e-01
 1.282665e+00 -6.946801e-01  7.147761e-01 -2.392446e-01
 1.004459e+00 -2.778776e-01  7.731723e-01 -1.179492e+00
 1.044573e+00 -2.230007e-01  2.444010e-01 -1.159669e+00
 1.138875e+00 -2.717358e-01  1.056908e+00 -7.105849e-01
 1.026624e+00 -2.774159e-01  1.144551e+00 -2.309098e-01
 1.033117e+00 -2.322008e-01  1.996154e-01 -6.055865e-01
 1.025414e+00 -2.255754e-01  2.180563e-01 -1.959399e-01
 1.035465e+00 -2.186539e-01  6.205949e-01 -6.323693e-01
 1.112238e+00 -2.322573e-01  6.759316e-01 -2.079406e-01
 1.909454e-01 -6.322205e-01  5.883380e-01 -1.081113e+00
 2.239425e-01 -6.122882e-01  2.715334e-01 -1.478993e+00
 2.623437e-01 -2.648051e-01  1.422872e+00 -8.941789e-01
 2.353916e-01 -2.318387e-01  1.495760e+00 -2.854407e-01
 2.085509e-01 -6.028984e-01  2.213637e-01 -7.616949e-01
 2.034560e-01 -6.241423e-01  2.113766e-01 -2.382147e-01
 1.968359e-01 -6.585190e-01  6.608822e-01 -5.781031e-01
 2.165820e-01 -5.980025e-01  6.543337e-01 -1.913214e-01
 2.213598e-01 -2.321791e-01  8.129662e-01 -1.296908e+00
 2.087359e-01 -2.060754e-01  2.368250e-01 -1.207949e+00
 2.008821e-01 -2.141615e-01  9.852924e-01 -7.586479e-01
 1.953447e-01 -1.937184e-01  1.020906e+00 -2.466481e-01
 2.110877e-01 -2.070893e-01  1.956426e-01 -6.488706e-01
 2.017679e-01 -2.103104e-01  2.006488e-01 -2.137854e-01
 1.937261e-01 -2.091555e-01  5.937551e-01 -6.509005e-01
 2.103111e-01 -2.004961e-01  6.023396e-01 -2.117904e-01
 5.523768e-01 -6.972781e-01  7.858654e-01 -1.230624e+00
 6.126196e-01 -6.194746e-01  2.314928e-01 -1.184834e+00
 2.579739e-01 -7.077453e-01  1.167017e+00 -7.993075e-01
 2.402959e-01 -6.331016e-01  1.216425e+00 -2.541658e-01
 6.484637e-01 -6.166933e-01  2.002961e-01 -6.310849e-01
 6.274952e-01 -6.341283e-01  2.026455e-01 -2.075521e-01
 5.856650e-01 -5.979223e-01  6.738811e-01 -6.351385e-01
 6.593021e-01 -6.207605e-01  6.247185e-01 -1.941311e-01
 5.849869e-01 -2.139233e-01  6.378215e-01 -1.091581e+00
 6.207719e-01 -2.258163e-01  2.775917e-01 -1.465599e+00
 6.291875e-01 -2.062869e-01  1.048379e+00 -7.258589e-01
 5.949817e-01 -2.418741e-01  1.055741e+00 -2.296797e-01
 6.128441e-01 -2.050234e-01  2.152282e-01 -7.718704e-01
 6.059616e-01 -2.059389e-01  2.013725e-01 -2.380174e-01
 6.062514e-01 -2.017883e-01  6.089286e-01 -5.893353e-01
 6.454915e-01 -2.051029e-01  6.229931e-01 -1.956706e-01
 1.154668e+00 -1.138187e+00 -2.465473e-01  6.384739e-01
 7.423760e-01 -1.120317e+00 -2.460885e-01  1.010672e+00
 7.609106e-01 -1.150475e+00 -8.610541e-01  7.631471e-01
 7.363856e-01 -9.216062e-01 -1.079547e+00  2.333306e-01
 2.370759e-01 -9.889870e-01 -2.169268e-01  6.548179e-01
 7.800438e-01 -1.138332e+00 -2.000439e-01  2.128606e-01
 5.925040e-01 -1.062982e+00 -5.228695e-01  5.418148e-01
 8.847058e-01 -1.139810e+00 -6.512159e-01  2.123348e-01
 2.844527e-01 -1.491886e+00 -2.581721e-01  7.456333e-01
 2.481979e-01 -1.145435e+00 -2.729848e-01  1.194927e+00
 2.270557e-01 -1.205962e+00 -7.969303e-01  7.835670e-01
 2.647386e-01 -1.179715e+00 -1.144208e+00  2.846729e-01
 3.070106e-01 -1.554292e+00 -2.267577e-01  2.470088e-01
 2.413046e-01 -1.122242e+00 -2.178407e-01  1.898774e-01
 3.179375e-01 -1.512821e+00 -6.898478e-01  2.866655e-01
 2.287773e-01 -1.089792e+00 -6.807050e-01  2.008748e-01
 1.498353e+00 -3.709091e-01 -2.830131e-01  7.520148e-01
 1.082615e+00 -6.947659e-01 -2.566363e-01  1.053038e+00
 7.855678e-01 -7.019497e-01 -1.162927e+00  7.643241e-01
 6.833562e-01 -5.603456e-01 -1.468448e+00  2.914442e-01
 1.540180e+00 -3.034277e-01 -2.503613e-01  2.511848e-01
 1.112447e+00 -6.955298e-01 -2.267501e-01  2.250197e-01
 1.001630e+00 -6.775591e-01 -6.470188e-01  6.103773e-01
 1.282665e+00 -6.946801e-01 -7.147761e-01  2.392446e-01
 1.004459e+00 -2.778776e-01 -7.731723e-01  1.179492e+00
 1.044573e+00 -2.230007e-01 -2.444010e-01  1.159669e+00
 1.138875e+00 -2.717358e-01 -1.056908e+00  7.105849e-01
 1.026624e+00 -2.774159e-01 -1.144551e+00  2.309098e-01
 1.033117e+00 -2.322008e-01 -1.996154e-01  6.055865e-01
 1.025414e+00 -2.255754e-01 -2.180563e-01  1.959399e-01
 1.035465e+00 -2.186539e-01 -6.205949e-01  6.323693e-01
 1.112238e+00 -2.322573e-01 -6.759316e-01  2.079406e-01
 1.909454e-01 -6.322205e-01 -5.883380e-01  1.081113e+00
 2.239425e-01 -6.122882e-01 -2.715334e-01  1.478993e+00
 2.623437e-01 -2.648051e-01 -1.422872e+00  8.941789e-01
 2.353916e-01 -2.318387e-01 -1.495760e+00  2.854407e-01
 2.085509e-01 -6.028984e-01 -2.213637e-01  7.616949e-01
 2.034560e-01 -6.241423e-01 -2.113766e-01  2.382147e-01
 1.968359e-01 -6.585190e-01 -6.608822e-01  5.781031e-01
 2.165820e-01 -5.980025e-01 -6.543337e-01  1.913214e-01
 2.213598e-01 -2.321791e-01 -8.129662e-01  1.296908e+00
 2.087359e-01 -2.060754e-01 -2.368250e-01  1.207949e+00
 2.008821e-01 -2.141615e-01 -9.852924e-01  7.586479e-01
 1.953447e-01 -1.937184e-01 -1.020906e+00  2.466481e-01
 2.110877e-01 -2.070893e-01 -1.956426e-01  6.488706e-01
 2.017679e-01 -2.103104e-01 -2.006488e-01  2.137854e-01
 1.937261e-01 -2.091555e-01 -5.937551e-01  6.509005e-01
 2.103111e-01 -2.004961e-01 -6.023396e-01  2.117904e-01
 5.523768e-01 -6.972781e-01 -7.858654e-01  1.230624e+00
 6.126196e-01 -6.194746e-01 -2.314928e-01  1.184834e+00
 2.579739e-01 -7.077453e-01 -1.167017e+00  7.993075e-01
 2.402959e-01 -6.331016e-01 -1.216425e+00  2.541658e-01
 6.484637e-01 -6.166933e-01 -2.002961e-01  6.310849e-01
 6.274952e-01 -6.341283e-01 -2.026455e-01  2.075521e-01
 5.856650e-01 -5.979223e-01 -6.738811e-01  6.351385e-01
 6.593021e-01 -6.207605e-01 -6.247185e-01  1.941311e-01
 5.849869e-01 -2.139233e-01 -6.378215e-01  1.091581e+00
 6.207719e-01 -2.258163e-01 -2.775917e-01  1.465599e+00
 6.291875e-01 -2.062869e-01 -1.048379e+00  7.258589e-01
 5.949817e-01 -2.418741e-01 -1.055741e+00  2.296797e-01
 6.128441e-01 -2.050234e-01 -2.152282e-01  7.718704e-01
 6.059616e-01 -2.059389e-01 -2.013725e-01  2.380174e-01
 6.062514e-01 -2.017883e-01 -6.089286e-01  5.893353e-01
 6.454915e-01 -2.051029e-01 -6.229931e-01  1.956706e-01
 1.154668e+00 -1.138187e+00 -2.465473e-01 -6.384739e-01
 7.423760e-01 -1.120317e+00 -2.460885e-01 -1.010672e+00
 7.609106e-01 -1.150475e+00 -8.610541e-01 -7.631471e-01
 7.363856e-01 -9.216062e-01 -1.079547e+00 -2.333306e-01
 2.370759e-01 -9.889870e-01 -2.169268e-01 -6.548179e-01
 7.800438e-01 -1.138332e+00 -2.000439e-01 -2.128606e-01
 5.925040e-01 -1.062982e+00 -5.228695e-01 -5.418148e-01
 8.847058e-01 -1.139810e+00 -6.512159e-01 -2.123348e-01
 2.844527e-01 -1.491886e+00 -2.581721e-01 -7.456333e-01
 2.481979e-01 -1.145435e+00 -2.729848e-01 -1.194927e+00
 2.270557e-01 -1.205962e+00 -7.969303e-01 -7.835670e-01
 2.647386e-01 -1.179715e+00 -1.144208e+00 -2.846729e-01
 3.070106e-01 -1.554292e+00 -2.267577e-01 -2.470088e-01
 2.413046e-01 -1.122242e+00 -2.178407e-01 -1.898774e-01
 3.179375e-01 -1.512821e+00 -6.898478e-01 -2.866655e-01
 2.287773e-01 -1.089792e+00 -6.807050e-01 -2.008748e-01
 1.498353e+00 -3.709091e-01 -2.830131e-01 -7.520148e-01
 1.082615e+00 -6.947659e-01 -2.566363e-01 -1.053038e+00
 7.855678e-01 -7.019497e-01 -1.162927e+00 -7.643241e-01
 6.833562e-01 -5.603456e-01 -1.468448e+00 -2.914442e-01
 1.540180e+00 -3.034277e-01 -2.503613e-01 -2.511848e-01
 1.112447e+00 -6.955298e-01 -2.267501e-01 -2.250197e-01
 1.001630e+00 -6.775591e-01 -6.470188e-01 -6.103773e-01
 1.282665e+00 -6.946801e-01 -7.147761e-01 -2.392446e-01
 1.004459e+00 -2.778776e-01 -7.731723e-01 -1.179492e+00
 1.044573e+00 -2.230007e-01 -2.444010e-01 -1.159669e+00
 1.138875e+00 -2.717358e-01 -1.056908e+00 -7.105849e-01
 1.026624e+00 -2.774159e-01 -1.144551e+00 -2.309098e-01
 1.033117e+00 -2.322008e-01 -1.996154e-01 -6.055865e-01
 1.025414e+00 -2.255754e-01 -2.180563e-01 -1.959399e-01
 1.035465e+00 -2.186539e-01 -6.205949e-01 -6.323693e-01
 1.112238e+00 -2.322573e-01 -6.759316e-01 -2.079406e-01
 1.909454e-01 -6.322205e-01 -5.883380e-01 -1.081113e+00
 2.239425e-01 -6.122882e-01 -2.715334e-01 -1.478993e+00
 2.623437e-01 -2.648051e-01 -1.422872e+00 -8.941789e-01
 2.353916e-01 -2.318387e-01 -1.495760e+00 -2.854407e-01
 2.085509e-01 -6.028984e-01 -2.213637e-01 -7.616949e-01
 2.034560e-01 -6.241423e-01 -2.113766e-01 -2.382147e-01
 1.968359e-01 -6.585190e-01 -6.608822e-01 -5.781031e-01
 2.165820e-01 -5.980025e-01 -6.543337e-01 -1.913214e-01
 2.213598e-01 -2.321791e-01 -8.129662e-01 -1.296908e+00
 2.087359e-01 -2.060754e-01 -2.368250e-01 -1.207949e+00
 2.008821e-01 -2.141615e-01 -9.852924e-01 -7.586479e-01
 1.953447e-01 -1.937184e-01 -1.020906e+00 -2.466481e-01
 2.110877e-01 -2.070893e-01 -1.956426e-01 -6.488706e-01
 2.017679e-01 -2.103104e-01 -2.006488e-01 -2.137854e-01
 1.937261e-01 -2.091555e-01 -5.937551e-01 -6.509005e-01
 2.103111e-01 -2.004961e-01 -6.023396e-01 -2.117904e-01
 5.523768e-01 -6.972781e-01 -7.858654e-01 -1.230624e+00
 6.126196e-01 -6.194746e-01 -2.314928e-01 -1.184834e+00
 2.579739e-01 -7.077453e-01 -1.167017e+00 -7.993075e-01
 2.402959e-01 -6.331016e-01 -1.216425e+00 -2.541658e-01
 6.484637e-01 -6.166933e-01 -2.002961e-01 -6.310849e-01
 6.274952e-01 -6.341283e-01 -2.026455e-01 -2.075521e-01
 5.856650e-01 -5.979223e-01 -6.738811e-01 -6.351385e-01
 6.593021e-01 -6.207605e-01 -6.247185e-01 -1.941311e-01
 5.849869e-01 -2.139233e-01 -6.378215e-01 -1.091581e+00
 6.207719e-01 -2.258163e-01 -2.775917e-01 -1.465599e+00
 6.291875e-01 -2.062869e-01 -1.048379e+00 -7.258589e-01
 5.949817e-01 -2.418741e-01 -1.055741e+00 -2.296797e-01
 6.128441e-01 -2.050234e-01 -2.152282e-01 -7.718704e-01
 6.059616e-01 -2.059389e-01 -2.013725e-01 -2.380174e-01
 6.062514e-01 -2.017883e-01 -6.089286e-01 -5.893353e-01
 6.454915e-01 -2.051029e-01 -6.229931e-01 -1.956706e-01
-1.154668e+00  1.138187e+00  2.465473e-01  6.384739e-01
-7.423760e-01  1.120317e+00  2.460885e-01  1.010672e+00
-7.609106e-01  1.150475e+00  8.610541e-01  7.631471e-01
-7.363856e-01  9.216062e-01  1.079547e+00  2.333306e-01
-2.370759e-01  9.889870e-01  2.169268e-01  6.548179e-01
-7.800438e-01  1.138332e+00  2.000439e-01  2.128606e-01
-5.925040e-01  1.062982e+00  5.228695e-01  5.418148e-01
-8.847058e-01  1.139810e+00  6.512159e-01  2.123348e-01
-2.844527e-01  1.491886e+00  2.581721e-01  7.456333e-01
-2.481979e-01  1.145435e+00  2.729848e-01  1.194927e+00
-2.270557e-01  1.205962e+00  7.969303e-01  7.835670e-01
-2.647386e-01  1.179715e+00  1.144208e+00  2.846729e-01
-3.070106e-01  1.554292e+00  2.267577e-01  2.470088e-01
-2.413046e-01  1.122242e+00  2.178407e-01  1.898774e-01
-3.179375e-01  1.512821e+00  6.898478e-01  2.866655e-01
-2.287773e-01  1.089792e+00  6.807050e-01  2.008748e-01
-1.498353e+00  3.709091e-01  2.830131e-01  7.520148e-01
-1.082615e+00  6.947659e-01  2.566363e-01  1.053038e+00
-7.855678e-01  7.019497e-01  1.162927e+00  7.643241e-01
-6.833562e-01  5.603456e-01  1.468448e+00  2.914442e-01
-1.540180e+00  3.034277e-01  2.503613e-01  2.511848e-01
-1.112447e+00  6.955298e-01  2.267501e-01  2.250197e-01
-1.001630e+00  6.775591e-01  6.470188e-01  6.103773e-01
-1.282665e+00  6.946801e-01  7.147761e-01  2.392446e-01
-1.004459e+00  2.778776e-01  7.731723e-01  1.179492e+00
-1.044573e+00  2.230007e-01  2.444010e-01  1.159669e+00
-1.138875e+00  2.717358e-01  1.056908e+00  7.105849e-01
-1.026624e+00  2.774159e-01  1.144551e+00  2.309098e-01
-1.033117e+00  2.322008e-01  1.996154e-01  6.055865e-01
-1.025414e+00  2.255754e-01  2.180563e-01  1.959399e-01
-1.035465e+00  2.186539e-01  6.205949e-01  6.323693e-01
-1.112238e+00  2.322573e-01  6.759316e-01  2.079406e-01
-1.909454e-01  6.322205e-01  5.883380e-01  1.081113e+00
-2.239425e-01  6.122882e-01  2.715334e-01  1.478993e+00
-2.623437e-01  2.648051e-01  1.422872e+00  8.941789e-01
-2.353916e-01  2.318387e-01  1.495760e+00  2.854407e-01
-2.085509e-01  6.028984e-01  2.213637e-01  7.616949e-01
-2.034560e-01  6.241423e-01  2.113766e-01  2.382147e-01
-1.968359e-01  6.585190e-01  6.608822e-01  5.781031e-01
-2.165820e-01  5.980025e-01  6.543337e-01  1.913214e-01
-2.213598e-01  2.321791e-01  8.129662e-01  1.296908e+00
-2.087359e-01  2.060754e-01  2.368250e-01  1.207949e+00
-2.008821e-01  2.141615e-01  9.852924e-01  7.586479e-01
-1.953447e-01  1.937184e-01  1.020906e+00  2.466481e-01
-2.110877e-01  2.070893e-01  1.956426e-01  6.488706e-01
-2.017679e-01  2.103104e-01  2.006488e-01  2.137854e-01
-1.937261e-01  2.091555e-01  5.937551e-01  6.509005e-01
-2.103111e-01  2.004961e-01  6.023396e-01  2.117904e-01
-5.523768e-01  6.972781e-01  7.858654e-01  1.230624e+00
-6.126196e-01  6.194746e-01  2.314928e-01  1.184834e+00
-2.579739e-01  7.077453e-01  1.167017e+00  7.993075e-01
-2.402959e-01  6.331016e-01  1.216425e+00  2.541658e-01
-6.484637e-01  6.166933e-01  2.002961e-01  6.310849e-01
-6.274952e-01  6.341283e-01  2.026455e-01  2.075521e-01
-5.856650e-01  5.979223e-01  6.738811e-01  6.351385e-01
-6.593021e-01  6.207605e-01  6.247185e-01  1.941311e-01
-5.849869e-01  2.139233e-01  6.378215e-01  1.091581e+00
-6.207719e-01  2.258163e-01  2.775917e-01  1.465599e+00
-6.291875e-01  2.062869e-01  1.048379e+00  7.258589e-01
-5.949817e-01  2.418741e-01  1.055741e+00  2.296797e-01
-6.128441e-01  2.050234e-01  2.152282e-01  7.718704e-01
-6.059616e-01  2.059389e-01  2.013725e-01  2.380174e-01
-6.062514e-01  2.017883e-01  6.089286e-01  5.893353e-01
-6.454915e-01  2.051029e-01  6.229931e-01  1.956706e-01
-1.154668e+00  1.138187e+00  2.465473e-01 -6.384739e-01
-7.423760e-01  1.120317e+00  2.460885e-01 -1.010672e+00
-7.609106e-01  1.150475e+00  8.610541e-01 -7.631471e-01
-7.363856e-01  9.216062e-01  1.079547e+00 -2.333306e-01
-2.370759e-01  9.889870e-01  2.169268e-01 -6.548179e-01
-7.800438e-01  1.138332e+00  2.000439e-01 -2.128606e-01
-5.925040e-01  1.062982e+00  5.228695e-01 -5.418148e-01
-8.847058e-01  1.139810e+00  6.512159e-01 -2.123348e-01
-2.844527e-01  1.491886e+00  2.581721e-01 -7.456333e-01
-2.481979e-01  1.145435e+00  2.729848e-01 -1.194927e+00
-2.270557e-01  1.205962e+00  7.969303e-01 -7.835670e-01
-2.647386e-01  1.179715e+00  1.144208e+00 -2.846729e-01
-3.070106e-01  1.554292e+00  2.267577e-01 -2.470088e-01
-2.413046e-01  1.122242e+00  2.178407e-01 -1.898774e-01
-3.179375e-01  1.512821e+00  6.898478e-01 -2.866655e-01
-2.287773e-01  1.089792e+00  6.807050e-01 -2.008748e-01
-1.498353e+00  3.709091e-01  2.830131e-01 -7.520148e-01
-1.082615e+00  6.947659e-01  2.566363e-01 -1.053038e+00
-7.855678e-01  7.019497e-01  1.162927e+00 -7.643241e-01
-6.833562e-01  5.603456e-01  1.468448e+00 -2.914442e-01
-1.540180e+00  3.034277e-01  2.503613e-01 -2.511848e-01
-1.112447e+00  6.955298e-01  2.267501e-01 -2.250197e-01
-1.001630e+00  6.775591e-01  6.470188e-01 -6.103773e-01
-1.282665e+00  6.946801e-01  7.147761e-01 -2.392446e-01
-1.004459e+00  2.778776e-01  7.731723e-01 -1.179492e+00
-1.044573e+00  2.230007e-01  2.444010e-01 -1.159669e+00
-1.138875e+00  2.717358e-01  1.056908e+00 -7.105849e-01
-1.026624e+00  2.774159e-01  1.144551e+00 -2.309098e-01
-1.033117e+00  2.322008e-01  1.996154e-01 -6.055865e-01
-1.025414e+00  2.255754e-01  2.180563e-01 -1.959399e-01
-1.035465e+00  2.186539e-01  6.205949e-01 -6.323693e-01
-1.112238e+00  2.322573e-01  6.759316e-01 -2.079406e-01
-1.909454e-01  6.322205e-01  5.883380e-01 -1.081113e+00
-2.239425e-01  6.122882e-01  2.715334e-01 -1.478993e+00
-2.623437e-01  2.648051e-01  1.422872e+00 -8.941789e-01
-2.353916e-01  2.318387e-01  1.495760e+00 -2.854407e-01
-2.085509e-01  6.028984e-01  2.213637e-01 -7.616949e-01
-2.034560e-01  6.241423e-01  2.113766e-01 -2.382147e-01
-1.968359e-01  6.585190e-01  6.608822e-01 -5.781031e-01
-2.165820e-01  5.980025e-01  6.543337e-01 -1.913214e-01
-2.213598e-01  2.321791e-01  8.129662e-01 -1.296908e+00
-2.087359e-01  2.060754e-01  2.368250e-01 -1.207949e+00
-2.008821e-01  2.141615e-01  9.852924e-01 -7.586479e-01
-1.953447e-01  1.937184e-01  1.020906e+00 -2.466481e-01
-2.110877e-01  2.070893e-01  1.956426e-01 -6.488706e-01
-2.017679e-01  2.103104e-01  2.006488e-01 -2.137854e-01
-1.937261e-01  2.091555e-01  5.937551e-01 -6.509005e-01
-2.103111e-01  2.004961e-01  6.023396e-01 -2.117904e-01
-5.523768e-01  6.972781e-01  7.858654e-01 -1.230624e+00
-6.126196e-01  6.194746e-01  2.314928e-01 -1.184834e+00
-2.579739e-01  7.077453e-01  1.167017e+00 -7.993075e-01
-2.402959e-01  6.331016e-01  1.216425e+00 -2.541658e-01
-6.484637e-01  6.166933e-01  2.002961e-01 -6.310849e-01
-6.274952e-01  6.341283e-01  2.026455e-01 -2.075521e-01
-5.856650e-01  5.979223e-01  6.738811e-01 -6.351385e-01
-6.593021e-01  6.207605e-01  6.247185e-01 -1.941311e-01
-5.849869e-01  2.139233e-01  6.378215e-01 -1.091581e+00
-6.207719e-01  2.258163e-01  2.775917e-01 -1.465599e+00
-6.291875e-01  2.062869e-01  1.048379e+00 -7.258589e-01
-5.949817e-01  2.418741e-01  1.055741e+00 -2.296797e-01
-6.128441e-01  2.050234e-01  2.152282e-01 -7.718704e-01
-6.059616e-01  2.059389e-01  2.013725e-01 -2.380174e-01
-6.062514e-01  2.017883e-01  6.089286e-01 -5.893353e-01
-6.454915e-01  2.051029e-01  6.229931e-01 -1.956706e-01
-1.154668e+00  1.138187e+00 -2.465473e-01  6.384739e-01
-7.423760e-01  1.120317e+00 -2.460885e-01  1.010672e+00
-7.609106e-01  1.150475e+00 -8.610541e-01  7.631471e-01
-7.363856e-01  9.216062e-01 -1.079547e+00  2.333306e-01
-2.370759e-01  9.889870e-01 -2.169268e-01  6.548179e-01
-7.800438e-01  1.138332e+00 -2.000439e-01  2.128606e-01
-5.925040e-01  1.062982e+00 -5.228695e-01  5.418148e-01
-8.847058e-01  1.139810e+00 -6.512159e-01  2.123348e-01
-2.844527e-01  1.491886e+00 -2.581721e-01  7.456333e-01
-2.481979e-01  1.145435e+00 -2.729848e-01  1.194927e+00
-2.270557e-01  1.205962e+00 -7.969303e-01  7.835670e-01
-2.647386e-01  1.179715e+00 -1.144208e+00  2.846729e-01
-3.070106e-01  1.554292e+00 -2.267577e-01  2.470088e-01
-2.413046e-01  1.122242e+00 -2.178407e-01  1.898774e-01
-3.179375e-01  1.512821e+00 -6.898478e-01  2.866655e-01
-2.287773e-01  1.089792e+00 -6.807050e-01  2.008748e-01
-1.498353e+00  3.709091e-01 -2.830131e-01  7.520148e-01
-1.082615e+00  6.947659e-01 -2.566363e-01  1.053038e+00
-7.855678e-01  7.019497e-01 -1.162927e+00  7.643241e-01
-6.833562e-01  5.603456e-01 -1.468448e+00  2.914442e-01
-1.540180e+00  3.034277e-01 -2.503613e-01  2.511848e-01
-1.112447e+00  6.955298e-01 -2.267501e-01  2.250197e-01
-1.001630e+00  6.775591e-01 -6.470188e-01  6.103773e-01
-1.282665e+00  6.946801e-01 -7.147761e-01  2.392446e-01
-1.004459e+00  2.778776e-01 -7.731723e-01  1.179492e+00
-1.044573e+00  2.230007e-01 -2.444010e-01  1.159669e+00
-1.138875e+00  2.717358e-01 -1.056908e+00  7.105849e-01
-1.026624e+00  2.774159e-01 -1.144551e+00  2.309098e-01
-1.033117e+00  2.322008e-01 -1.996154e-01  6.055865e-01
-1.025414e+00  2.255754e-01 -2.180563e-01  1.959399e-01
-1.035465e+00  2.186539e-01 -6.205949e-01  6.323693e-01
-1.112238e+00  2.322573e-01 -6.759316e-01  2.079406e-01
-1.909454e-01  6.322205e-01 -5.883380e-01  1.081113e+00
-2.239425e-01  6.122882e-01 -2.715334e-01  1.478993e+00
-2.623437e-01  2.648051e-01 -1.422872e+00  8.941789e-01
-2.353916e-01  2.318387e-01 -1.495760e+00  2.854407e-01
-2.085509e-01  6.028984e-01 -2.213637e-01  7.616949e-01
-2.034560e-01  6.241423e-01 -2.113766e-01  2.382147e-01
-1.968359e-01  6.585190e-01 -6.608822e-01  5.781031e-01
-2.165820e-01  5.980025e-01 -6.543337e-01  1.913214e-01
-2.213598e-01  2.321791e-01 -8.129662e-01  1.296908e+00
-2.087359e-01  2.060754e-01 -2.368250e-01  1.207949e+00
-2.008821e-01  2.141615e-01 -9.852924e-01  7.586479e-01
-1.953447e-01  1.937184e-01 -1.020906e+00  2.466481e-01
-2.110877e-01  2.070893e-01 -1.956426e-01  6.488706e-01
-2.017679e-01  2.103104e-01 -2.006488e-01  2.137854e-01
-1.937261e-01  2.091555e-01 -5.937551e-01  6.509005e-01
-2.103111e-01  2.004961e-01 -6.023396e-01  2.117904e-01
-5.523768e-01  6.972781e-01 -7.858654e-01  1.230624e+00
-6.126196e-01  6.194746e-01 -2.314928e-01  1.184834e+00
-2.579739e-01  7.077453e-01 -1.167017e+00  7.993075e-01
-2.402959e-01  6.331016e-01 -1.216425e+00  2.541658e-01
-6.484637e-01  6.166933e-01 -2.002961e-01  6.310849e-01
-6.274952e-01  6.341283e-01 -2.026455e-01  2.075521e-01
-5.856650e-01  5.979223e-01 -6.738811e-01  6.351385e-01
-6.593021e-01  6.207605e-01 -6.247185e-01  1.941311e-01
-5.849869e-01  2.139233e-01 -6.378215e-01  1.091581e+00
-6.207719e-01  2.258163e-01 -2.775917e-01  1.465599e+00
-6.291875e-01  2.062869e-01 -1.048379e+00  7.258589e-01
-5.949817e-01  2.418741e-01 -1.055741e+00  2.296797e-01
-6.128441e-01  2.050234e-01 -2.152282e-01  7.718704e-01
-6.059616e-01  2.059389e-01 -2.013725e-01  2.380174e-01
-6.062514e-01  2.017883e-01 -6.089286e-01  5.893353e-01
-6.454915e-01  2.051029e-01 -6.229931e-01  1.956706e-01
-1.154668e+00  1.138187e+00 -2.465473e-01 -6.384739e-01
-7.423760e-01  1.120317e+00 -2.460885e-01 -1.010672e+00
-7.609106e-01  1.150475e+00 -8.610541e-01 -7.631471e-01
-7.363856e-01  9.216062e-01 -1.079547e+00 -2.333306e-01
-2.370759e-01  9.889870e-01 -2.169268e-01 -6.548179e-01
-7.800438e-01  1.138332e+00 -2.000439e-01 -2.128606e-01
-5.925040e-01  1.062982e+00 -5.228695e-01 -5.418148e-01
-8.847058e-01  1.139810e+00 -6.512159e-01 -2.123348e-01
-2.844527e-01  1.491886e+00 -2.581721e-01 -7.456333e-01
-2.481979e-01  1.145435e+00 -2.729848e-01 -1.194927e+00
-2.270557e-01  1.205962e+00 -7.969303e-01 -7.835670e-01
-2.647386e-01  1.179715e+00 -1.144208e+00 -2.846729e-01
-3.070106e-01  1.554292e+00 -2.267577e-01 -2.470088e-01
-2.413046e-01  1.122242e+00 -2.178407e-01 -1.898774e-01
-3.179375e-01  1.512821e+00 -6.898478e-01 -2.866655e-01
-2.287773e-01  1.089792e+00 -6.807050e-01 -2.008748e-01
-1.498353e+00  3.709091e-01 -2.830131e-01 -7.520148e-01
-1.082615e+00  6.947659e-01 -2.566363e-01 -1.053038e+00
-7.855678e-01  7.019497e-01 -1.162927e+00 -7.643241e-01
-6.833562e-01  5.603456e-01 -1.468448e+00 -2.914442e-01
-1.540180e+00  3.034277e-01 -2.503613e-01 -2.511848e-01
-1.112447e+00  6.955298e-01 -2.267501e-01 -2.250197e-01
-1.001630e+00  6.775591e-01 -6.470188e-01 -6.103773e-01
-1.282665e+00  6.946801e-01 -7.147761e-01 -2.392446e-01
-1.004459e+00  2.778776e-01 -7.731723e-01 -1.179492e+00
-1.044573e+00  2.230007e-01 -2.444010e-01 -1.159669e+00
-1.138875e+00  2.717358e-01 -1.056908e+00 -7.105849e-01
-1.026624e+00  2.774159e-01 -1.144551e+00 -2.309098e-01
-1.033117e+00  2.322008e-01 -1.996154e-01 -6.055865e-01
-1.025414e+00  2.255754e-01 -2.180563e-01 -1.959399e-01
-1.035465e+00  2.186539e-01 -6.205949e-01 -6.323693e-01
-1.112238e+00  2.322573e-01 -6.759316e-01 -2.079406e-01
-1.909454e-01  6.322205e-01 -5.883380e-01 -1.081113e+00
-2.239425e-01  6.122882e-01 -2.715334e-01 -1.478993e+00
-2.623437e-01  2.648051e-01 -1.422872e+00 -8.941789e-01
-2.353916e-01  2.318387e-01 -1.495760e+00 -2.854407e-01
-2.085509e-01  6.028984e-01 -2.213637e-01 -7.616949e-01
-2.034560e-01  6.241423e-01 -2.113766e-01 -2.382147e-01
-1.968359e-01  6.585190e-01 -6.608822e-01 -5.781031e-01
-2.165820e-01  5.980025e-01 -6.543337e-01 -1.913214e-01
-2.213598e-01  2.321791e-01 -8.129662e-01 -1.296908e+00
-2.087359e-01  2.060754e-01 -2.368250e-01 -1.207949e+00
-2.008821e-01  2.141615e-01 -9.852924e-01 -7.586479e-01
-1.953447e-01  1.937184e-01 -1.020906e+00 -2.466481e-01
-2.110877e-01  2.070893e-01 -1.956426e-01 -6.488706e-01
-2.017679e-01  2.103104e-01 -2.006488e-01 -2.137854e-01
-1.937261e-01  2.091555e-01 -5.937551e-01 -6.509005e-01
-2.103111e-01  2.004961e-01 -6.023396e-01 -2.117904e-01
-5.523768e-01  6.972781e-01 -7.858654e-01 -1.230624e+00
-6.126196e-01  6.194746e-01 -2.314928e-01 -1.184834e+00
-2.579739e-01  7.077453e-01 -1.167017e+00 -7.993075e-01
-2.402959e-01  6.331016e-01 -1.216425e+00 -2.541658e-01
-6.484637e-01  6.166933e-01 -2.002961e-01 -6.310849e-01
-6.274952e-01  6.341283e-01 -2.026455e-01 -2.075521e-01
-5.856650e-01  5.979223e-01 -6.738811e-01 -6.351385e-01
-6.593021e-01  6.207605e-01 -6.247185e-01 -1.941311e-01
-5.849869e-01  2.139233e-01 -6.378215e-01 -1.091581e+00
-6.207719e-01  2.258163e-01 -2.775917e-01 -1.465599e+00
-6.291875e-01  2.062869e-01 -1.048379e+00 -7.258589e-01
-5.949817e-01  2.418741e-01 -1.055741e+00 -2.296797e-01
-6.128441e-01  2.050234e-01 -2.152282e-01 -7.718704e-01
-6.059616e-01  2.059389e-01 -2.013725e-01 -2.380174e-01
-6.062514e-01  2.017883e-01 -6.089286e-01 -5.893353e-01
-6.454915e-01  2.051029e-01 -6.229931e-01 -1.956706e-01
-1.154668e+00 -1.138187e+00  2.465473e-01  6.384739e-01
-7.423760e-01 -1.120317e+00  2.460885e-01  1.010672e+00
-7.609106e-01 -1.150475e+00  8.610541e-01  7.631471e-01
-7.363856e-01 -9.216062e-01  1.079547e+00  2.333306e-01
-2.370759e-01 -9.889870e-01  2.169268e-01  6.548179e-01
-7.800438e-01 -1.138332e+00  2.000439e-01  2.128606e-01
-5.925040e-01 -1.062982e+00  5.228695e-01  5.418148e-01
-8.847058e-01 -1.139810e+00  6.512159e-01  2.123348e-01
-2.844527e-01 -1.491886e+00  2.581721e-01  7.456333e-01
-2.481979e-01 -1.145435e+00  2.729848e-01  1.194927e+00
-2.270557e-01 -1.205962e+00  7.969303e-01  7.835670e-01
-2.647386e-01 -1.179715e+00  1.144208e+00  2.846729e-01
-3.070106e-01 -1.554292e+00  2.267577e-01  2.470088e-01
-2.413046e-01 -1.122242e+00  2.178407e-01  1.898774e-01
-3.179375e-01 -1.512821e+00  6.898478e-01  2.866655e-01
-2.287773e-01 -1.089792e+00  6.807050e-01  2.008748e-01
-1.498353e+00 -3.709091e-01  2.830131e-01  7.520148e-01
-1.082615e+00 -6.947659e-01  2.566363e-01  1.053038e+00
-7.855678e-01 -7.019497e-01  1.162927e+00  7.643241e-01
-6.833562e-01 -5.603456e-01  1.468448e+00  2.914442e-01
-1.540180e+00 -3.034277e-01  2.503613e-01  2.511848e-01
-1.112447e+00 -6.955298e-01  2.267501e-01  2.250197e-01
-1.001630e+00 -6.775591e-01  6.470188e-01  6.103773e-01
-1.282665e+00 -6.946801e-01  7.147761e-01  2.392446e-01
-1.004459e+00 -2.778776e-01  7.731723e-01  1.179492e+00
-1.044573e+00 -2.230007e-01  2.444010e-01  1.159669e+00
-1.138875e+00 -2.717358e-01  1.056908e+00  7.105849e-01
-1.026624e+00 -2.774159e-01  1.144551e+00  2.309098e-01
-1.033117e+00 -2.322008e-01  1.996154e-01  6.055865e-01
-1.025414e+00 -2.255754e-01  2.180563e-01  1.959399e-01
-1.035465e+00 -2.186539e-01  6.205949e-01  6.323693e-01
-1.112238e+00 -2.322573e-01  6.759316e-01  2.079406e-01
-1.909454e-01 -6.322205e-01  5.883380e-01  1.081113e+00
-2.239425e-01 -6.122882e-01  2.715334e-01  1.478993e+00
-2.623437e-01 -2.648051e-01  1.422872e+00  8.941789e-01
-2.353916e-01 -2.318387e-01  1.495760e+00  2.854407e-01
-2.085509e-01 -6.028984e-01  2.213637e-01  7.616949e-01
-2.034560e-01 -6.241423e-01  2.113766e-01  2.382147e-01
-1.968359e-01 -6.585190e-01  6.608822e-01  5.781031e-01
-2.165820e-01 -5.980025e-01  6.543337e-01  1.913214e-01
-2.213598e-01 -2.321791e-01  8.129662e-01  1.296908e+00
-2.087359e-01 -2.060754e-01  2.368250e-01  1.207949e+00
-2.008821e-01 -2.141615e-01  9.852924e-01  7.586479e-01
-1.953447e-01 -1.937184e-01  1.020906e+00  2.466481e-01
-2.110877e-01 -2.070893e-01  1.956426e-01  6.488706e-01
-2.017679e-01 -2.103104e-01  2.006488e-01  2.137854e-01
-1.937261e-01 -2.091555e-01  5.937551e-01  6.509005e-01
-2.103111e-01 -2.004961e-01  6.023396e-01  2.117904e-01
-5.523768e-01 -6.972781e-01  7.858654e-01  1.230624e+00
-6.126196e-01 -6.194746e-01  2.314928e-01  1.184834e+00
-2.579739e-01 -7.077453e-01  1.167017e+00  7.993075e-01
-2.402959e-01 -6.331016e-01  1.216425e+00  2.541658e-01
-6.484637e-01 -6.166933e-01  2.002961e-01  6.310849e-01
-6.274952e-01 -6.341283e-01  2.026455e-01  2.075521e-01
-5.856650e-01 -5.979223e-01  6.738811e-01  6.351385e-01
-6.593021e-01 -6.207605e-01  6.247185e-01  1.941311e-01
-5.849869e-01 -2.139233e-01  6.378215e-01  1.091581e+00
-6.207719e-01 -2.258163e-01  2.775917e-01  1.465599e+00
-6.291875e-01 -2.062869e-01  1.048379e+00  7.258589e-01
-5.949817e-01 -2.418741e-01  1.055741e+00  2.296797e-01
-6.128441e-01 -2.050234e-01  2.152282e-01  7.718704e-01
-6.059616e-01 -2.059389e-01  2.013725e-01  2.380174e-01
-6.062514e-01 -2.017883e-01  6.089286e-01  5.893353e-01
-6.454915e-01 -2.051029e-01  6.229931e-01  1.956706e-01
-1.154668e+00 -1.138187e+00  2.465473e-01 -6.384739e-01
-7.423760e-01 -1.120317e+00  2.460885e-01 -1.010672e+00
-7.609106e-01 -1.150475e+00  8.610541e-01 -7.631471e-01
-7.363856e-01 -9.216062e-01  1.079547e+00 -2.333306e-01
-2.370759e-01 -9.889870e-01  2.169268e-01 -6.548179e-01
-7.800438e-01 -1.138332e+00  2.000439e-01 -2.128606e-01
-5.925040e-01 -1.062982e+00  5.228695e-01 -5.418148e-01
-8.847058e-01 -1.139810e+00  6.512159e-01 -2.123348e-01
-2.844527e-01 -1.491886e+00  2.581721e-01 -7.456333e-01
-2.481979e-01 -1.145435e+00  2.729848e-01 -1.194927e+00
-2.270557e-01 -1.205962e+00  7.969303e-01 -7.835670e-01
-2.647386e-01 -1.179715e+00  1.144208e+00 -2.846729e-01
-3.070106e-01 -1.554292e+00  2.267577e-01 -2.470088e-01
-2.413046e-01 -1.122242e+00  2.178407e-01 -1.898774e-01
-3.179375e-01 -1.512821e+00  6.898478e-01 -2.866655e-01
-2.287773e-01 -1.089792e+00  6.807050e-01 -2.008748e-01
-1.498353e+00 -3.709091e-01  2.830131e-01 -7.520148e-01
-1.082615e+00 -6.947659e-01  2.566363e-01 -1.053038e+00
-7.855678e-01 -7.019497e-01  1.162927e+00 -7.643241e-01
-6.833562e-01 -5.603456e-01  1.468448e+00 -2.914442e-01
-1.540180e+00 -3.034277e-01  2.503613e-01 -2.511848e-01
-1.112447e+00 -6.955298e-01  2.267501e-01 -2.250197e-01
-1.001630e+00 -6.775591e-01  6.470188e-01 -6.103773e-01
-1.282665e+00 -6.946801e-01  7.147761e-01 -2.392446e-01
-1.004459e+00 -2.778776e-01  7.731723e-01 -1.179492e+00
-1.044573e+00 -2.230007e-01  2.444010e-01 -1.159669e+00
-1.138875e+00 -2.717358e-01  1.056908e+00 -7.105849e-01
-1.026624e+00 -2.774159e-01  1.144551e+00 -2.309098e-01
-1.033117e+00 -2.322008e-01  1.996154e-01 -6.055865e-01
-1.025414e+00 -2.255754e-01  2.180563e-01 -1.959399e-01
-1.035465e+00 -2.186539e-01  6.205949e-01 -6.323693e-01
-1.112238e+00 -2.322573e-01  6.759316e-01 -2.079406e-01
-1.909454e-01 -6.322205e-01  5.883380e-01 -1.081113e+00
-2.239425e-01 -6.122882e-01  2.715334e-01 -1.478993e+00
-2.623437e-01 -2.648051e-01  1.422872e+00 -8.941789e-01
-2.353916e-01 -2.318387e-01  1.495760e+00 -2.854407e-01
-2.085509e-01 -6.028984e-01  2.213637e-01 -7.616949e-01
-2.034560e-01 -6.241423e-01  2.113766e-01 -2.382147e-01
-1.968359e-01 -6.585190e-01  6.608822e-01 -5.781031e-01
-2.165820e-01 -5.980025e-01  6.543337e-01 -1.913214e-01
-2.213598e-01 -2.321791e-01  8.129662e-01 -1.296908e+00
-2.087359e-01 -2.060754e-01  2.368250e-01 -1.207949e+00
-2.008821e-01 -2.141615e-01  9.852924e-01 -7.586479e-01
-1.953447e-01 -1.937184e-01  1.020906e+00 -2.466481e-01
-2.110877e-01 -2.070893e-01  1.956426e-01 -6.488706e-01
-2.017679e-01 -2.103104e-01  2.006488e-01 -2.137854e-01
-1.937261e-01 -2.091555e-01  5.937551e-01 -6.509005e-01
-2.103111e-01 -2.004961e-01  6.023396e-01 -2.117904e-01
-5.523768e-01 -6.972781e-01  7.858654e-01 -1.230624e+00
-6.126196e-01 -6.194746e-01  2.314928e-01 -1.184834e+00
-2.579739e-01 -7.077453e-01  1.167017e+00 -7.993075e-01
-2.402959e-01 -6.331016e-01  1.216425e+00 -2.541658e-01
-6.484637e-01 -6.166933e-01  2.002961e-01 -6.310849e-01
-6.274952e-01 -6.341283e-01  2.026455e-01 -2.075521e-01
-5.856650e-01 -5.979223e-01  6.738811e-01 -6.351385e-01
-6.593021e-01 -6.207605e-01  6.247185e-01 -1.941311e-01
-5.849869e-01 -2.139233e-01  6.378215e-01 -1.091581e+00
-6.207719e-01 -2.258163e-01  2.775917e-01 -1.465599e+00
-6.291875e-01 -2.062869e-01  1.048379e+00 -7.258589e-01
-5.949817e-01 -2.418741e-01  1.055741e+00 -2.296797e-01
-6.128441e-01 -2.050234e-01  2.152282e-01 -7.718704e-01
-6.059616e-01 -2.059389e-01  2.013725e-01 -2.380174e-01
-6.062514e-01 -2.017883e-01  6.089286e-01 -5.893353e-01
-6.454915e-01 -2.051029e-01  6.229931e-01 -1.956706e-01
-1.154668e+00 -1.138187e+00 -2.465473e-01  6.384739e-01
-7.423760e-01 -1.120317e+00 -2.460885e-01  1.010672e+00
-7.609106e-01 -1.150475e+00 -8.610541e-01  7.631471e-01
-7.363856e-01 -9.216062e-01 -1.079547e+00  2.333306e-01
-2.370759e-01 -9.889870e-01 -2.169268e-01  6.548179e-01
-7.800438e-01 -1.138332e+00 -2.000439e-01  2.128606e-01
-5.925040e-01 -1.062982e+00 -5.228695e-01  5.418148e-01
-8.847058e-01 -1.139810e+00 -6.512159e-01  2.123348e-01
-2.844527e-01 -1.491886e+00 -2.581721e-01  7.456333e-01
-2.481979e-01 -1.145435e+00 -2.729848e-01  1.194927e+00
-2.270557e-01 -1.205962e+00 -7.969303e-01  7.835670e-01
-2.647386e-01 -1.179715e+00 -1.144208e+00  2.846729e-01
-3.070106e-01 -1.554292e+00 -2.267577e-01  2.470088e-01
-2.413046e-01 -1.122242e+00 -2.178407e-01  1.898774e-01
-3.179375e-01 -1.512821e+00 -6.898478e-01  2.866655e-01
-2.287773e-01 -1.089792e+00 -6.807050e-01  2.008748e-01
-1.498353e+00 -3.709091e-01 -2.830131e-01  7.520148e-01
-1.082615e+00 -6.947659e-01 -2.566363e-01  1.053038e+00
-7.855678e-01 -7.019497e-01 -1.162927e+00  7.643241e-01
-6.833562e-01 -5.603456e-01 -1.468448e+00  2.914442e-01
-1.540180e+00 -3.034277e-01 -2.503613e-01  2.511848e-01
-1.112447e+00 -6.955298e-01 -2.267501e-01  2.250197e-01
-1.001630e+00 -6.775591e-01 -6.470188e-01  6.103773e-01
-1.282665e+00 -6.946801e-01 -7.147761e-01  2.392446e-01
-1.004459e+00 -2.778776e-01 -7.731723e-01  1.179492e+00
-1.044573e+00 -2.230007e-01 -2.444010e-01  1.159669e+00
-1.138875e+00 -2.717358e-01 -1.056908e+00  7.105849e-01
-1.026624e+00 -2.774159e-01 -1.144551e+00  2.309098e-01
-1.033117e+00 -2.322008e-01 -1.996154e-01  6.055865e-01
-1.025414e+00 -2.255754e-01 -2.180563e-01  1.959399e-01
-1.035465e+00 -2.186539e-01 -6.205949e-01  6.323693e-01
-1.112238e+00 -2.322573e-01 -6.759316e-01  2.079406e-01
-1.909454e-01 -6.322205e-01 -5.883380e-01  1.081113e+00
-2.239425e-01 -6.122882e-01 -2.715334e-01  1.478993e+00
-2.623437e-01 -2.648051e-01 -1.422872e+00  8.941789e-01
-2.353916e-01 -2.318387e-01 -1.495760e+00  2.854407e-01
-2.085509e-01 -6.028984e-01 -2.213637e-01  7.616949e-01
-2.034560e-01 -6.241423e-01 -2.113766e-01  2.382147e-01
-1.968359e-01 -6.585190e-01 -6.608822e-01  5.781031e-01
-2.165820e-01 -5.980025e-01 -6.543337e-01  1.913214e-01
-2.213598e-01 -2.321791e-01 -8.129662e-01  1.296908e+00
-2.087359e-01 -2.060754e-01 -2.368250e-01  1.207949e+00
-2.008821e-01 -2.141615e-01 -9.852924e-01  7.586479e-01
-1.953447e-01 -1.937184e-01 -1.020906e+00  2.466481e-01
-2.110877e-01 -2.070893e-01 -1.956426e-01  6.488706e-01
-2.017679e-01 -2.103104e-01 -2.006488e-01  2.137854e-01
-1.937261e-01 -2.091555e-01 -5.937551e-01  6.509005e-01
-2.103111e-01 -2.004961e-01 -6.023396e-01  2.117904e-01
-5.523768e-01 -6.972781e-01 -7.858654e-01  1.230624e+00
-6.126196e-01 -6.194746e-01 -2.314928e-01  1.184834e+00
-2.579739e-01 -7.077453e-01 -1.167017e+00  7.993075e-01
-2.402959e-01 -6.331016e-01 -1.216425e+00  2.541658e-01
-6.484637e-01 -6.166933e-01 -2.002961e-01  6.310849e-01
-6.274952e-01 -6.341283e-01 -2.026455e-01  2.075521e-01
-5.856650e-01 -5.979223e-01 -6.738811e-01  6.351385e-01
-6.593021e-01 -6.207605e-01 -6.247185e-01  1.941311e-01
-5.849869e-01 -2.139233e-01 -6.378215e-01  1.091581e+00
-6.207719e-01 -2.258163e-01 -2.775917e-01  1.465599e+00
-6.291875e-01 -2.062869e-01 -1.048379e+00  7.258589e-01
-5.949817e-01 -2.418741e-01 -1.055741e+00  2.296797e-01
-6.128441e-01 -2.050234e-01 -2.152282e-01  7.718704e-01
-6.059616e-01 -2.059389e-01 -2.013725e-01  2.380174e-01
-6.062514e-01 -2.017883e-01 -6.089286e-01  5.893353e-01
-6.454915e-01 -2.051029e-01 -6.229931e-01  1.956706e-01
-1.154668e+00 -1.138187e+00 -2.465473e-01 -6.384739e-01
-7.423760e-01 -1.120317e+00 -2.460885e-01 -1.010672e+00
-7.609106e-01 -1.150475e+00 -8.610541e-01 -7.631471e-01
-7.363856e-01 -9.216062e-01 -1.079547e+00 -2.333306e-01
-2.370759e-01 -9.889870e-01 -2.169268e-01 -6.548179e-01
-7.800438e-01 -1.138332e+00 -2.000439e-01 -2.128606e-01
-5.925040e-01 -1.062982e+00 -5.228695e-01 -5.418148e-01
-8.847058e-01 -1.139810e+00 -6.512159e-01 -2.123348e-01
-2.844527e-01 -1.491886e+00 -2.581721e-01 -7.456333e-01
-2.481979e-01 -1.145435e+00 -2.729848e-01 -1.194927e+00
-2.270557e-01 -1.205962e+00 -7.969303e-01 -7.835670e-01
-2.647386e-01 -1.179715e+00 -1.144208e+00 -2.846729e-01
-3.070106e-01 -1.554292e+00 -2.267577e-01 -2.470088e-01
-2.413046e-01 -1.122242e+00 -2.178407e-01 -1.898774e-01
-3.179375e-01 -1.512821e+00 -6.898478e-01 -2.866655e-01
-2.287773e-01 -1.089792e+00 -6.807050e-01 -2.008748e-01
-1.498353e+00 -3.709091e-01 -2.830131e-01 -7.520148e-01
-1.082615e+00 -6.947659e-01 -2.566363e-01 -1.053038e+00
-7.855678e-01 -7.019497e-01 -1.162927e+00 -7.643241e-01
-6.833562e-01 -5.603456e-01 -1.468448e+00 -2.914442e-01
-1.540180e+00 -3.034277e-01 -2.503613e-01 -2.511848e-01
-1.112447e+00 -6.955298e-01 -2.267501e-01 -2.250197e-01
-1.001630e+00 -6.775591e-01 -6.470188e-01 -6.103773e-01
-1.282665e+00 -6.946801e-01 -7.147761e-01 -2.392446e-01
-1.004459e+00 -2.778776e-01 -7.731723e-01 -1.179492e+00
-1.044573e+00 -2.230007e-01 -2.444010e-01 -1.159669e+00
-1.138875e+00 -2.717358e-01 -1.056908e+00 -7.105849e-01
-1.026624e+00 -2.774159e-01 -1.144551e+00 -2.309098e-01
-1.033117e+00 -2.322008e-01 -1.996154e-01 -6.055865e-01
-1.025414e+00 -2.255754e-01 -2.180563e-01 -1.959399e-01
-1.035465e+00 -2.186539e-01 -6.205949e-01 -6.323693e-01
-1.112238e+00 -2.322573e-01 -6.759316e-01 -2.079406e-01
-1.909454e-01 -6.322205e-01 -5.883380e-01 -1.081113e+00
-2.239425e-01 -6.122882e-01 -2.715334e-01 -1.478993e+00
-2.623437e-01 -2.648051e-01 -1.422872e+00 -8.941789e-01
-2.353916e-01 -2.318387e-01 -1.495760e+00 -2.854407e-01
-2.085509e-01 -6.028984e-01 -2.213637e-01 -7.616949e-01
-2.034560e-01 -6.241423e-01 -2.113766e-01 -2.382147e-01
-1.968359e-01 -6.585190e-01 -6.608822e-01 -5.781031e-01
-2.165820e-01 -5.980025e-01 -6.543337e-01 -1.913214e-01
-2.213598e-01 -2.321791e-01 -8.129662e-01 -1.296908e+00
-2.087359e-01 -2.060754e-01 -2.368250e-01 -1.207949e+00
-2.008821e-01 -2.141615e-01 -9.852924e-01 -7.586479e-01
-1.953447e-01 -1.937184e-01 -1.020906e+00 -2.466481e-01
-2.110877e-01 -2.070893e-01 -1.956426e-01 -6.488706e-01
-2.017679e-01 -2.103104e-01 -2.006488e-01 -2.137854e-01
-1.937261e-01 -2.091555e-01 -5.937551e-01 -6.509005e-01
-2.103111e-01 -2.004961e-01 -6.023396e-01 -2.117904e-01
-5.523768e-01 -6.972781e-01 -7.858654e-01 -1.230624e+00
-6.126196e-01 -6.194746e-01 -2.314928e-01 -1.184834e+00
-2.579739e-01 -7.077453e-01 -1.167017e+00 -7.993075e-01
-2.402959e-01 -6.331016e-01 -1.216425e+00 -2.541658e-01
-6.484637e-01 -6.166933e-01 -2.002961e-01 -6.310849e-01
-6.274952e-01 -6.341283e-01 -2.026455e-01 -2.075521e-01
-5.856650e-01 -5.979223e-01 -6.738811e-01 -6.351385e-01
-6.593021e-01 -6.207605e-01 -6.247185e-01 -1.941311e-01
-5.849869e-01 -2.139233e-01 -6.378215e-01 -1.091581e+00
-6.207719e-01 -2.258163e-01 -2.775917e-01 -1.465599e+00
-6.291875e-01 -2.062869e-01 -1.048379e+00 -7.258589e-01
-5.949817e-01 -2.418741e-01 -1.055741e+00 -2.296797e-01
-6.128441e-01 -2.050234e-01 -2.152282e-01 -7.718704e-01
-6.059616e-01 -2.059389e-01 -2.013725e-01 -2.380174e-01
-6.062514e-01 -2.017883e-01 -6.089286e-01 -5.893353e-01
-6.454915e-01 -2.051029e-01 -6.229931e-01 -1.956706e-01
