 8.619399e-01  8.596022e-01  8.605088e-01  8.566892e-01
 9.083122e-01  9.024556e-01  9.040745e-01  2.689785e-01
 9.069754e-01  8.991407e-01  2.701405e-01  9.113414e-01
 1.010946e+00  9.928082e-01  2.817221e-01  2.866328e-01
 9.048274e-01  2.708042e-01  9.082419e-01  9.033503e-01
 9.601011e-01  2.717264e-01  9.615614e-01  2.728509e-01
 9.565028e-01  2.706994e-01  2.751847e-01  9.653919e-01
 1.135213e+00  2.824202e-01  2.884535e-01  2.900727e-01
 2.708074e-01  9.105167e-01  9.067671e-01  9.004227e-01
 2.746970e-01  9.641395e-01  9.571466e-01  2.717602e-01
 2.731882e-01  9.625775e-01  2.730284e-01  9.626054e-01
 2.889194e-01  1.149614e+00  2.856895e-01  2.891256e-01
 2.827030e-01  2.867539e-01  1.009300e+00  9.982242e-01
 2.883927e-01  2.890420e-01  1.138516e+00  2.848366e-01
 2.860345e-01  2.895557e-01  2.903631e-01  1.151077e+00
 2.945019e-01  2.965127e-01  2.965736e-01  2.992126e-01
 8.619399e-01  8.596022e-01  8.605088e-01 -8.566892e-01
 9.083122e-01  9.024556e-01  9.040745e-01 -2.689785e-01
 9.069754e-01  8.991407e-01  2.701405e-01 -9.113414e-01
 1.010946e+00  9.928082e-01  2.817221e-01 -2.866328e-01
 9.048274e-01  2.708042e-01  9.082419e-01 -9.033503e-01
 9.601011e-01  2.717264e-01  9.615614e-01 -2.728509e-01
 9.565028e-01  2.706994e-01  2.751847e-01 -9.653919e-01
 1.135213e+00  2.824202e-01  2.884535e-01 -2.900727e-01
 2.708074e-01  9.105167e-01  9.067671e-01 -9.004227e-01
 2.746970e-01  9.641395e-01  9.571466e-01 -2.717602e-01
 2.731882e-01  9.625775e-01  2.730284e-01 -9.626054e-01
 2.889194e-01  1.149614e+00  2.856895e-01 -2.891256e-01
 2.827030e-01  2.867539e-01  1.009300e+00 -9.982242e-01
 2.883927e-01  2.890420e-01  1.138516e+00 -2.848366e-01
 2.860345e-01  2.895557e-01  2.903631e-01 -1.151077e+00
 2.945019e-01  2.965127e-01  2.965736e-01 -2.992126e-01
 8.619399e-01  8.596022e-01 -8.605088e-01  8.566892e-01
 9.083122e-01  9.024556e-01 -9.040745e-01  2.689785e-01
 9.069754e-01  8.991407e-01 -2.701405e-01  9.113414e-01
 1.010946e+00  9.928082e-01 -2.817221e-01  2.866328e-01
 9.048274e-01  2.708042e-01 -9.082419e-01  9.033503e-01
 9.601011e-01  2.717264e-01 -9.615614e-01  2.728509e-01
 9.565028e-01  2.706994e-01 -2.751847e-01  9.653919e-01
 1.135213e+00  2.824202e-01 -2.884535e-01  2.900727e-01
 2.708074e-01  9.105167e-01 -9.067671e-01  9.004227e-01
 2.746970e-01  9.641395e-01 -9.571466e-01  2.717602e-01
 2.731882e-01  9.625775e-01 -2.730284e-01  9.626054e-01
 2.889194e-01  1.149614e+00 -2.856895e-01  2.891256e-01
 2.827030e-01  2.867539e-01 -1.009300e+00  9.982242e-01
 2.883927e-01  2.890420e-01 -1.138516e+00  2.848366e-01
 2.860345e-01  2.895557e-01 -2.903631e-01  1.151077e+00
 2.945019e-01  2.965127e-01 -2.965736e-01  2.992126e-01
 8.619399e-01  8.596022e-01 -8.605088e-01 -8.566892e-01
 9.083122e-01  9.024556e-01 -9.040745e-01 -2.689785e-01
 9.069754e-01  8.991407e-01 -2.701405e-01 -9.113414e-01
 1.010946e+00  9.928082e-01 -2.817221e-01 -2.866328e-01
 9.048274e-01  2.708042e-01 -9.082419e-01 -9.033503e-01
 9.601011e-01  2.717264e-01 -9.615614e-01 -2.728509e-01
 9.565028e-01  2.706994e-01 -2.751847e-01 -9.653919e-01
 1.135213e+00  2.824202e-01 -2.884535e-01 -2.900727e-01
 2.708074e-01  9.105167e-01 -9.067671e-01 -9.004227e-01
 2.746970e-01  9.641395e-01 -9.571466e-01 -2.717602e-01
 2.731882e-01  9.625775e-01 -2.730284e-01 -9.626054e-01
 2.889194e-01  1.149614e+00 -2.856895e-01 -2.891256e-01
 2.827030e-01  2.867539e-01 -1.009300e+00 -9.982242e-01
 2.883927e-01  2.890420e-01 -1.138516e+00 -2.848366e-01
 2.860345e-01  2.895557e-01 -2.903631e-01 -1.151077e+00
 2.945019e-01  2.965127e-01 -2.965736e-01 -2.992126e-01
 8.619399e-01 -8.596022e-01  8.605088e-01  8.566892e-01
 9.083122e-01 -9.024556e-01  9.040745e-01  2.689785e-01
 9.069754e-01 -8.991407e-01  2.701405e-01  9.113414e-01
 1.010946e+00 -9.928082e-01  2.817221e-01  2.866328e-01
 9.048274e-01 -2.708042e-01  9.082419e-01  9.033503e-01
 9.601011e-01 -2.717264e-01  9.615614e-01  2.728509e-01
 9.565028e-01 -2.706994e-01  2.751847e-01  9.653919e-01
 1.135213e+00 -2.824202e-01  2.884535e-01  2.900727e-01
 2.708074e-01 -9.105167e-01  9.067671e-01  9.004227e-01
 2.746970e-01 -9.641395e-01  9.571466e-01  2.717602e-01
 2.731882e-01 -9.625775e-01  2.730284e-01  9.626054e-01
 2.889194e-01 -1.149614e+00  2.856895e-01  2.891256e-01
 2.827030e-01 -2.867539e-01  1.009300e+00  9.982242e-01
 2.883927e-01 -2.890420e-01  1.138516e+00  2.848366e-01
 2.860345e-01 -2.895557e-01  2.903631e-01  1.151077e+00
 2.945019e-01 -2.965127e-01  2.965736e-01  2.992126e-01
 8.619399e-01 -8.596022e-01  8.605088e-01 -8.566892e-01
 9.083122e-01 -9.024556e-01  9.040745e-01 -2.689785e-01
 9.069754e-01 -8.991407e-01  2.701405e-01 -9.113414e-01
 1.010946e+00 -9.928082e-01  2.817221e-01 -2.866328e-01
 9.048274e-01 -2.708042e-01  9.082419e-01 -9.033503e-01
 9.601011e-01 -2.717264e-01  9.615614e-01 -2.728509e-01
 9.565028e-01 -2.706994e-01  2.751847e-01 -9.653919e-01
 1.135213e+00 -2.824202e-01  2.884535e-01 -2.900727e-01
 2.708074e-01 -9.105167e-01  9.067671e-01 -9.004227e-01
 2.746970e-01 -9.641395e-01  9.571466e-01 -2.717602e-01
 2.731882e-01 -9.625775e-01  2.730284e-01 -9.626054e-01
 2.889194e-01 -1.149614e+00  2.856895e-01 -2.891256e-01
 2.827030e-01 -2.867539e-01  1.009300e+00 -9.982242e-01
 2.883927e-01 -2.890420e-01  1.138516e+00 -2.848366e-01
 2.860345e-01 -2.895557e-01  2.903631e-01 -1.151077e+00
 2.945019e-01 -2.965127e-01  2.965736e-01 -2.992126e-01
 8.619399e-01 -8.596022e-01 -8.605088e-01  8.566892e-01
 9.083122e-01 -9.024556e-01 -9.040745e-01  2.689785e-01
 9.069754e-01 -8.991407e-01 -2.701405e-01  9.113414e-01
 1.010946e+00 -9.928082e-01 -2.817221e-01  2.866328e-01
 9.048274e-01 -2.708042e-01 -9.082419e-01  9.033503e-01
 9.601011e-01 -2.717264e-01 -9.615614e-01  2.728509e-01
 9.565028e-01 -2.706994e-01 -2.751847e-01  9.653919e-01
 1.135213e+00 -2.824202e-01 -2.884535e-01  2.900727e-01
 2.708074e-01 -9.105167e-01 -9.067671e-01  9.004227e-01
 2.746970e-01 -9.641395e-01 -9.571466e-01  2.717602e-01
 2.731882e-01 -9.625775e-01 -2.730284e-01  9.626054e-01
 2.889194e-01 -1.149614e+00 -2.856895e-01  2.891256e-01
 2.827030e-01 -2.867539e-01 -1.009300e+00  9.982242e-01
 2.883927e-01 -2.890420e-01 -1.138516e+00  2.848366e-01
 2.860345e-01 -2.895557e-01 -2.903631e-01  1.151077e+00
 2.945019e-01 -2.965127e-01 -2.965736e-01  2.992126e-01
 8.619399e-01 -8.596022e-01 -8.605088e-01 -8.566892e-01
 9.083122e-01 -9.024556e-01 -9.040745e-01 -2.689785e-01
 9.069754e-01 -8.991407e-01 -2.701405e-01 -9.113414e-01
 1.010946e+00 -9.928082e-01 -2.817221e-01 -2.866328e-01
 9.048274e-01 -2.708042e-01 -9.082419e-01 -9.033503e-01
 9.601011e-01 -2.717264e-01 -9.615614e-01 -2.728509e-01
 9.565028e-01 -2.706994e-01 -2.751847e-01 -9.653919e-01
 1.135213e+00 -2.824202e-01 -2.884535e-01 -2.900727e-01
 2.708074e-01 -9.105167e-01 -9.067671e-01 -9.004227e-01
 2.746970e-01 -9.641395e-01 -9.571466e-01 -2.717602e-01
 2.731882e-01 -9.625775e-01 -2.730284e-01 -9.626054e-01
 2.889194e-01 -1.149614e+00 -2.856895e-01 -2.891256e-01
 2.827030e-01 -2.867539e-01 -1.009300e+00 -9.982242e-01
 2.883927e-01 -2.890420e-01 -1.138516e+00 -2.848366e-01
 2.860345e-01 -2.895557e-01 -2.903631e-01 -1.151077e+00
 2.945019e-01 -2.965127e-01 -2.965736e-01 -2.992126e-01
-8.619399e-01  8.596022e-01  8.605088e-01  8.566892e-01
-9.083122e-01  9.024556e-01  9.040745e-01  2.689785e-01
-9.069754e-01  8.991407e-01  2.701405e-01  9.113414e-01
-1.010946e+00  9.928082e-01  2.817221e-01  2.866328e-01
-9.048274e-01  2.708042e-01  9.082419e-01  9.033503e-01
-9.601011e-01  2.717264e-01  9.615614e-01  2.728509e-01
-9.565028e-01  2.706994e-01  2.751847e-01  9.653919e-01
-1.135213e+00  2.824202e-01  2.884535e-01  2.900727e-01
-2.708074e-01  9.105167e-01  9.067671e-01  9.004227e-01
-2.746970e-01  9.641395e-01  9.571466e-01  2.717602e-01
-2.731882e-01  9.625775e-01  2.730284e-01  9.626054e-01
-2.889194e-01  1.149614e+00  2.856895e-01  2.891256e-01
-2.827030e-01  2.867539e-01  1.009300e+00  9.982242e-01
-2.883927e-01  2.890420e-01  1.138516e+00  2.848366e-01
-2.860345e-01  2.895557e-01  2.903631e-01  1.151077e+00
-2.945019e-01  2.965127e-01  2.965736e-01  2.992126e-01
-8.619399e-01  8.596022e-01  8.605088e-01 -8.566892e-01
-9.083122e-01  9.024556e-01  9.040745e-01 -2.689785e-01
-9.069754e-01  8.991407e-01  2.701405e-01 -9.113414e-01
-1.010946e+00  9.928082e-01  2.817221e-01 -2.866328e-01
-9.048274e-01  2.708042e-01  9.082419e-01 -9.033503e-01
-9.601011e-01  2.717264e-01  9.615614e-01 -2.728509e-01
-9.565028e-01  2.706994e-01  2.751847e-01 -9.653919e-01
-1.135213e+00  2.824202e-01  2.884535e-01 -2.900727e-01
-2.708074e-01  9.105167e-01  9.067671e-01 -9.004227e-01
-2.746970e-01  9.641395e-01  9.571466e-01 -2.717602e-01
-2.731882e-01  9.625775e-01  2.730284e-01 -9.626054e-01
-2.889194e-01  1.149614e+00  2.856895e-01 -2.891256e-01
-2.827030e-01  2.867539e-01  1.009300e+00 -9.982242e-01
-2.883927e-01  2.890420e-01  1.138516e+00 -2.848366e-01
-2.860345e-01  2.895557e-01  2.903631e-01 -1.151077e+00
-2.945019e-01  2.965127e-01  2.965736e-01 -2.992126e-01
-8.619399e-01  8.596022e-01 -8.605088e-01  8.566892e-01
-9.083122e-01  9.024556e-01 -9.040745e-01  2.689785e-01
-9.069754e-01  8.991407e-01 -2.701405e-01  9.113414e-01
-1.010946e+00  9.928082e-01 -2.817221e-01  2.866328e-01
-9.048274e-01  2.708042e-01 -9.082419e-01  9.033503e-01
-9.601011e-01  2.717264e-01 -9.615614e-01  2.728509e-01
-9.565028e-01  2.706994e-01 -2.751847e-01  9.653919e-01
-1.135213e+00  2.824202e-01 -2.884535e-01  2.900727e-01
-2.708074e-01  9.105167e-01 -9.067671e-01  9.004227e-01
-2.746970e-01  9.641395e-01 -9.571466e-01  2.717602e-01
-2.731882e-01  9.625775e-01 -2.730284e-01  9.626054e-01
-2.889194e-01  1.149614e+00 -2.856895e-01  2.891256e-01
-2.827030e-01  2.867539e-01 -1.009300e+00  9.982242e-01
-2.883927e-01  2.890420e-01 -1.138516e+00  2.848366e-01
-2.860345e-01  2.895557e-01 -2.903631e-01  1.151077e+00
-2.945019e-01  2.965127e-01 -2.965736e-01  2.992126e-01
-8.619399e-01  8.596022e-01 -8.605088e-01 -8.566892e-01
-9.083122e-01  9.024556e-01 -9.040745e-01 -2.689785e-01
-9.069754e-01  8.991407e-01 -2.701405e-01 -9.113414e-01
-1.010946e+00  9.928082e-01 -2.817221e-01 -2.866328e-01
-9.048274e-01  2.708042e-01 -9.082419e-01 -9.033503e-01
-9.601011e-01  2.717264e-01 -9.615614e-01 -2.728509e-01
-9.565028e-01  2.706994e-01 -2.751847e-01 -9.653919e-01
-1.135213e+00  2.824202e-01 -2.884535e-01 -2.900727e-01
-2.708074e-01  9.105167e-01 -9.067671e-01 -9.004227e-01
-2.746970e-01  9.641395e-01 -9.571466e-01 -2.717602e-01
-2.731882e-01  9.625775e-01 -2.730284e-01 -9.626054e-01
-2.889194e-01  1.149614e+00 -2.856895e-01 -2.891256e-01
-2.827030e-01  2.867539e-01 -1.009300e+00 -9.982242e-01
-2.883927e-01  2.890420e-01 -1.138516e+00 -2.848366e-01
-2.860345e-01  2.895557e-01 -2.903631e-01 -1.151077e+00
-2.945019e-01  2.965127e-01 -2.965736e-01 -2.992126e-01
-8.619399e-01 -8.596022e-01  8.605088e-01  8.566892e-01
-9.083122e-01 -9.024556e-01  9.040745e-01  2.689785e-01
-9.069754e-01 -8.991407e-01  2.701405e-01  9.113414e-01
-1.010946e+00 -9.928082e-01  2.817221e-01  2.866328e-01
-9.048274e-01 -2.708042e-01  9.082419e-01  9.033503e-01
-9.601011e-01 -2.717264e-01  9.615614e-01  2.728509e-01
-9.565028e-01 -2.706994e-01  2.751847e-01  9.653919e-01
-1.135213e+00 -2.824202e-01  2.884535e-01  2.900727e-01
-2.708074e-01 -9.105167e-01  9.067671e-01  9.004227e-01
-2.746970e-01 -9.641395e-01  9.571466e-01  2.717602e-01
-2.731882e-01 -9.625775e-01  2.730284e-01  9.626054e-01
-2.889194e-01 -1.149614e+00  2.856895e-01  2.891256e-01
-2.827030e-01 -2.867539e-01  1.009300e+00  9.982242e-01
-2.883927e-01 -2.890420e-01  1.138516e+00  2.848366e-01
-2.860345e-01 -2.895557e-01  2.903631e-01  1.151077e+00
-2.945019e-01 -2.965127e-01  2.965736e-01  2.992126e-01
-8.619399e-01 -8.596022e-01  8.605088e-01 -8.566892e-01
-9.083122e-01 -9.024556e-01  9.040745e-01 -2.689785e-01
-9.069754e-01 -8.991407e-01  2.701405e-01 -9.113414e-01
-1.010946e+00 -9.928082e-01  2.817221e-01 -2.866328e-01
-9.048274e-01 -2.708042e-01  9.082419e-01 -9.033503e-01
-9.601011e-01 -2.717264e-01  9.615614e-01 -2.728509e-01
-9.565028e-01 -2.706994e-01  2.751847e-01 -9.653919e-01
-1.135213e+00 -2.824202e-01  2.884535e-01 -2.900727e-01
-2.708074e-01 -9.105167e-01  9.067671e-01 -9.004227e-01
-2.746970e-01 -9.641395e-01  9.571466e-01 -2.717602e-01
-2.731882e-01 -9.625775e-01  2.730284e-01 -9.626054e-01
-2.889194e-01 -1.149614e+00  2.856895e-01 -2.891256e-01
-2.827030e-01 -2.867539e-01  1.009300e+00 -9.982242e-01
-2.883927e-01 -2.890420e-01  1.138516e+00 -2.848366e-01
-2.860345e-01 -2.895557e-01  2.903631e-01 -1.151077e+00
-2.945019e-01 -2.965127e-01  2.965736e-01 -2.992126e-01
-8.619399e-01 -8.596022e-01 -8.605088e-01  8.566892e-01
-9.083122e-01 -9.024556e-01 -9.040745e-01  2.689785e-01
-9.069754e-01 -8.991407e-01 -2.701405e-01  9.113414e-01
-1.010946e+00 -9.928082e-01 -2.817221e-01  2.866328e-01
-9.048274e-01 -2.708042e-01 -9.082419e-01  9.033503e-01
-9.601011e-01 -2.717264e-01 -9.615614e-01  2.728509e-01
-9.565028e-01 -2.706994e-01 -2.751847e-01  9.653919e-01
-1.135213e+00 -2.824202e-01 -2.884535e-01  2.900727e-01
-2.708074e-01 -9.105167e-01 -9.067671e-01  9.004227e-01
-2.746970e-01 -9.641395e-01 -9.571466e-01  2.717602e-01
-2.731882e-01 -9.625775e-01 -2.730284e-01  9.626054e-01
-2.889194e-01 -1.149614e+00 -2.856895e-01  2.891256e-01
-2.827030e-01 -2.867539e-01 -1.009300e+00  9.982242e-01
-2.883927e-01 -2.890420e-01 -1.138516e+00  2.848366e-01
-2.860345e-01 -2.895557e-01 -2.903631e-01  1.151077e+00
-2.945019e-01 -2.965127e-01 -2.965736e-01  2.992126e-01
-8.619399e-01 -8.596022e-01 -8.605088e-01 -8.566892e-01
-9.083122e-01 -9.024556e-01 -9.040745e-01 -2.689785e-01
-9.069754e-01 -8.991407e-01 -2.701405e-01 -9.113414e-01
-1.010946e+00 -9.928082e-01 -2.817221e-01 -2.866328e-01
-9.048274e-01 -2.708042e-01 -9.082419e-01 -9.033503e-01
-9.601011e-01 -2.717264e-01 -9.615614e-01 -2.728509e-01
-9.565028e-01 -2.706994e-01 -2.751847e-01 -9.653919e-01
-1.135213e+00 -2.824202e-01 -2.884535e-01 -2.900727e-01
-2.708074e-01 -9.105167e-01 -9.067671e-01 -9.004227e-01
-2.746970e-01 -9.641395e-01 -9.571466e-01 -2.717602e-01
-2.731882e-01 -9.625775e-01 -2.730284e-01 -9.626054e-01
-2.889194e-01 -1.149614e+00 -2.856895e-01 -2.891256e-01
-2.827030e-01 -2.867539e-01 -1.009300e+00 -9.982242e-01
-2.883927e-01 -2.890420e-01 -1.138516e+00 -2.848366e-01
-2.860345e-01 -2.895557e-01 -2.903631e-01 -1.151077e+00
-2.945019e-01 -2.965127e-01 -2.965736e-01 -2.992126e-01
