 1.179155e+00  3.695686e-01  3.685772e-01  1.176968e+00
 9.693580e-01  9.429838e-01  9.170256e-01  3.349662e-01
 9.107041e-01  9.675555e-01  3.249848e-01  8.784441e-01
 8.267939e-01  8.489291e-01  2.854935e-01  2.703875e-01
 8.769113e-01  3.243400e-01  9.686091e-01  9.136282e-01
 8.509152e-01  2.956407e-01  8.660910e-01  2.822814e-01
 7.290849e-01  2.808185e-01  2.805997e-01  7.298782e-01
 1.311871e+00  3.469544e-01  3.377494e-01  3.284765e-01
 3.339095e-01  9.170445e-01  9.435936e-01  9.696834e-01
 2.984092e-01  8.761737e-01  8.780222e-01  2.998085e-01
 2.818990e-01  8.646353e-01  2.965641e-01  8.479316e-01
 3.439823e-01  1.336302e+00  3.437390e-01  3.371002e-01
 2.698218e-01  2.859518e-01  8.496460e-01  8.267173e-01
 3.372188e-01  3.434696e-01  1.335887e+00  3.437989e-01
 3.281277e-01  3.368497e-01  3.488196e-01  1.313383e+00
 2.744845e-01  3.239267e-01  3.253562e-01  2.753262e-01
 1.179155e+00  3.695686e-01  3.685772e-01 -1.176968e+00
 9.693580e-01  9.429838e-01  9.170256e-01 -3.349662e-01
 9.107041e-01  9.675555e-01  3.249848e-01 -8.784441e-01
 8.267939e-01  8.489291e-01  2.854935e-01 -2.703875e-01
 8.769113e-01  3.243400e-01  9.686091e-01 -9.136282e-01
 8.509152e-01  2.956407e-01  8.660910e-01 -2.822814e-01
 7.290849e-01  2.808185e-01  2.805997e-01 -7.298782e-01
 1.311871e+00  3.469544e-01  3.377494e-01 -3.284765e-01
 3.339095e-01  9.170445e-01  9.435936e-01 -9.696834e-01
 2.984092e-01  8.761737e-01  8.780222e-01 -2.998085e-01
 2.818990e-01  8.646353e-01  2.965641e-01 -8.479316e-01
 3.439823e-01  1.336302e+00  3.437390e-01 -3.371002e-01
 2.698218e-01  2.859518e-01  8.496460e-01 -8.267173e-01
 3.372188e-01  3.434696e-01  1.335887e+00 -3.437989e-01
 3.281277e-01  3.368497e-01  3.488196e-01 -1.313383e+00
 2.744845e-01  3.239267e-01  3.253562e-01 -2.753262e-01
 1.179155e+00  3.695686e-01 -3.685772e-01  1.176968e+00
 9.693580e-01  9.429838e-01 -9.170256e-01  3.349662e-01
 9.107041e-01  9.675555e-01 -3.249848e-01  8.784441e-01
 8.267939e-01  8.489291e-01 -2.854935e-01  2.703875e-01
 8.769113e-01  3.243400e-01 -9.686091e-01  9.136282e-01
 8.509152e-01  2.956407e-01 -8.660910e-01  2.822814e-01
 7.290849e-01  2.808185e-01 -2.805997e-01  7.298782e-01
 1.311871e+00  3.469544e-01 -3.377494e-01  3.284765e-01
 3.339095e-01  9.170445e-01 -9.435936e-01  9.696834e-01
 2.984092e-01  8.761737e-01 -8.780222e-01  2.998085e-01
 2.818990e-01  8.646353e-01 -2.965641e-01  8.479316e-01
 3.439823e-01  1.336302e+00 -3.437390e-01  3.371002e-01
 2.698218e-01  2.859518e-01 -8.496460e-01  8.267173e-01
 3.372188e-01  3.434696e-01 -1.335887e+00  3.437989e-01
 3.281277e-01  3.368497e-01 -3.488196e-01  1.313383e+00
 2.744845e-01  3.239267e-01 -3.253562e-01  2.753262e-01
 1.179155e+00  3.695686e-01 -3.685772e-01 -1.176968e+00
 9.693580e-01  9.429838e-01 -9.170256e-01 -3.349662e-01
 9.107041e-01  9.675555e-01 -3.249848e-01 -8.784441e-01
 8.267939e-01  8.489291e-01 -2.854935e-01 -2.703875e-01
 8.769113e-01  3.243400e-01 -9.686091e-01 -9.136282e-01
 8.509152e-01  2.956407e-01 -8.660910e-01 -2.822814e-01
 7.290849e-01  2.808185e-01 -2.805997e-01 -7.298782e-01
 1.311871e+00  3.469544e-01 -3.377494e-01 -3.284765e-01
 3.339095e-01  9.170445e-01 -9.435936e-01 -9.696834e-01
 2.984092e-01  8.761737e-01 -8.780222e-01 -2.998085e-01
 2.818990e-01  8.646353e-01 -2.965641e-01 -8.479316e-01
 3.439823e-01  1.336302e+00 -3.437390e-01 -3.371002e-01
 2.698218e-01  2.859518e-01 -8.496460e-01 -8.267173e-01
 3.372188e-01  3.434696e-01 -1.335887e+00 -3.437989e-01
 3.281277e-01  3.368497e-01 -3.488196e-01 -1.313383e+00
 2.744845e-01  3.239267e-01 -3.253562e-01 -2.753262e-01
 1.179155e+00 -3.695686e-01  3.685772e-01  1.176968e+00
 9.693580e-01 -9.429838e-01  9.170256e-01  3.349662e-01
 9.107041e-01 -9.675555e-01  3.249848e-01  8.784441e-01
 8.267939e-01 -8.489291e-01  2.854935e-01  2.703875e-01
 8.769113e-01 -3.243400e-01  9.686091e-01  9.136282e-01
 8.509152e-01 -2.956407e-01  8.660910e-01  2.822814e-01
 7.290849e-01 -2.808185e-01  2.805997e-01  7.298782e-01
 1.311871e+00 -3.469544e-01  3.377494e-01  3.284765e-01
 3.339095e-01 -9.170445e-01  9.435936e-01  9.696834e-01
 2.984092e-01 -8.761737e-01  8.780222e-01  2.998085e-01
 2.818990e-01 -8.646353e-01  2.965641e-01  8.479316e-01
 3.439823e-01 -1.336302e+00  3.437390e-01  3.371002e-01
 2.698218e-01 -2.859518e-01  8.496460e-01  8.267173e-01
 3.372188e-01 -3.434696e-01  1.335887e+00  3.437989e-01
 3.281277e-01 -3.368497e-01  3.488196e-01  1.313383e+00
 2.744845e-01 -3.239267e-01  3.253562e-01  2.753262e-01
 1.179155e+00 -3.695686e-01  3.685772e-01 -1.176968e+00
 9.693580e-01 -9.429838e-01  9.170256e-01 -3.349662e-01
 9.107041e-01 -9.675555e-01  3.249848e-01 -8.784441e-01
 8.267939e-01 -8.489291e-01  2.854935e-01 -2.703875e-01
 8.769113e-01 -3.243400e-01  9.686091e-01 -9.136282e-01
 8.509152e-01 -2.956407e-01  8.660910e-01 -2.822814e-01
 7.290849e-01 -2.808185e-01  2.805997e-01 -7.298782e-01
 1.311871e+00 -3.469544e-01  3.377494e-01 -3.284765e-01
 3.339095e-01 -9.170445e-01  9.435936e-01 -9.696834e-01
 2.984092e-01 -8.761737e-01  8.780222e-01 -2.998085e-01
 2.818990e-01 -8.646353e-01  2.965641e-01 -8.479316e-01
 3.439823e-01 -1.336302e+00  3.437390e-01 -3.371002e-01
 2.698218e-01 -2.859518e-01  8.496460e-01 -8.267173e-01
 3.372188e-01 -3.434696e-01  1.335887e+00 -3.437989e-01
 3.281277e-01 -3.368497e-01  3.488196e-01 -1.313383e+00
 2.744845e-01 -3.239267e-01  3.253562e-01 -2.753262e-01
 1.179155e+00 -3.695686e-01 -3.685772e-01  1.176968e+00
 9.693580e-01 -9.429838e-01 -9.170256e-01  3.349662e-01
 9.107041e-01 -9.675555e-01 -3.249848e-01  8.784441e-01
 8.267939e-01 -8.489291e-01 -2.854935e-01  2.703875e-01
 8.769113e-01 -3.243400e-01 -9.686091e-01  9.136282e-01
 8.509152e-01 -2.956407e-01 -8.660910e-01  2.822814e-01
 7.290849e-01 -2.808185e-01 -2.805997e-01  7.298782e-01
 1.311871e+00 -3.469544e-01 -3.377494e-01  3.284765e-01
 3.339095e-01 -9.170445e-01 -9.435936e-01  9.696834e-01
 2.984092e-01 -8.761737e-01 -8.780222e-01  2.998085e-01
 2.818990e-01 -8.646353e-01 -2.965641e-01  8.479316e-01
 3.439823e-01 -1.336302e+00 -3.437390e-01  3.371002e-01
 2.698218e-01 -2.859518e-01 -8.496460e-01  8.267173e-01
 3.372188e-01 -3.434696e-01 -1.335887e+00  3.437989e-01
 3.281277e-01 -3.368497e-01 -3.488196e-01  1.313383e+00
 2.744845e-01 -3.239267e-01 -3.253562e-01  2.753262e-01
 1.179155e+00 -3.695686e-01 -3.685772e-01 -1.176968e+00
 9.693580e-01 -9.429838e-01 -9.170256e-01 -3.349662e-01
 9.107041e-01 -9.675555e-01 -3.249848e-01 -8.784441e-01
 8.267939e-01 -8.489291e-01 -2.854935e-01 -2.703875e-01
 8.769113e-01 -3.243400e-01 -9.686091e-01 -9.136282e-01
 8.509152e-01 -2.956407e-01 -8.660910e-01 -2.822814e-01
 7.290849e-01 -2.808185e-01 -2.805997e-01 -7.298782e-01
 1.311871e+00 -3.469544e-01 -3.377494e-01 -3.284765e-01
 3.339095e-01 -9.170445e-01 -9.435936e-01 -9.696834e-01
 2.984092e-01 -8.761737e-01 -8.780222e-01 -2.998085e-01
 2.818990e-01 -8.646353e-01 -2.965641e-01 -8.479316e-01
 3.439823e-01 -1.336302e+00 -3.437390e-01 -3.371002e-01
 2.698218e-01 -2.859518e-01 -8.496460e-01 -8.267173e-01
 3.372188e-01 -3.434696e-01 -1.335887e+00 -3.437989e-01
 3.281277e-01 -3.368497e-01 -3.488196e-01 -1.313383e+00
 2.744845e-01 -3.239267e-01 -3.253562e-01 -2.753262e-01
-1.179155e+00  3.695686e-01  3.685772e-01  1.176968e+00
-9.693580e-01  9.429838e-01  9.170256e-01  3.349662e-01
-9.107041e-01  9.675555e-01  3.249848e-01  8.784441e-01
-8.267939e-01  8.489291e-01  2.854935e-01  2.703875e-01
-8.769113e-01  3.243400e-01  9.686091e-01  9.136282e-01
-8.509152e-01  2.956407e-01  8.660910e-01  2.822814e-01
-7.290849e-01  2.808185e-01  2.805997e-01  7.298782e-01
-1.311871e+00  3.469544e-01  3.377494e-01  3.284765e-01
-3.339095e-01  9.170445e-01  9.435936e-01  9.696834e-01
-2.984092e-01  8.761737e-01  8.780222e-01  2.998085e-01
-2.818990e-01  8.646353e-01  2.965641e-01  8.479316e-01
-3.439823e-01  1.336302e+00  3.437390e-01  3.371002e-01
-2.698218e-01  2.859518e-01  8.496460e-01  8.267173e-01
-3.372188e-01  3.434696e-01  1.335887e+00  3.437989e-01
-3.281277e-01  3.368497e-01  3.488196e-01  1.313383e+00
-2.744845e-01  3.239267e-01  3.253562e-01  2.753262e-01
-1.179155e+00  3.695686e-01  3.685772e-01 -1.176968e+00
-9.693580e-01  9.429838e-01  9.170256e-01 -3.349662e-01
-9.107041e-01  9.675555e-01  3.249848e-01 -8.784441e-01
-8.267939e-01  8.489291e-01  2.854935e-01 -2.703875e-01
-8.769113e-01  3.243400e-01  9.686091e-01 -9.136282e-01
-8.509152e-01  2.956407e-01  8.660910e-01 -2.822814e-01
-7.290849e-01  2.808185e-01  2.805997e-01 -7.298782e-01
-1.311871e+00  3.469544e-01  3.377494e-01 -3.284765e-01
-3.339095e-01  9.170445e-01  9.435936e-01 -9.696834e-01
-2.984092e-01  8.761737e-01  8.780222e-01 -2.998085e-01
-2.818990e-01  8.646353e-01  2.965641e-01 -8.479316e-01
-3.439823e-01  1.336302e+00  3.437390e-01 -3.371002e-01
-2.698218e-01  2.859518e-01  8.496460e-01 -8.267173e-01
-3.372188e-01  3.434696e-01  1.335887e+00 -3.437989e-01
-3.281277e-01  3.368497e-01  3.488196e-01 -1.313383e+00
-2.744845e-01  3.239267e-01  3.253562e-01 -2.753262e-01
-1.179155e+00  3.695686e-01 -3.685772e-01  1.176968e+00
-9.693580e-01  9.429838e-01 -9.170256e-01  3.349662e-01
-9.107041e-01  9.675555e-01 -3.249848e-01  8.784441e-01
-8.267939e-01  8.489291e-01 -2.854935e-01  2.703875e-01
-8.769113e-01  3.243400e-01 -9.686091e-01  9.136282e-01
-8.509152e-01  2.956407e-01 -8.660910e-01  2.822814e-01
-7.290849e-01  2.808185e-01 -2.805997e-01  7.298782e-01
-1.311871e+00  3.469544e-01 -3.377494e-01  3.284765e-01
-3.339095e-01  9.170445e-01 -9.435936e-01  9.696834e-01
-2.984092e-01  8.761737e-01 -8.780222e-01  2.998085e-01
-2.818990e-01  8.646353e-01 -2.965641e-01  8.479316e-01
-3.439823e-01  1.336302e+00 -3.437390e-01  3.371002e-01
-2.698218e-01  2.859518e-01 -8.496460e-01  8.267173e-01
-3.372188e-01  3.434696e-01 -1.335887e+00  3.437989e-01
-3.281277e-01  3.368497e-01 -3.488196e-01  1.313383e+00
-2.744845e-01  3.239267e-01 -3.253562e-01  2.753262e-01
-1.179155e+00  3.695686e-01 -3.685772e-01 -1.176968e+00
-9.693580e-01  9.429838e-01 -9.170256e-01 -3.349662e-01
-9.107041e-01  9.675555e-01 -3.249848e-01 -8.784441e-01
-8.267939e-01  8.489291e-01 -2.854935e-01 -2.703875e-01
-8.769113e-01  3.243400e-01 -9.686091e-01 -9.136282e-01
-8.509152e-01  2.956407e-01 -8.660910e-01 -2.822814e-01
-7.290849e-01  2.808185e-01 -2.805997e-01 -7.298782e-01
-1.311871e+00  3.469544e-01 -3.377494e-01 -3.284765e-01
-3.339095e-01  9.170445e-01 -9.435936e-01 -9.696834e-01
-2.984092e-01  8.761737e-01 -8.780222e-01 -2.998085e-01
-2.818990e-01  8.646353e-01 -2.965641e-01 -8.479316e-01
-3.439823e-01  1.336302e+00 -3.437390e-01 -3.371002e-01
-2.698218e-01  2.859518e-01 -8.496460e-01 -8.267173e-01
-3.372188e-01  3.434696e-01 -1.335887e+00 -3.437989e-01
-3.281277e-01  3.368497e-01 -3.488196e-01 -1.313383e+00
-2.744845e-01  3.239267e-01 -3.253562e-01 -2.753262e-01
-1.179155e+00 -3.695686e-01  3.685772e-01  1.176968e+00
-9.693580e-01 -9.429838e-01  9.170256e-01  3.349662e-01
-9.107041e-01 -9.675555e-01  3.249848e-01  8.784441e-01
-8.267939e-01 -8.489291e-01  2.854935e-01  2.703875e-01
-8.769113e-01 -3.243400e-01  9.686091e-01  9.136282e-01
-8.509152e-01 -2.956407e-01  8.660910e-01  2.822814e-01
-7.290849e-01 -2.808185e-01  2.805997e-01  7.298782e-01
-1.311871e+00 -3.469544e-01  3.377494e-01  3.284765e-01
-3.339095e-01 -9.170445e-01  9.435936e-01  9.696834e-01
-2.984092e-01 -8.761737e-01  8.780222e-01  2.998085e-01
-2.818990e-01 -8.646353e-01  2.965641e-01  8.479316e-01
-3.439823e-01 -1.336302e+00  3.437390e-01  3.371002e-01
-2.698218e-01 -2.859518e-01  8.496460e-01  8.267173e-01
-3.372188e-01 -3.434696e-01  1.335887e+00  3.437989e-01
-3.281277e-01 -3.368497e-01  3.488196e-01  1.313383e+00
-2.744845e-01 -3.239267e-01  3.253562e-01  2.753262e-01
-1.179155e+00 -3.695686e-01  3.685772e-01 -1.176968e+00
-9.693580e-01 -9.429838e-01  9.170256e-01 -3.349662e-01
-9.107041e-01 -9.675555e-01  3.249848e-01 -8.784441e-01
-8.267939e-01 -8.489291e-01  2.854935e-01 -2.703875e-01
-8.769113e-01 -3.243400e-01  9.686091e-01 -9.136282e-01
-8.509152e-01 -2.956407e-01  8.660910e-01 -2.822814e-01
-7.290849e-01 -2.808185e-01  2.805997e-01 -7.298782e-01
-1.311871e+00 -3.469544e-01  3.377494e-01 -3.284765e-01
-3.339095e-01 -9.170445e-01  9.435936e-01 -9.696834e-01
-2.984092e-01 -8.761737e-01  8.780222e-01 -2.998085e-01
-2.818990e-01 -8.646353e-01  2.965641e-01 -8.479316e-01
-3.439823e-01 -1.336302e+00  3.437390e-01 -3.371002e-01
-2.698218e-01 -2.859518e-01  8.496460e-01 -8.267173e-01
-3.372188e-01 -3.434696e-01  1.335887e+00 -3.437989e-01
-3.281277e-01 -3.368497e-01  3.488196e-01 -1.313383e+00
-2.744845e-01 -3.239267e-01  3.253562e-01 -2.753262e-01
-1.179155e+00 -3.695686e-01 -3.685772e-01  1.176968e+00
-9.693580e-01 -9.429838e-01 -9.170256e-01  3.349662e-01
-9.107041e-01 -9.675555e-01 -3.249848e-01  8.784441e-01
-8.267939e-01 -8.489291e-01 -2.854935e-01  2.703875e-01
-8.769113e-01 -3.243400e-01 -9.686091e-01  9.136282e-01
-8.509152e-01 -2.956407e-01 -8.660910e-01  2.822814e-01
-7.290849e-01 -2.808185e-01 -2.805997e-01  7.298782e-01
-1.311871e+00 -3.469544e-01 -3.377494e-01  3.284765e-01
-3.339095e-01 -9.170445e-01 -9.435936e-01  9.696834e-01
-2.984092e-01 -8.761737e-01 -8.780222e-01  2.998085e-01
-2.818990e-01 -8.646353e-01 -2.965641e-01  8.479316e-01
-3.439823e-01 -1.336302e+00 -3.437390e-01  3.371002e-01
-2.698218e-01 -2.859518e-01 -8.496460e-01  8.267173e-01
-3.372188e-01 -3.434696e-01 -1.335887e+00  3.437989e-01
-3.281277e-01 -3.368497e-01 -3.488196e-01  1.313383e+00
-2.744845e-01 -3.239267e-01 -3.253562e-01  2.753262e-01
-1.179155e+00 -3.695686e-01 -3.685772e-01 -1.176968e+00
-9.693580e-01 -9.429838e-01 -9.170256e-01 -3.349662e-01
-9.107041e-01 -9.675555e-01 -3.249848e-01 -8.784441e-01
-8.267939e-01 -8.489291e-01 -2.854935e-01 -2.703875e-01
-8.769113e-01 -3.243400e-01 -9.686091e-01 -9.136282e-01
-8.509152e-01 -2.956407e-01 -8.660910e-01 -2.822814e-01
-7.290849e-01 -2.808185e-01 -2.805997e-01 -7.298782e-01
-1.311871e+00 -3.469544e-01 -3.377494e-01 -3.284765e-01
-3.339095e-01 -9.170445e-01 -9.435936e-01 -9.696834e-01
-2.984092e-01 -8.761737e-01 -8.780222e-01 -2.998085e-01
-2.818990e-01 -8.646353e-01 -2.965641e-01 -8.479316e-01
-3.439823e-01 -1.336302e+00 -3.437390e-01 -3.371002e-01
-2.698218e-01 -2.859518e-01 -8.496460e-01 -8.267173e-01
-3.372188e-01 -3.434696e-01 -1.335887e+00 -3.437989e-01
-3.281277e-01 -3.368497e-01 -3.488196e-01 -1.313383e+00
-2.744845e-01 -3.239267e-01 -3.253562e-01 -2.753262e-01
