 1.172405e+00  4.720453e-01  4.659381e-01  4.322934e-01
 4.709998e-01  1.171650e+00  4.318280e-01  4.653111e-01
 4.660772e-01  4.316669e-01  1.172345e+00  4.719564e-01
 4.316966e-01  4.659851e-01  4.715984e-01  1.172374e+00
 1.172405e+00  4.720453e-01  4.659381e-01 -4.322934e-01
 4.709998e-01  1.171650e+00  4.318280e-01 -4.653111e-01
 4.660772e-01  4.316669e-01  1.172345e+00 -4.719564e-01
 4.316966e-01  4.659851e-01  4.715984e-01 -1.172374e+00
 1.172405e+00  4.720453e-01 -4.659381e-01  4.322934e-01
 4.709998e-01  1.171650e+00 -4.318280e-01  4.653111e-01
 4.660772e-01  4.316669e-01 -1.172345e+00  4.719564e-01
 4.316966e-01  4.659851e-01 -4.715984e-01  1.172374e+00
 1.172405e+00  4.720453e-01 -4.659381e-01 -4.322934e-01
 4.709998e-01  1.171650e+00 -4.318280e-01 -4.653111e-01
 4.660772e-01  4.316669e-01 -1.172345e+00 -4.719564e-01
 4.316966e-01  4.659851e-01 -4.715984e-01 -1.172374e+00
 1.172405e+00 -4.720453e-01  4.659381e-01  4.322934e-01
 4.709998e-01 -1.171650e+00  4.318280e-01  4.653111e-01
 4.660772e-01 -4.316669e-01  1.172345e+00  4.719564e-01
 4.316966e-01 -4.659851e-01  4.715984e-01  1.172374e+00
 1.172405e+00 -4.720453e-01  4.659381e-01 -4.322934e-01
 4.709998e-01 -1.171650e+00  4.318280e-01 -4.653111e-01
 4.660772e-01 -4.316669e-01  1.172345e+00 -4.719564e-01
 4.316966e-01 -4.659851e-01  4.715984e-01 -1.172374e+00
 1.172405e+00 -4.720453e-01 -4.659381e-01  4.322934e-01
 4.709998e-01 -1.171650e+00 -4.318280e-01  4.653111e-01
 4.660772e-01 -4.316669e-01 -1.172345e+00  4.719564e-01
 4.316966e-01 -4.659851e-01 -4.715984e-01  1.172374e+00
 1.172405e+00 -4.720453e-01 -4.659381e-01 -4.322934e-01
 4.709998e-01 -1.171650e+00 -4.318280e-01 -4.653111e-01
 4.660772e-01 -4.316669e-01 -1.172345e+00 -4.719564e-01
 4.316966e-01 -4.659851e-01 -4.715984e-01 -1.172374e+00
-1.172405e+00  4.720453e-01  4.659381e-01  4.322934e-01
-4.709998e-01  1.171650e+00  4.318280e-01  4.653111e-01
-4.660772e-01  4.316669e-01  1.172345e+00  4.719564e-01
-4.316966e-01  4.659851e-01  4.715984e-01  1.172374e+00
-1.172405e+00  4.720453e-01  4.659381e-01 -4.322934e-01
-4.709998e-01  1.171650e+00  4.318280e-01 -4.653111e-01
-4.660772e-01  4.316669e-01  1.172345e+00 -4.719564e-01
-4.316966e-01  4.659851e-01  4.715984e-01 -1.172374e+00
-1.172405e+00  4.720453e-01 -4.659381e-01  4.322934e-01
-4.709998e-01  1.171650e+00 -4.318280e-01  4.653111e-01
-4.660772e-01  4.316669e-01 -1.172345e+00  4.719564e-01
-4.316966e-01  4.659851e-01 -4.715984e-01  1.172374e+00
-1.172405e+00  4.720453e-01 -4.659381e-01 -4.322934e-01
-4.709998e-01  1.171650e+00 -4.318280e-01 -4.653111e-01
-4.660772e-01  4.316669e-01 -1.172345e+00 -4.719564e-01
-4.316966e-01  4.659851e-01 -4.715984e-01 -1.172374e+00
-1.172405e+00 -4.720453e-01  4.659381e-01  4.322934e-01
-4.709998e-01 -1.171650e+00  4.318280e-01  4.653111e-01
-4.660772e-01 -4.316669e-01  1.172345e+00  4.719564e-01
-4.316966e-01 -4.659851e-01  4.715984e-01  1.172374e+00
-1.172405e+00 -4.720453e-01  4.659381e-01 -4.322934e-01
-4.709998e-01 -1.171650e+00  4.318280e-01 -4.653111e-01
-4.660772e-01 -4.316669e-01  1.172345e+00 -4.719564e-01
-4.316966e-01 -4.659851e-01  4.715984e-01 -1.172374e+00
-1.172405e+00 -4.720453e-01 -4.659381e-01  4.322934e-01
-4.709998e-01 -1.171650e+00 -4.318280e-01  4.653111e-01
-4.660772e-01 -4.316669e-01 -1.172345e+00  4.719564e-01
-4.316966e-01 -4.659851e-01 -4.715984e-01  1.172374e+00
-1.172405e+00 -4.720453e-01 -4.659381e-01 -4.322934e-01
-4.709998e-01 -1.171650e+00 -4.318280e-01 -4.653111e-01
-4.660772e-01 -4.316669e-01 -1.172345e+00 -4.719564e-01
-4.316966e-01 -4.659851e-01 -4.715984e-01 -1.172374e+00
