 4.859708e-01  3.895383e-01  1.173825e+00  4.921400e-01
 1.172487e+00  4.906239e-01  4.863982e-01  3.876217e-01
 3.883970e-01  4.849939e-01  4.897385e-01  1.170571e+00
 4.890610e-01  1.169727e+00  3.888105e-01  4.847533e-01
 4.859708e-01  3.895383e-01  1.173825e+00 -4.921400e-01
 1.172487e+00  4.906239e-01  4.863982e-01 -3.876217e-01
 3.883970e-01  4.849939e-01  4.897385e-01 -1.170571e+00
 4.890610e-01  1.169727e+00  3.888105e-01 -4.847533e-01
 4.859708e-01  3.895383e-01 -1.173825e+00  4.921400e-01
 1.172487e+00  4.906239e-01 -4.863982e-01  3.876217e-01
 3.883970e-01  4.849939e-01 -4.897385e-01  1.170571e+00
 4.890610e-01  1.169727e+00 -3.888105e-01  4.847533e-01
 4.859708e-01  3.895383e-01 -1.173825e+00 -4.921400e-01
 1.172487e+00  4.906239e-01 -4.863982e-01 -3.876217e-01
 3.883970e-01  4.849939e-01 -4.897385e-01 -1.170571e+00
 4.890610e-01  1.169727e+00 -3.888105e-01 -4.847533e-01
 4.859708e-01 -3.895383e-01  1.173825e+00  4.921400e-01
 1.172487e+00 -4.906239e-01  4.863982e-01  3.876217e-01
 3.883970e-01 -4.849939e-01  4.897385e-01  1.170571e+00
 4.890610e-01 -1.169727e+00  3.888105e-01  4.847533e-01
 4.859708e-01 -3.895383e-01  1.173825e+00 -4.921400e-01
 1.172487e+00 -4.906239e-01  4.863982e-01 -3.876217e-01
 3.883970e-01 -4.849939e-01  4.897385e-01 -1.170571e+00
 4.890610e-01 -1.169727e+00  3.888105e-01 -4.847533e-01
 4.859708e-01 -3.895383e-01 -1.173825e+00  4.921400e-01
 1.172487e+00 -4.906239e-01 -4.863982e-01  3.876217e-01
 3.883970e-01 -4.849939e-01 -4.897385e-01  1.170571e+00
 4.890610e-01 -1.169727e+00 -3.888105e-01  4.847533e-01
 4.859708e-01 -3.895383e-01 -1.173825e+00 -4.921400e-01
 1.172487e+00 -4.906239e-01 -4.863982e-01 -3.876217e-01
 3.883970e-01 -4.849939e-01 -4.897385e-01 -1.170571e+00
 4.890610e-01 -1.169727e+00 -3.888105e-01 -4.847533e-01
-4.859708e-01  3.895383e-01  1.173825e+00  4.921400e-01
-1.172487e+00  4.906239e-01  4.863982e-01  3.876217e-01
-3.883970e-01  4.849939e-01  4.897385e-01  1.170571e+00
-4.890610e-01  1.169727e+00  3.888105e-01  4.847533e-01
-4.859708e-01  3.895383e-01  1.173825e+00 -4.921400e-01
-1.172487e+00  4.906239e-01  4.863982e-01 -3.876217e-01
-3.883970e-01  4.849939e-01  4.897385e-01 -1.170571e+00
-4.890610e-01  1.169727e+00  3.888105e-01 -4.847533e-01
-4.859708e-01  3.895383e-01 -1.173825e+00  4.921400e-01
-1.172487e+00  4.906239e-01 -4.863982e-01  3.876217e-01
-3.883970e-01  4.849939e-01 -4.897385e-01  1.170571e+00
-4.890610e-01  1.169727e+00 -3.888105e-01  4.847533e-01
-4.859708e-01  3.895383e-01 -1.173825e+00 -4.921400e-01
-1.172487e+00  4.906239e-01 -4.863982e-01 -3.876217e-01
-3.883970e-01  4.849939e-01 -4.897385e-01 -1.170571e+00
-4.890610e-01  1.169727e+00 -3.888105e-01 -4.847533e-01
-4.859708e-01 -3.895383e-01  1.173825e+00  4.921400e-01
-1.172487e+00 -4.906239e-01  4.863982e-01  3.876217e-01
-3.883970e-01 -4.849939e-01  4.897385e-01  1.170571e+00
-4.890610e-01 -1.169727e+00  3.888105e-01  4.847533e-01
-4.859708e-01 -3.895383e-01  1.173825e+00 -4.921400e-01
-1.172487e+00 -4.906239e-01  4.863982e-01 -3.876217e-01
-3.883970e-01 -4.849939e-01  4.897385e-01 -1.170571e+00
-4.890610e-01 -1.169727e+00  3.888105e-01 -4.847533e-01
-4.859708e-01 -3.895383e-01 -1.173825e+00  4.921400e-01
-1.172487e+00 -4.906239e-01 -4.863982e-01  3.876217e-01
-3.883970e-01 -4.849939e-01 -4.897385e-01  1.170571e+00
-4.890610e-01 -1.169727e+00 -3.888105e-01  4.847533e-01
-4.859708e-01 -3.895383e-01 -1.173825e+00 -4.921400e-01
-1.172487e+00 -4.906239e-01 -4.863982e-01 -3.876217e-01
-3.883970e-01 -4.849939e-01 -4.897385e-01 -1.170571e+00
-4.890610e-01 -1.169727e+00 -3.888105e-01 -4.847533e-01
