 2.731473e-01  1.006329e+00  3.753524e-01  1.058039e+00
 2.209422e-01  7.123344e-01  3.736989e-01  1.459254e+00
 2.560400e-01  8.993980e-01  1.044583e+00  8.912655e-01
 2.492522e-01  8.877702e-01  1.369173e+00  3.286876e-01
 3.277522e-01  1.131956e+00  2.408993e-01  5.760968e-01
 3.543807e-01  1.176886e+00  1.949530e-01  2.015103e-01
 3.100580e-01  1.130766e+00  7.016671e-01  4.846195e-01
 3.228073e-01  1.142411e+00  7.286739e-01  1.953265e-01
 2.850470e-01  1.343376e+00  2.746883e-01  1.114857e+00
 2.086513e-01  2.344114e-01  4.792373e-01  1.609353e+00
 2.633132e-01  2.813249e-01  1.305062e+00  1.044345e+00
 2.614929e-01  2.809236e-01  1.627246e+00  3.962206e-01
 3.583498e-01  1.488583e+00  2.405254e-01  6.562958e-01
 3.982058e-01  1.579926e+00  2.034163e-01  2.157473e-01
 3.361313e-01  1.502468e+00  7.311438e-01  5.323246e-01
 3.557278e-01  1.516057e+00  7.153106e-01  1.994691e-01
 9.107158e-01  8.210820e-01  3.439688e-01  1.100654e+00
 6.763640e-01  6.283391e-01  3.256404e-01  1.425500e+00
 8.046272e-01  7.789945e-01  9.888806e-01  8.722025e-01
 7.840461e-01  7.816665e-01  1.313331e+00  3.025426e-01
 1.091718e+00  9.523795e-01  2.524804e-01  6.604208e-01
 1.173524e+00  1.016663e+00  2.206835e-01  2.198363e-01
 1.041820e+00  9.314312e-01  7.188191e-01  5.454469e-01
 1.067398e+00  9.534412e-01  7.619686e-01  2.071722e-01
 1.217038e+00  2.770823e-01  3.450378e-01  1.131141e+00
 7.374867e-01  2.262195e-01  3.915572e-01  1.514795e+00
 9.498554e-01  2.604105e-01  1.087687e+00  9.315985e-01
 8.943847e-01  2.545873e-01  1.433697e+00  3.445229e-01
 1.432499e+00  3.313261e-01  2.598229e-01  6.705521e-01
 1.534689e+00  3.578061e-01  2.280551e-01  2.213010e-01
 1.377544e+00  3.096005e-01  7.648601e-01  5.517716e-01
 1.408345e+00  3.260266e-01  7.890559e-01  2.069882e-01
 2.333739e-01  6.199771e-01  3.212979e-01  8.674715e-01
 2.079588e-01  4.948208e-01  2.633215e-01  1.101211e+00
 2.335423e-01  5.892307e-01  8.438591e-01  6.731786e-01
 2.350477e-01  5.901603e-01  1.085149e+00  2.653669e-01
 2.800102e-01  7.210971e-01  2.243966e-01  4.826824e-01
 3.086193e-01  7.570603e-01  1.887925e-01  2.076702e-01
 2.636701e-01  7.009332e-01  6.011698e-01  3.796681e-01
 2.754389e-01  7.185269e-01  6.447996e-01  1.804007e-01
 2.105308e-01  1.992710e-01  3.517641e-01  8.140236e-01
 1.955678e-01  1.822726e-01  3.075634e-01  1.115426e+00
 2.183691e-01  2.032375e-01  9.061407e-01  6.855961e-01
 2.218313e-01  2.076144e-01  1.141041e+00  2.860115e-01
 2.599449e-01  2.282321e-01  2.115469e-01  4.034145e-01
 2.900198e-01  2.466510e-01  1.802799e-01  2.085182e-01
 2.449196e-01  2.173227e-01  5.592849e-01  3.021697e-01
 2.567308e-01  2.241867e-01  5.966639e-01  1.663143e-01
 6.715900e-01  5.321882e-01  2.979694e-01  8.983501e-01
 5.623535e-01  4.401843e-01  2.413972e-01  1.110339e+00
 6.444021e-01  5.278465e-01  8.215171e-01  6.837863e-01
 6.400613e-01  5.376579e-01  1.072385e+00  2.538453e-01
 7.898836e-01  6.213224e-01  2.284726e-01  5.295042e-01
 8.402658e-01  6.578118e-01  1.939197e-01  2.088816e-01
 7.586581e-01  6.034194e-01  6.171657e-01  4.239790e-01
 7.768036e-01  6.194718e-01  6.635323e-01  1.875692e-01
 7.458178e-01  1.980112e-01  3.160972e-01  8.793794e-01
 5.914947e-01  1.772295e-01  2.699179e-01  1.127476e+00
 6.909702e-01  1.995516e-01  8.550299e-01  6.913030e-01
 6.774737e-01  2.035998e-01  1.108075e+00  2.697483e-01
 8.880784e-01  2.245953e-01  2.221712e-01  4.962577e-01
 9.428836e-01  2.385345e-01  1.902435e-01  2.024249e-01
 8.529622e-01  2.144935e-01  6.055976e-01  3.964089e-01
 8.749227e-01  2.219155e-01  6.469917e-01  1.798502e-01
 2.731473e-01  1.006329e+00  3.753524e-01 -1.058039e+00
 2.209422e-01  7.123344e-01  3.736989e-01 -1.459254e+00
 2.560400e-01  8.993980e-01  1.044583e+00 -8.912655e-01
 2.492522e-01  8.877702e-01  1.369173e+00 -3.286876e-01
 3.277522e-01  1.131956e+00  2.408993e-01 -5.760968e-01
 3.543807e-01  1.176886e+00  1.949530e-01 -2.015103e-01
 3.100580e-01  1.130766e+00  7.016671e-01 -4.846195e-01
 3.228073e-01  1.142411e+00  7.286739e-01 -1.953265e-01
 2.850470e-01  1.343376e+00  2.746883e-01 -1.114857e+00
 2.086513e-01  2.344114e-01  4.792373e-01 -1.609353e+00
 2.633132e-01  2.813249e-01  1.305062e+00 -1.044345e+00
 2.614929e-01  2.809236e-01  1.627246e+00 -3.962206e-01
 3.583498e-01  1.488583e+00  2.405254e-01 -6.562958e-01
 3.982058e-01  1.579926e+00  2.034163e-01 -2.157473e-01
 3.361313e-01  1.502468e+00  7.311438e-01 -5.323246e-01
 3.557278e-01  1.516057e+00  7.153106e-01 -1.994691e-01
 9.107158e-01  8.210820e-01  3.439688e-01 -1.100654e+00
 6.763640e-01  6.283391e-01  3.256404e-01 -1.425500e+00
 8.046272e-01  7.789945e-01  9.888806e-01 -8.722025e-01
 7.840461e-01  7.816665e-01  1.313331e+00 -3.025426e-01
 1.091718e+00  9.523795e-01  2.524804e-01 -6.604208e-01
 1.173524e+00  1.016663e+00  2.206835e-01 -2.198363e-01
 1.041820e+00  9.314312e-01  7.188191e-01 -5.454469e-01
 1.067398e+00  9.534412e-01  7.619686e-01 -2.071722e-01
 1.217038e+00  2.770823e-01  3.450378e-01 -1.131141e+00
 7.374867e-01  2.262195e-01  3.915572e-01 -1.514795e+00
 9.498554e-01  2.604105e-01  1.087687e+00 -9.315985e-01
 8.943847e-01  2.545873e-01  1.433697e+00 -3.445229e-01
 1.432499e+00  3.313261e-01  2.598229e-01 -6.705521e-01
 1.534689e+00  3.578061e-01  2.280551e-01 -2.213010e-01
 1.377544e+00  3.096005e-01  7.648601e-01 -5.517716e-01
 1.408345e+00  3.260266e-01  7.890559e-01 -2.069882e-01
 2.333739e-01  6.199771e-01  3.212979e-01 -8.674715e-01
 2.079588e-01  4.948208e-01  2.633215e-01 -1.101211e+00
 2.335423e-01  5.892307e-01  8.438591e-01 -6.731786e-01
 2.350477e-01  5.901603e-01  1.085149e+00 -2.653669e-01
 2.800102e-01  7.210971e-01  2.243966e-01 -4.826824e-01
 3.086193e-01  7.570603e-01  1.887925e-01 -2.076702e-01
 2.636701e-01  7.009332e-01  6.011698e-01 -3.796681e-01
 2.754389e-01  7.185269e-01  6.447996e-01 -1.804007e-01
 2.105308e-01  1.992710e-01  3.517641e-01 -8.140236e-01
 1.955678e-01  1.822726e-01  3.075634e-01 -1.115426e+00
 2.183691e-01  2.032375e-01  9.061407e-01 -6.855961e-01
 2.218313e-01  2.076144e-01  1.141041e+00 -2.860115e-01
 2.599449e-01  2.282321e-01  2.115469e-01 -4.034145e-01
 2.900198e-01  2.466510e-01  1.802799e-01 -2.085182e-01
 2.449196e-01  2.173227e-01  5.592849e-01 -3.021697e-01
 2.567308e-01  2.241867e-01  5.966639e-01 -1.663143e-01
 6.715900e-01  5.321882e-01  2.979694e-01 -8.983501e-01
 5.623535e-01  4.401843e-01  2.413972e-01 -1.110339e+00
 6.444021e-01  5.278465e-01  8.215171e-01 -6.837863e-01
 6.400613e-01  5.376579e-01  1.072385e+00 -2.538453e-01
 7.898836e-01  6.213224e-01  2.284726e-01 -5.295042e-01
 8.402658e-01  6.578118e-01  1.939197e-01 -2.088816e-01
 7.586581e-01  6.034194e-01  6.171657e-01 -4.239790e-01
 7.768036e-01  6.194718e-01  6.635323e-01 -1.875692e-01
 7.458178e-01  1.980112e-01  3.160972e-01 -8.793794e-01
 5.914947e-01  1.772295e-01  2.699179e-01 -1.127476e+00
 6.909702e-01  1.995516e-01  8.550299e-01 -6.913030e-01
 6.774737e-01  2.035998e-01  1.108075e+00 -2.697483e-01
 8.880784e-01  2.245953e-01  2.221712e-01 -4.962577e-01
 9.428836e-01  2.385345e-01  1.902435e-01 -2.024249e-01
 8.529622e-01  2.144935e-01  6.055976e-01 -3.964089e-01
 8.749227e-01  2.219155e-01  6.469917e-01 -1.798502e-01
 2.731473e-01  1.006329e+00 -3.753524e-01  1.058039e+00
 2.209422e-01  7.123344e-01 -3.736989e-01  1.459254e+00
 2.560400e-01  8.993980e-01 -1.044583e+00  8.912655e-01
 2.492522e-01  8.877702e-01 -1.369173e+00  3.286876e-01
 3.277522e-01  1.131956e+00 -2.408993e-01  5.760968e-01
 3.543807e-01  1.176886e+00 -1.949530e-01  2.015103e-01
 3.100580e-01  1.130766e+00 -7.016671e-01  4.846195e-01
 3.228073e-01  1.142411e+00 -7.286739e-01  1.953265e-01
 2.850470e-01  1.343376e+00 -2.746883e-01  1.114857e+00
 2.086513e-01  2.344114e-01 -4.792373e-01  1.609353e+00
 2.633132e-01  2.813249e-01 -1.305062e+00  1.044345e+00
 2.614929e-01  2.809236e-01 -1.627246e+00  3.962206e-01
 3.583498e-01  1.488583e+00 -2.405254e-01  6.562958e-01
 3.982058e-01  1.579926e+00 -2.034163e-01  2.157473e-01
 3.361313e-01  1.502468e+00 -7.311438e-01  5.323246e-01
 3.557278e-01  1.516057e+00 -7.153106e-01  1.994691e-01
 9.107158e-01  8.210820e-01 -3.439688e-01  1.100654e+00
 6.763640e-01  6.283391e-01 -3.256404e-01  1.425500e+00
 8.046272e-01  7.789945e-01 -9.888806e-01  8.722025e-01
 7.840461e-01  7.816665e-01 -1.313331e+00  3.025426e-01
 1.091718e+00  9.523795e-01 -2.524804e-01  6.604208e-01
 1.173524e+00  1.016663e+00 -2.206835e-01  2.198363e-01
 1.041820e+00  9.314312e-01 -7.188191e-01  5.454469e-01
 1.067398e+00  9.534412e-01 -7.619686e-01  2.071722e-01
 1.217038e+00  2.770823e-01 -3.450378e-01  1.131141e+00
 7.374867e-01  2.262195e-01 -3.915572e-01  1.514795e+00
 9.498554e-01  2.604105e-01 -1.087687e+00  9.315985e-01
 8.943847e-01  2.545873e-01 -1.433697e+00  3.445229e-01
 1.432499e+00  3.313261e-01 -2.598229e-01  6.705521e-01
 1.534689e+00  3.578061e-01 -2.280551e-01  2.213010e-01
 1.377544e+00  3.096005e-01 -7.648601e-01  5.517716e-01
 1.408345e+00  3.260266e-01 -7.890559e-01  2.069882e-01
 2.333739e-01  6.199771e-01 -3.212979e-01  8.674715e-01
 2.079588e-01  4.948208e-01 -2.633215e-01  1.101211e+00
 2.335423e-01  5.892307e-01 -8.438591e-01  6.731786e-01
 2.350477e-01  5.901603e-01 -1.085149e+00  2.653669e-01
 2.800102e-01  7.210971e-01 -2.243966e-01  4.826824e-01
 3.086193e-01  7.570603e-01 -1.887925e-01  2.076702e-01
 2.636701e-01  7.009332e-01 -6.011698e-01  3.796681e-01
 2.754389e-01  7.185269e-01 -6.447996e-01  1.804007e-01
 2.105308e-01  1.992710e-01 -3.517641e-01  8.140236e-01
 1.955678e-01  1.822726e-01 -3.075634e-01  1.115426e+00
 2.183691e-01  2.032375e-01 -9.061407e-01  6.855961e-01
 2.218313e-01  2.076144e-01 -1.141041e+00  2.860115e-01
 2.599449e-01  2.282321e-01 -2.115469e-01  4.034145e-01
 2.900198e-01  2.466510e-01 -1.802799e-01  2.085182e-01
 2.449196e-01  2.173227e-01 -5.592849e-01  3.021697e-01
 2.567308e-01  2.241867e-01 -5.966639e-01  1.663143e-01
 6.715900e-01  5.321882e-01 -2.979694e-01  8.983501e-01
 5.623535e-01  4.401843e-01 -2.413972e-01  1.110339e+00
 6.444021e-01  5.278465e-01 -8.215171e-01  6.837863e-01
 6.400613e-01  5.376579e-01 -1.072385e+00  2.538453e-01
 7.898836e-01  6.213224e-01 -2.284726e-01  5.295042e-01
 8.402658e-01  6.578118e-01 -1.939197e-01  2.088816e-01
 7.586581e-01  6.034194e-01 -6.171657e-01  4.239790e-01
 7.768036e-01  6.194718e-01 -6.635323e-01  1.875692e-01
 7.458178e-01  1.980112e-01 -3.160972e-01  8.793794e-01
 5.914947e-01  1.772295e-01 -2.699179e-01  1.127476e+00
 6.909702e-01  1.995516e-01 -8.550299e-01  6.913030e-01
 6.774737e-01  2.035998e-01 -1.108075e+00  2.697483e-01
 8.880784e-01  2.245953e-01 -2.221712e-01  4.962577e-01
 9.428836e-01  2.385345e-01 -1.902435e-01  2.024249e-01
 8.529622e-01  2.144935e-01 -6.055976e-01  3.964089e-01
 8.749227e-01  2.219155e-01 -6.469917e-01  1.798502e-01
 2.731473e-01  1.006329e+00 -3.753524e-01 -1.058039e+00
 2.209422e-01  7.123344e-01 -3.736989e-01 -1.459254e+00
 2.560400e-01  8.993980e-01 -1.044583e+00 -8.912655e-01
 2.492522e-01  8.877702e-01 -1.369173e+00 -3.286876e-01
 3.277522e-01  1.131956e+00 -2.408993e-01 -5.760968e-01
 3.543807e-01  1.176886e+00 -1.949530e-01 -2.015103e-01
 3.100580e-01  1.130766e+00 -7.016671e-01 -4.846195e-01
 3.228073e-01  1.142411e+00 -7.286739e-01 -1.953265e-01
 2.850470e-01  1.343376e+00 -2.746883e-01 -1.114857e+00
 2.086513e-01  2.344114e-01 -4.792373e-01 -1.609353e+00
 2.633132e-01  2.813249e-01 -1.305062e+00 -1.044345e+00
 2.614929e-01  2.809236e-01 -1.627246e+00 -3.962206e-01
 3.583498e-01  1.488583e+00 -2.405254e-01 -6.562958e-01
 3.982058e-01  1.579926e+00 -2.034163e-01 -2.157473e-01
 3.361313e-01  1.502468e+00 -7.311438e-01 -5.323246e-01
 3.557278e-01  1.516057e+00 -7.153106e-01 -1.994691e-01
 9.107158e-01  8.210820e-01 -3.439688e-01 -1.100654e+00
 6.763640e-01  6.283391e-01 -3.256404e-01 -1.425500e+00
 8.046272e-01  7.789945e-01 -9.888806e-01 -8.722025e-01
 7.840461e-01  7.816665e-01 -1.313331e+00 -3.025426e-01
 1.091718e+00  9.523795e-01 -2.524804e-01 -6.604208e-01
 1.173524e+00  1.016663e+00 -2.206835e-01 -2.198363e-01
 1.041820e+00  9.314312e-01 -7.188191e-01 -5.454469e-01
 1.067398e+00  9.534412e-01 -7.619686e-01 -2.071722e-01
 1.217038e+00  2.770823e-01 -3.450378e-01 -1.131141e+00
 7.374867e-01  2.262195e-01 -3.915572e-01 -1.514795e+00
 9.498554e-01  2.604105e-01 -1.087687e+00 -9.315985e-01
 8.943847e-01  2.545873e-01 -1.433697e+00 -3.445229e-01
 1.432499e+00  3.313261e-01 -2.598229e-01 -6.705521e-01
 1.534689e+00  3.578061e-01 -2.280551e-01 -2.213010e-01
 1.377544e+00  3.096005e-01 -7.648601e-01 -5.517716e-01
 1.408345e+00  3.260266e-01 -7.890559e-01 -2.069882e-01
 2.333739e-01  6.199771e-01 -3.212979e-01 -8.674715e-01
 2.079588e-01  4.948208e-01 -2.633215e-01 -1.101211e+00
 2.335423e-01  5.892307e-01 -8.438591e-01 -6.731786e-01
 2.350477e-01  5.901603e-01 -1.085149e+00 -2.653669e-01
 2.800102e-01  7.210971e-01 -2.243966e-01 -4.826824e-01
 3.086193e-01  7.570603e-01 -1.887925e-01 -2.076702e-01
 2.636701e-01  7.009332e-01 -6.011698e-01 -3.796681e-01
 2.754389e-01  7.185269e-01 -6.447996e-01 -1.804007e-01
 2.105308e-01  1.992710e-01 -3.517641e-01 -8.140236e-01
 1.955678e-01  1.822726e-01 -3.075634e-01 -1.115426e+00
 2.183691e-01  2.032375e-01 -9.061407e-01 -6.855961e-01
 2.218313e-01  2.076144e-01 -1.141041e+00 -2.860115e-01
 2.599449e-01  2.282321e-01 -2.115469e-01 -4.034145e-01
 2.900198e-01  2.466510e-01 -1.802799e-01 -2.085182e-01
 2.449196e-01  2.173227e-01 -5.592849e-01 -3.021697e-01
 2.567308e-01  2.241867e-01 -5.966639e-01 -1.663143e-01
 6.715900e-01  5.321882e-01 -2.979694e-01 -8.983501e-01
 5.623535e-01  4.401843e-01 -2.413972e-01 -1.110339e+00
 6.444021e-01  5.278465e-01 -8.215171e-01 -6.837863e-01
 6.400613e-01  5.376579e-01 -1.072385e+00 -2.538453e-01
 7.898836e-01  6.213224e-01 -2.284726e-01 -5.295042e-01
 8.402658e-01  6.578118e-01 -1.939197e-01 -2.088816e-01
 7.586581e-01  6.034194e-01 -6.171657e-01 -4.239790e-01
 7.768036e-01  6.194718e-01 -6.635323e-01 -1.875692e-01
 7.458178e-01  1.980112e-01 -3.160972e-01 -8.793794e-01
 5.914947e-01  1.772295e-01 -2.699179e-01 -1.127476e+00
 6.909702e-01  1.995516e-01 -8.550299e-01 -6.913030e-01
 6.774737e-01  2.035998e-01 -1.108075e+00 -2.697483e-01
 8.880784e-01  2.245953e-01 -2.221712e-01 -4.962577e-01
 9.428836e-01  2.385345e-01 -1.902435e-01 -2.024249e-01
 8.529622e-01  2.144935e-01 -6.055976e-01 -3.964089e-01
 8.749227e-01  2.219155e-01 -6.469917e-01 -1.798502e-01
 2.731473e-01 -1.006329e+00  3.753524e-01  1.058039e+00
 2.209422e-01 -7.123344e-01  3.736989e-01  1.459254e+00
 2.560400e-01 -8.993980e-01  1.044583e+00  8.912655e-01
 2.492522e-01 -8.877702e-01  1.369173e+00  3.286876e-01
 3.277522e-01 -1.131956e+00  2.408993e-01  5.760968e-01
 3.543807e-01 -1.176886e+00  1.949530e-01  2.015103e-01
 3.100580e-01 -1.130766e+00  7.016671e-01  4.846195e-01
 3.228073e-01 -1.142411e+00  7.286739e-01  1.953265e-01
 2.850470e-01 -1.343376e+00  2.746883e-01  1.114857e+00
 2.086513e-01 -2.344114e-01  4.792373e-01  1.609353e+00
 2.633132e-01 -2.813249e-01  1.305062e+00  1.044345e+00
 2.614929e-01 -2.809236e-01  1.627246e+00  3.962206e-01
 3.583498e-01 -1.488583e+00  2.405254e-01  6.562958e-01
 3.982058e-01 -1.579926e+00  2.034163e-01  2.157473e-01
 3.361313e-01 -1.502468e+00  7.311438e-01  5.323246e-01
 3.557278e-01 -1.516057e+00  7.153106e-01  1.994691e-01
 9.107158e-01 -8.210820e-01  3.439688e-01  1.100654e+00
 6.763640e-01 -6.283391e-01  3.256404e-01  1.425500e+00
 8.046272e-01 -7.789945e-01  9.888806e-01  8.722025e-01
 7.840461e-01 -7.816665e-01  1.313331e+00  3.025426e-01
 1.091718e+00 -9.523795e-01  2.524804e-01  6.604208e-01
 1.173524e+00 -1.016663e+00  2.206835e-01  2.198363e-01
 1.041820e+00 -9.314312e-01  7.188191e-01  5.454469e-01
 1.067398e+00 -9.534412e-01  7.619686e-01  2.071722e-01
 1.217038e+00 -2.770823e-01  3.450378e-01  1.131141e+00
 7.374867e-01 -2.262195e-01  3.915572e-01  1.514795e+00
 9.498554e-01 -2.604105e-01  1.087687e+00  9.315985e-01
 8.943847e-01 -2.545873e-01  1.433697e+00  3.445229e-01
 1.432499e+00 -3.313261e-01  2.598229e-01  6.705521e-01
 1.534689e+00 -3.578061e-01  2.280551e-01  2.213010e-01
 1.377544e+00 -3.096005e-01  7.648601e-01  5.517716e-01
 1.408345e+00 -3.260266e-01  7.890559e-01  2.069882e-01
 2.333739e-01 -6.199771e-01  3.212979e-01  8.674715e-01
 2.079588e-01 -4.948208e-01  2.633215e-01  1.101211e+00
 2.335423e-01 -5.892307e-01  8.438591e-01  6.731786e-01
 2.350477e-01 -5.901603e-01  1.085149e+00  2.653669e-01
 2.800102e-01 -7.210971e-01  2.243966e-01  4.826824e-01
 3.086193e-01 -7.570603e-01  1.887925e-01  2.076702e-01
 2.636701e-01 -7.009332e-01  6.011698e-01  3.796681e-01
 2.754389e-01 -7.185269e-01  6.447996e-01  1.804007e-01
 2.105308e-01 -1.992710e-01  3.517641e-01  8.140236e-01
 1.955678e-01 -1.822726e-01  3.075634e-01  1.115426e+00
 2.183691e-01 -2.032375e-01  9.061407e-01  6.855961e-01
 2.218313e-01 -2.076144e-01  1.141041e+00  2.860115e-01
 2.599449e-01 -2.282321e-01  2.115469e-01  4.034145e-01
 2.900198e-01 -2.466510e-01  1.802799e-01  2.085182e-01
 2.449196e-01 -2.173227e-01  5.592849e-01  3.021697e-01
 2.567308e-01 -2.241867e-01  5.966639e-01  1.663143e-01
 6.715900e-01 -5.321882e-01  2.979694e-01  8.983501e-01
 5.623535e-01 -4.401843e-01  2.413972e-01  1.110339e+00
 6.444021e-01 -5.278465e-01  8.215171e-01  6.837863e-01
 6.400613e-01 -5.376579e-01  1.072385e+00  2.538453e-01
 7.898836e-01 -6.213224e-01  2.284726e-01  5.295042e-01
 8.402658e-01 -6.578118e-01  1.939197e-01  2.088816e-01
 7.586581e-01 -6.034194e-01  6.171657e-01  4.239790e-01
 7.768036e-01 -6.194718e-01  6.635323e-01  1.875692e-01
 7.458178e-01 -1.980112e-01  3.160972e-01  8.793794e-01
 5.914947e-01 -1.772295e-01  2.699179e-01  1.127476e+00
 6.909702e-01 -1.995516e-01  8.550299e-01  6.913030e-01
 6.774737e-01 -2.035998e-01  1.108075e+00  2.697483e-01
 8.880784e-01 -2.245953e-01  2.221712e-01  4.962577e-01
 9.428836e-01 -2.385345e-01  1.902435e-01  2.024249e-01
 8.529622e-01 -2.144935e-01  6.055976e-01  3.964089e-01
 8.749227e-01 -2.219155e-01  6.469917e-01  1.798502e-01
 2.731473e-01 -1.006329e+00  3.753524e-01 -1.058039e+00
 2.209422e-01 -7.123344e-01  3.736989e-01 -1.459254e+00
 2.560400e-01 -8.993980e-01  1.044583e+00 -8.912655e-01
 2.492522e-01 -8.877702e-01  1.369173e+00 -3.286876e-01
 3.277522e-01 -1.131956e+00  2.408993e-01 -5.760968e-01
 3.543807e-01 -1.176886e+00  1.949530e-01 -2.015103e-01
 3.100580e-01 -1.130766e+00  7.016671e-01 -4.846195e-01
 3.228073e-01 -1.142411e+00  7.286739e-01 -1.953265e-01
 2.850470e-01 -1.343376e+00  2.746883e-01 -1.114857e+00
 2.086513e-01 -2.344114e-01  4.792373e-01 -1.609353e+00
 2.633132e-01 -2.813249e-01  1.305062e+00 -1.044345e+00
 2.614929e-01 -2.809236e-01  1.627246e+00 -3.962206e-01
 3.583498e-01 -1.488583e+00  2.405254e-01 -6.562958e-01
 3.982058e-01 -1.579926e+00  2.034163e-01 -2.157473e-01
 3.361313e-01 -1.502468e+00  7.311438e-01 -5.323246e-01
 3.557278e-01 -1.516057e+00  7.153106e-01 -1.994691e-01
 9.107158e-01 -8.210820e-01  3.439688e-01 -1.100654e+00
 6.763640e-01 -6.283391e-01  3.256404e-01 -1.425500e+00
 8.046272e-01 -7.789945e-01  9.888806e-01 -8.722025e-01
 7.840461e-01 -7.816665e-01  1.313331e+00 -3.025426e-01
 1.091718e+00 -9.523795e-01  2.524804e-01 -6.604208e-01
 1.173524e+00 -1.016663e+00  2.206835e-01 -2.198363e-01
 1.041820e+00 -9.314312e-01  7.188191e-01 -5.454469e-01
 1.067398e+00 -9.534412e-01  7.619686e-01 -2.071722e-01
 1.217038e+00 -2.770823e-01  3.450378e-01 -1.131141e+00
 7.374867e-01 -2.262195e-01  3.915572e-01 -1.514795e+00
 9.498554e-01 -2.604105e-01  1.087687e+00 -9.315985e-01
 8.943847e-01 -2.545873e-01  1.433697e+00 -3.445229e-01
 1.432499e+00 -3.313261e-01  2.598229e-01 -6.705521e-01
 1.534689e+00 -3.578061e-01  2.280551e-01 -2.213010e-01
 1.377544e+00 -3.096005e-01  7.648601e-01 -5.517716e-01
 1.408345e+00 -3.260266e-01  7.890559e-01 -2.069882e-01
 2.333739e-01 -6.199771e-01  3.212979e-01 -8.674715e-01
 2.079588e-01 -4.948208e-01  2.633215e-01 -1.101211e+00
 2.335423e-01 -5.892307e-01  8.438591e-01 -6.731786e-01
 2.350477e-01 -5.901603e-01  1.085149e+00 -2.653669e-01
 2.800102e-01 -7.210971e-01  2.243966e-01 -4.826824e-01
 3.086193e-01 -7.570603e-01  1.887925e-01 -2.076702e-01
 2.636701e-01 -7.009332e-01  6.011698e-01 -3.796681e-01
 2.754389e-01 -7.185269e-01  6.447996e-01 -1.804007e-01
 2.105308e-01 -1.992710e-01  3.517641e-01 -8.140236e-01
 1.955678e-01 -1.822726e-01  3.075634e-01 -1.115426e+00
 2.183691e-01 -2.032375e-01  9.061407e-01 -6.855961e-01
 2.218313e-01 -2.076144e-01  1.141041e+00 -2.860115e-01
 2.599449e-01 -2.282321e-01  2.115469e-01 -4.034145e-01
 2.900198e-01 -2.466510e-01  1.802799e-01 -2.085182e-01
 2.449196e-01 -2.173227e-01  5.592849e-01 -3.021697e-01
 2.567308e-01 -2.241867e-01  5.966639e-01 -1.663143e-01
 6.715900e-01 -5.321882e-01  2.979694e-01 -8.983501e-01
 5.623535e-01 -4.401843e-01  2.413972e-01 -1.110339e+00
 6.444021e-01 -5.278465e-01  8.215171e-01 -6.837863e-01
 6.400613e-01 -5.376579e-01  1.072385e+00 -2.538453e-01
 7.898836e-01 -6.213224e-01  2.284726e-01 -5.295042e-01
 8.402658e-01 -6.578118e-01  1.939197e-01 -2.088816e-01
 7.586581e-01 -6.034194e-01  6.171657e-01 -4.239790e-01
 7.768036e-01 -6.194718e-01  6.635323e-01 -1.875692e-01
 7.458178e-01 -1.980112e-01  3.160972e-01 -8.793794e-01
 5.914947e-01 -1.772295e-01  2.699179e-01 -1.127476e+00
 6.909702e-01 -1.995516e-01  8.550299e-01 -6.913030e-01
 6.774737e-01 -2.035998e-01  1.108075e+00 -2.697483e-01
 8.880784e-01 -2.245953e-01  2.221712e-01 -4.962577e-01
 9.428836e-01 -2.385345e-01  1.902435e-01 -2.024249e-01
 8.529622e-01 -2.144935e-01  6.055976e-01 -3.964089e-01
 8.749227e-01 -2.219155e-01  6.469917e-01 -1.798502e-01
 2.731473e-01 -1.006329e+00 -3.753524e-01  1.058039e+00
 2.209422e-01 -7.123344e-01 -3.736989e-01  1.459254e+00
 2.560400e-01 -8.993980e-01 -1.044583e+00  8.912655e-01
 2.492522e-01 -8.877702e-01 -1.369173e+00  3.286876e-01
 3.277522e-01 -1.131956e+00 -2.408993e-01  5.760968e-01
 3.543807e-01 -1.176886e+00 -1.949530e-01  2.015103e-01
 3.100580e-01 -1.130766e+00 -7.016671e-01  4.846195e-01
 3.228073e-01 -1.142411e+00 -7.286739e-01  1.953265e-01
 2.850470e-01 -1.343376e+00 -2.746883e-01  1.114857e+00
 2.086513e-01 -2.344114e-01 -4.792373e-01  1.609353e+00
 2.633132e-01 -2.813249e-01 -1.305062e+00  1.044345e+00
 2.614929e-01 -2.809236e-01 -1.627246e+00  3.962206e-01
 3.583498e-01 -1.488583e+00 -2.405254e-01  6.562958e-01
 3.982058e-01 -1.579926e+00 -2.034163e-01  2.157473e-01
 3.361313e-01 -1.502468e+00 -7.311438e-01  5.323246e-01
 3.557278e-01 -1.516057e+00 -7.153106e-01  1.994691e-01
 9.107158e-01 -8.210820e-01 -3.439688e-01  1.100654e+00
 6.763640e-01 -6.283391e-01 -3.256404e-01  1.425500e+00
 8.046272e-01 -7.789945e-01 -9.888806e-01  8.722025e-01
 7.840461e-01 -7.816665e-01 -1.313331e+00  3.025426e-01
 1.091718e+00 -9.523795e-01 -2.524804e-01  6.604208e-01
 1.173524e+00 -1.016663e+00 -2.206835e-01  2.198363e-01
 1.041820e+00 -9.314312e-01 -7.188191e-01  5.454469e-01
 1.067398e+00 -9.534412e-01 -7.619686e-01  2.071722e-01
 1.217038e+00 -2.770823e-01 -3.450378e-01  1.131141e+00
 7.374867e-01 -2.262195e-01 -3.915572e-01  1.514795e+00
 9.498554e-01 -2.604105e-01 -1.087687e+00  9.315985e-01
 8.943847e-01 -2.545873e-01 -1.433697e+00  3.445229e-01
 1.432499e+00 -3.313261e-01 -2.598229e-01  6.705521e-01
 1.534689e+00 -3.578061e-01 -2.280551e-01  2.213010e-01
 1.377544e+00 -3.096005e-01 -7.648601e-01  5.517716e-01
 1.408345e+00 -3.260266e-01 -7.890559e-01  2.069882e-01
 2.333739e-01 -6.199771e-01 -3.212979e-01  8.674715e-01
 2.079588e-01 -4.948208e-01 -2.633215e-01  1.101211e+00
 2.335423e-01 -5.892307e-01 -8.438591e-01  6.731786e-01
 2.350477e-01 -5.901603e-01 -1.085149e+00  2.653669e-01
 2.800102e-01 -7.210971e-01 -2.243966e-01  4.826824e-01
 3.086193e-01 -7.570603e-01 -1.887925e-01  2.076702e-01
 2.636701e-01 -7.009332e-01 -6.011698e-01  3.796681e-01
 2.754389e-01 -7.185269e-01 -6.447996e-01  1.804007e-01
 2.105308e-01 -1.992710e-01 -3.517641e-01  8.140236e-01
 1.955678e-01 -1.822726e-01 -3.075634e-01  1.115426e+00
 2.183691e-01 -2.032375e-01 -9.061407e-01  6.855961e-01
 2.218313e-01 -2.076144e-01 -1.141041e+00  2.860115e-01
 2.599449e-01 -2.282321e-01 -2.115469e-01  4.034145e-01
 2.900198e-01 -2.466510e-01 -1.802799e-01  2.085182e-01
 2.449196e-01 -2.173227e-01 -5.592849e-01  3.021697e-01
 2.567308e-01 -2.241867e-01 -5.966639e-01  1.663143e-01
 6.715900e-01 -5.321882e-01 -2.979694e-01  8.983501e-01
 5.623535e-01 -4.401843e-01 -2.413972e-01  1.110339e+00
 6.444021e-01 -5.278465e-01 -8.215171e-01  6.837863e-01
 6.400613e-01 -5.376579e-01 -1.072385e+00  2.538453e-01
 7.898836e-01 -6.213224e-01 -2.284726e-01  5.295042e-01
 8.402658e-01 -6.578118e-01 -1.939197e-01  2.088816e-01
 7.586581e-01 -6.034194e-01 -6.171657e-01  4.239790e-01
 7.768036e-01 -6.194718e-01 -6.635323e-01  1.875692e-01
 7.458178e-01 -1.980112e-01 -3.160972e-01  8.793794e-01
 5.914947e-01 -1.772295e-01 -2.699179e-01  1.127476e+00
 6.909702e-01 -1.995516e-01 -8.550299e-01  6.913030e-01
 6.774737e-01 -2.035998e-01 -1.108075e+00  2.697483e-01
 8.880784e-01 -2.245953e-01 -2.221712e-01  4.962577e-01
 9.428836e-01 -2.385345e-01 -1.902435e-01  2.024249e-01
 8.529622e-01 -2.144935e-01 -6.055976e-01  3.964089e-01
 8.749227e-01 -2.219155e-01 -6.469917e-01  1.798502e-01
 2.731473e-01 -1.006329e+00 -3.753524e-01 -1.058039e+00
 2.209422e-01 -7.123344e-01 -3.736989e-01 -1.459254e+00
 2.560400e-01 -8.993980e-01 -1.044583e+00 -8.912655e-01
 2.492522e-01 -8.877702e-01 -1.369173e+00 -3.286876e-01
 3.277522e-01 -1.131956e+00 -2.408993e-01 -5.760968e-01
 3.543807e-01 -1.176886e+00 -1.949530e-01 -2.015103e-01
 3.100580e-01 -1.130766e+00 -7.016671e-01 -4.846195e-01
 3.228073e-01 -1.142411e+00 -7.286739e-01 -1.953265e-01
 2.850470e-01 -1.343376e+00 -2.746883e-01 -1.114857e+00
 2.086513e-01 -2.344114e-01 -4.792373e-01 -1.609353e+00
 2.633132e-01 -2.813249e-01 -1.305062e+00 -1.044345e+00
 2.614929e-01 -2.809236e-01 -1.627246e+00 -3.962206e-01
 3.583498e-01 -1.488583e+00 -2.405254e-01 -6.562958e-01
 3.982058e-01 -1.579926e+00 -2.034163e-01 -2.157473e-01
 3.361313e-01 -1.502468e+00 -7.311438e-01 -5.323246e-01
 3.557278e-01 -1.516057e+00 -7.153106e-01 -1.994691e-01
 9.107158e-01 -8.210820e-01 -3.439688e-01 -1.100654e+00
 6.763640e-01 -6.283391e-01 -3.256404e-01 -1.425500e+00
 8.046272e-01 -7.789945e-01 -9.888806e-01 -8.722025e-01
 7.840461e-01 -7.816665e-01 -1.313331e+00 -3.025426e-01
 1.091718e+00 -9.523795e-01 -2.524804e-01 -6.604208e-01
 1.173524e+00 -1.016663e+00 -2.206835e-01 -2.198363e-01
 1.041820e+00 -9.314312e-01 -7.188191e-01 -5.454469e-01
 1.067398e+00 -9.534412e-01 -7.619686e-01 -2.071722e-01
 1.217038e+00 -2.770823e-01 -3.450378e-01 -1.131141e+00
 7.374867e-01 -2.262195e-01 -3.915572e-01 -1.514795e+00
 9.498554e-01 -2.604105e-01 -1.087687e+00 -9.315985e-01
 8.943847e-01 -2.545873e-01 -1.433697e+00 -3.445229e-01
 1.432499e+00 -3.313261e-01 -2.598229e-01 -6.705521e-01
 1.534689e+00 -3.578061e-01 -2.280551e-01 -2.213010e-01
 1.377544e+00 -3.096005e-01 -7.648601e-01 -5.517716e-01
 1.408345e+00 -3.260266e-01 -7.890559e-01 -2.069882e-01
 2.333739e-01 -6.199771e-01 -3.212979e-01 -8.674715e-01
 2.079588e-01 -4.948208e-01 -2.633215e-01 -1.101211e+00
 2.335423e-01 -5.892307e-01 -8.438591e-01 -6.731786e-01
 2.350477e-01 -5.901603e-01 -1.085149e+00 -2.653669e-01
 2.800102e-01 -7.210971e-01 -2.243966e-01 -4.826824e-01
 3.086193e-01 -7.570603e-01 -1.887925e-01 -2.076702e-01
 2.636701e-01 -7.009332e-01 -6.011698e-01 -3.796681e-01
 2.754389e-01 -7.185269e-01 -6.447996e-01 -1.804007e-01
 2.105308e-01 -1.992710e-01 -3.517641e-01 -8.140236e-01
 1.955678e-01 -1.822726e-01 -3.075634e-01 -1.115426e+00
 2.183691e-01 -2.032375e-01 -9.061407e-01 -6.855961e-01
 2.218313e-01 -2.076144e-01 -1.141041e+00 -2.860115e-01
 2.599449e-01 -2.282321e-01 -2.115469e-01 -4.034145e-01
 2.900198e-01 -2.466510e-01 -1.802799e-01 -2.085182e-01
 2.449196e-01 -2.173227e-01 -5.592849e-01 -3.021697e-01
 2.567308e-01 -2.241867e-01 -5.966639e-01 -1.663143e-01
 6.715900e-01 -5.321882e-01 -2.979694e-01 -8.983501e-01
 5.623535e-01 -4.401843e-01 -2.413972e-01 -1.110339e+00
 6.444021e-01 -5.278465e-01 -8.215171e-01 -6.837863e-01
 6.400613e-01 -5.376579e-01 -1.072385e+00 -2.538453e-01
 7.898836e-01 -6.213224e-01 -2.284726e-01 -5.295042e-01
 8.402658e-01 -6.578118e-01 -1.939197e-01 -2.088816e-01
 7.586581e-01 -6.034194e-01 -6.171657e-01 -4.239790e-01
 7.768036e-01 -6.194718e-01 -6.635323e-01 -1.875692e-01
 7.458178e-01 -1.980112e-01 -3.160972e-01 -8.793794e-01
 5.914947e-01 -1.772295e-01 -2.699179e-01 -1.127476e+00
 6.909702e-01 -1.995516e-01 -8.550299e-01 -6.913030e-01
 6.774737e-01 -2.035998e-01 -1.108075e+00 -2.697483e-01
 8.880784e-01 -2.245953e-01 -2.221712e-01 -4.962577e-01
 9.428836e-01 -2.385345e-01 -1.902435e-01 -2.024249e-01
 8.529622e-01 -2.144935e-01 -6.055976e-01 -3.964089e-01
 8.749227e-01 -2.219155e-01 -6.469917e-01 -1.798502e-01
-2.731473e-01  1.006329e+00  3.753524e-01  1.058039e+00
-2.209422e-01  7.123344e-01  3.736989e-01  1.459254e+00
-2.560400e-01  8.993980e-01  1.044583e+00  8.912655e-01
-2.492522e-01  8.877702e-01  1.369173e+00  3.286876e-01
-3.277522e-01  1.131956e+00  2.408993e-01  5.760968e-01
-3.543807e-01  1.176886e+00  1.949530e-01  2.015103e-01
-3.100580e-01  1.130766e+00  7.016671e-01  4.846195e-01
-3.228073e-01  1.142411e+00  7.286739e-01  1.953265e-01
-2.850470e-01  1.343376e+00  2.746883e-01  1.114857e+00
-2.086513e-01  2.344114e-01  4.792373e-01  1.609353e+00
-2.633132e-01  2.813249e-01  1.305062e+00  1.044345e+00
-2.614929e-01  2.809236e-01  1.627246e+00  3.962206e-01
-3.583498e-01  1.488583e+00  2.405254e-01  6.562958e-01
-3.982058e-01  1.579926e+00  2.034163e-01  2.157473e-01
-3.361313e-01  1.502468e+00  7.311438e-01  5.323246e-01
-3.557278e-01  1.516057e+00  7.153106e-01  1.994691e-01
-9.107158e-01  8.210820e-01  3.439688e-01  1.100654e+00
-6.763640e-01  6.283391e-01  3.256404e-01  1.425500e+00
-8.046272e-01  7.789945e-01  9.888806e-01  8.722025e-01
-7.840461e-01  7.816665e-01  1.313331e+00  3.025426e-01
-1.091718e+00  9.523795e-01  2.524804e-01  6.604208e-01
-1.173524e+00  1.016663e+00  2.206835e-01  2.198363e-01
-1.041820e+00  9.314312e-01  7.188191e-01  5.454469e-01
-1.067398e+00  9.534412e-01  7.619686e-01  2.071722e-01
-1.217038e+00  2.770823e-01  3.450378e-01  1.131141e+00
-7.374867e-01  2.262195e-01  3.915572e-01  1.514795e+00
-9.498554e-01  2.604105e-01  1.087687e+00  9.315985e-01
-8.943847e-01  2.545873e-01  1.433697e+00  3.445229e-01
-1.432499e+00  3.313261e-01  2.598229e-01  6.705521e-01
-1.534689e+00  3.578061e-01  2.280551e-01  2.213010e-01
-1.377544e+00  3.096005e-01  7.648601e-01  5.517716e-01
-1.408345e+00  3.260266e-01  7.890559e-01  2.069882e-01
-2.333739e-01  6.199771e-01  3.212979e-01  8.674715e-01
-2.079588e-01  4.948208e-01  2.633215e-01  1.101211e+00
-2.335423e-01  5.892307e-01  8.438591e-01  6.731786e-01
-2.350477e-01  5.901603e-01  1.085149e+00  2.653669e-01
-2.800102e-01  7.210971e-01  2.243966e-01  4.826824e-01
-3.086193e-01  7.570603e-01  1.887925e-01  2.076702e-01
-2.636701e-01  7.009332e-01  6.011698e-01  3.796681e-01
-2.754389e-01  7.185269e-01  6.447996e-01  1.804007e-01
-2.105308e-01  1.992710e-01  3.517641e-01  8.140236e-01
-1.955678e-01  1.822726e-01  3.075634e-01  1.115426e+00
-2.183691e-01  2.032375e-01  9.061407e-01  6.855961e-01
-2.218313e-01  2.076144e-01  1.141041e+00  2.860115e-01
-2.599449e-01  2.282321e-01  2.115469e-01  4.034145e-01
-2.900198e-01  2.466510e-01  1.802799e-01  2.085182e-01
-2.449196e-01  2.173227e-01  5.592849e-01  3.021697e-01
-2.567308e-01  2.241867e-01  5.966639e-01  1.663143e-01
-6.715900e-01  5.321882e-01  2.979694e-01  8.983501e-01
-5.623535e-01  4.401843e-01  2.413972e-01  1.110339e+00
-6.444021e-01  5.278465e-01  8.215171e-01  6.837863e-01
-6.400613e-01  5.376579e-01  1.072385e+00  2.538453e-01
-7.898836e-01  6.213224e-01  2.284726e-01  5.295042e-01
-8.402658e-01  6.578118e-01  1.939197e-01  2.088816e-01
-7.586581e-01  6.034194e-01  6.171657e-01  4.239790e-01
-7.768036e-01  6.194718e-01  6.635323e-01  1.875692e-01
-7.458178e-01  1.980112e-01  3.160972e-01  8.793794e-01
-5.914947e-01  1.772295e-01  2.699179e-01  1.127476e+00
-6.909702e-01  1.995516e-01  8.550299e-01  6.913030e-01
-6.774737e-01  2.035998e-01  1.108075e+00  2.697483e-01
-8.880784e-01  2.245953e-01  2.221712e-01  4.962577e-01
-9.428836e-01  2.385345e-01  1.902435e-01  2.024249e-01
-8.529622e-01  2.144935e-01  6.055976e-01  3.964089e-01
-8.749227e-01  2.219155e-01  6.469917e-01  1.798502e-01
-2.731473e-01  1.006329e+00  3.753524e-01 -1.058039e+00
-2.209422e-01  7.123344e-01  3.736989e-01 -1.459254e+00
-2.560400e-01  8.993980e-01  1.044583e+00 -8.912655e-01
-2.492522e-01  8.877702e-01  1.369173e+00 -3.286876e-01
-3.277522e-01  1.131956e+00  2.408993e-01 -5.760968e-01
-3.543807e-01  1.176886e+00  1.949530e-01 -2.015103e-01
-3.100580e-01  1.130766e+00  7.016671e-01 -4.846195e-01
-3.228073e-01  1.142411e+00  7.286739e-01 -1.953265e-01
-2.850470e-01  1.343376e+00  2.746883e-01 -1.114857e+00
-2.086513e-01  2.344114e-01  4.792373e-01 -1.609353e+00
-2.633132e-01  2.813249e-01  1.305062e+00 -1.044345e+00
-2.614929e-01  2.809236e-01  1.627246e+00 -3.962206e-01
-3.583498e-01  1.488583e+00  2.405254e-01 -6.562958e-01
-3.982058e-01  1.579926e+00  2.034163e-01 -2.157473e-01
-3.361313e-01  1.502468e+00  7.311438e-01 -5.323246e-01
-3.557278e-01  1.516057e+00  7.153106e-01 -1.994691e-01
-9.107158e-01  8.210820e-01  3.439688e-01 -1.100654e+00
-6.763640e-01  6.283391e-01  3.256404e-01 -1.425500e+00
-8.046272e-01  7.789945e-01  9.888806e-01 -8.722025e-01
-7.840461e-01  7.816665e-01  1.313331e+00 -3.025426e-01
-1.091718e+00  9.523795e-01  2.524804e-01 -6.604208e-01
-1.173524e+00  1.016663e+00  2.206835e-01 -2.198363e-01
-1.041820e+00  9.314312e-01  7.188191e-01 -5.454469e-01
-1.067398e+00  9.534412e-01  7.619686e-01 -2.071722e-01
-1.217038e+00  2.770823e-01  3.450378e-01 -1.131141e+00
-7.374867e-01  2.262195e-01  3.915572e-01 -1.514795e+00
-9.498554e-01  2.604105e-01  1.087687e+00 -9.315985e-01
-8.943847e-01  2.545873e-01  1.433697e+00 -3.445229e-01
-1.432499e+00  3.313261e-01  2.598229e-01 -6.705521e-01
-1.534689e+00  3.578061e-01  2.280551e-01 -2.213010e-01
-1.377544e+00  3.096005e-01  7.648601e-01 -5.517716e-01
-1.408345e+00  3.260266e-01  7.890559e-01 -2.069882e-01
-2.333739e-01  6.199771e-01  3.212979e-01 -8.674715e-01
-2.079588e-01  4.948208e-01  2.633215e-01 -1.101211e+00
-2.335423e-01  5.892307e-01  8.438591e-01 -6.731786e-01
-2.350477e-01  5.901603e-01  1.085149e+00 -2.653669e-01
-2.800102e-01  7.210971e-01  2.243966e-01 -4.826824e-01
-3.086193e-01  7.570603e-01  1.887925e-01 -2.076702e-01
-2.636701e-01  7.009332e-01  6.011698e-01 -3.796681e-01
-2.754389e-01  7.185269e-01  6.447996e-01 -1.804007e-01
-2.105308e-01  1.992710e-01  3.517641e-01 -8.140236e-01
-1.955678e-01  1.822726e-01  3.075634e-01 -1.115426e+00
-2.183691e-01  2.032375e-01  9.061407e-01 -6.855961e-01
-2.218313e-01  2.076144e-01  1.141041e+00 -2.860115e-01
-2.599449e-01  2.282321e-01  2.115469e-01 -4.034145e-01
-2.900198e-01  2.466510e-01  1.802799e-01 -2.085182e-01
-2.449196e-01  2.173227e-01  5.592849e-01 -3.021697e-01
-2.567308e-01  2.241867e-01  5.966639e-01 -1.663143e-01
-6.715900e-01  5.321882e-01  2.979694e-01 -8.983501e-01
-5.623535e-01  4.401843e-01  2.413972e-01 -1.110339e+00
-6.444021e-01  5.278465e-01  8.215171e-01 -6.837863e-01
-6.400613e-01  5.376579e-01  1.072385e+00 -2.538453e-01
-7.898836e-01  6.213224e-01  2.284726e-01 -5.295042e-01
-8.402658e-01  6.578118e-01  1.939197e-01 -2.088816e-01
-7.586581e-01  6.034194e-01  6.171657e-01 -4.239790e-01
-7.768036e-01  6.194718e-01  6.635323e-01 -1.875692e-01
-7.458178e-01  1.980112e-01  3.160972e-01 -8.793794e-01
-5.914947e-01  1.772295e-01  2.699179e-01 -1.127476e+00
-6.909702e-01  1.995516e-01  8.550299e-01 -6.913030e-01
-6.774737e-01  2.035998e-01  1.108075e+00 -2.697483e-01
-8.880784e-01  2.245953e-01  2.221712e-01 -4.962577e-01
-9.428836e-01  2.385345e-01  1.902435e-01 -2.024249e-01
-8.529622e-01  2.144935e-01  6.055976e-01 -3.964089e-01
-8.749227e-01  2.219155e-01  6.469917e-01 -1.798502e-01
-2.731473e-01  1.006329e+00 -3.753524e-01  1.058039e+00
-2.209422e-01  7.123344e-01 -3.736989e-01  1.459254e+00
-2.560400e-01  8.993980e-01 -1.044583e+00  8.912655e-01
-2.492522e-01  8.877702e-01 -1.369173e+00  3.286876e-01
-3.277522e-01  1.131956e+00 -2.408993e-01  5.760968e-01
-3.543807e-01  1.176886e+00 -1.949530e-01  2.015103e-01
-3.100580e-01  1.130766e+00 -7.016671e-01  4.846195e-01
-3.228073e-01  1.142411e+00 -7.286739e-01  1.953265e-01
-2.850470e-01  1.343376e+00 -2.746883e-01  1.114857e+00
-2.086513e-01  2.344114e-01 -4.792373e-01  1.609353e+00
-2.633132e-01  2.813249e-01 -1.305062e+00  1.044345e+00
-2.614929e-01  2.809236e-01 -1.627246e+00  3.962206e-01
-3.583498e-01  1.488583e+00 -2.405254e-01  6.562958e-01
-3.982058e-01  1.579926e+00 -2.034163e-01  2.157473e-01
-3.361313e-01  1.502468e+00 -7.311438e-01  5.323246e-01
-3.557278e-01  1.516057e+00 -7.153106e-01  1.994691e-01
-9.107158e-01  8.210820e-01 -3.439688e-01  1.100654e+00
-6.763640e-01  6.283391e-01 -3.256404e-01  1.425500e+00
-8.046272e-01  7.789945e-01 -9.888806e-01  8.722025e-01
-7.840461e-01  7.816665e-01 -1.313331e+00  3.025426e-01
-1.091718e+00  9.523795e-01 -2.524804e-01  6.604208e-01
-1.173524e+00  1.016663e+00 -2.206835e-01  2.198363e-01
-1.041820e+00  9.314312e-01 -7.188191e-01  5.454469e-01
-1.067398e+00  9.534412e-01 -7.619686e-01  2.071722e-01
-1.217038e+00  2.770823e-01 -3.450378e-01  1.131141e+00
-7.374867e-01  2.262195e-01 -3.915572e-01  1.514795e+00
-9.498554e-01  2.604105e-01 -1.087687e+00  9.315985e-01
-8.943847e-01  2.545873e-01 -1.433697e+00  3.445229e-01
-1.432499e+00  3.313261e-01 -2.598229e-01  6.705521e-01
-1.534689e+00  3.578061e-01 -2.280551e-01  2.213010e-01
-1.377544e+00  3.096005e-01 -7.648601e-01  5.517716e-01
-1.408345e+00  3.260266e-01 -7.890559e-01  2.069882e-01
-2.333739e-01  6.199771e-01 -3.212979e-01  8.674715e-01
-2.079588e-01  4.948208e-01 -2.633215e-01  1.101211e+00
-2.335423e-01  5.892307e-01 -8.438591e-01  6.731786e-01
-2.350477e-01  5.901603e-01 -1.085149e+00  2.653669e-01
-2.800102e-01  7.210971e-01 -2.243966e-01  4.826824e-01
-3.086193e-01  7.570603e-01 -1.887925e-01  2.076702e-01
-2.636701e-01  7.009332e-01 -6.011698e-01  3.796681e-01
-2.754389e-01  7.185269e-01 -6.447996e-01  1.804007e-01
-2.105308e-01  1.992710e-01 -3.517641e-01  8.140236e-01
-1.955678e-01  1.822726e-01 -3.075634e-01  1.115426e+00
-2.183691e-01  2.032375e-01 -9.061407e-01  6.855961e-01
-2.218313e-01  2.076144e-01 -1.141041e+00  2.860115e-01
-2.599449e-01  2.282321e-01 -2.115469e-01  4.034145e-01
-2.900198e-01  2.466510e-01 -1.802799e-01  2.085182e-01
-2.449196e-01  2.173227e-01 -5.592849e-01  3.021697e-01
-2.567308e-01  2.241867e-01 -5.966639e-01  1.663143e-01
-6.715900e-01  5.321882e-01 -2.979694e-01  8.983501e-01
-5.623535e-01  4.401843e-01 -2.413972e-01  1.110339e+00
-6.444021e-01  5.278465e-01 -8.215171e-01  6.837863e-01
-6.400613e-01  5.376579e-01 -1.072385e+00  2.538453e-01
-7.898836e-01  6.213224e-01 -2.284726e-01  5.295042e-01
-8.402658e-01  6.578118e-01 -1.939197e-01  2.088816e-01
-7.586581e-01  6.034194e-01 -6.171657e-01  4.239790e-01
-7.768036e-01  6.194718e-01 -6.635323e-01  1.875692e-01
-7.458178e-01  1.980112e-01 -3.160972e-01  8.793794e-01
-5.914947e-01  1.772295e-01 -2.699179e-01  1.127476e+00
-6.909702e-01  1.995516e-01 -8.550299e-01  6.913030e-01
-6.774737e-01  2.035998e-01 -1.108075e+00  2.697483e-01
-8.880784e-01  2.245953e-01 -2.221712e-01  4.962577e-01
-9.428836e-01  2.385345e-01 -1.902435e-01  2.024249e-01
-8.529622e-01  2.144935e-01 -6.055976e-01  3.964089e-01
-8.749227e-01  2.219155e-01 -6.469917e-01  1.798502e-01
-2.731473e-01  1.006329e+00 -3.753524e-01 -1.058039e+00
-2.209422e-01  7.123344e-01 -3.736989e-01 -1.459254e+00
-2.560400e-01  8.993980e-01 -1.044583e+00 -8.912655e-01
-2.492522e-01  8.877702e-01 -1.369173e+00 -3.286876e-01
-3.277522e-01  1.131956e+00 -2.408993e-01 -5.760968e-01
-3.543807e-01  1.176886e+00 -1.949530e-01 -2.015103e-01
-3.100580e-01  1.130766e+00 -7.016671e-01 -4.846195e-01
-3.228073e-01  1.142411e+00 -7.286739e-01 -1.953265e-01
-2.850470e-01  1.343376e+00 -2.746883e-01 -1.114857e+00
-2.086513e-01  2.344114e-01 -4.792373e-01 -1.609353e+00
-2.633132e-01  2.813249e-01 -1.305062e+00 -1.044345e+00
-2.614929e-01  2.809236e-01 -1.627246e+00 -3.962206e-01
-3.583498e-01  1.488583e+00 -2.405254e-01 -6.562958e-01
-3.982058e-01  1.579926e+00 -2.034163e-01 -2.157473e-01
-3.361313e-01  1.502468e+00 -7.311438e-01 -5.323246e-01
-3.557278e-01  1.516057e+00 -7.153106e-01 -1.994691e-01
-9.107158e-01  8.210820e-01 -3.439688e-01 -1.100654e+00
-6.763640e-01  6.283391e-01 -3.256404e-01 -1.425500e+00
-8.046272e-01  7.789945e-01 -9.888806e-01 -8.722025e-01
-7.840461e-01  7.816665e-01 -1.313331e+00 -3.025426e-01
-1.091718e+00  9.523795e-01 -2.524804e-01 -6.604208e-01
-1.173524e+00  1.016663e+00 -2.206835e-01 -2.198363e-01
-1.041820e+00  9.314312e-01 -7.188191e-01 -5.454469e-01
-1.067398e+00  9.534412e-01 -7.619686e-01 -2.071722e-01
-1.217038e+00  2.770823e-01 -3.450378e-01 -1.131141e+00
-7.374867e-01  2.262195e-01 -3.915572e-01 -1.514795e+00
-9.498554e-01  2.604105e-01 -1.087687e+00 -9.315985e-01
-8.943847e-01  2.545873e-01 -1.433697e+00 -3.445229e-01
-1.432499e+00  3.313261e-01 -2.598229e-01 -6.705521e-01
-1.534689e+00  3.578061e-01 -2.280551e-01 -2.213010e-01
-1.377544e+00  3.096005e-01 -7.648601e-01 -5.517716e-01
-1.408345e+00  3.260266e-01 -7.890559e-01 -2.069882e-01
-2.333739e-01  6.199771e-01 -3.212979e-01 -8.674715e-01
-2.079588e-01  4.948208e-01 -2.633215e-01 -1.101211e+00
-2.335423e-01  5.892307e-01 -8.438591e-01 -6.731786e-01
-2.350477e-01  5.901603e-01 -1.085149e+00 -2.653669e-01
-2.800102e-01  7.210971e-01 -2.243966e-01 -4.826824e-01
-3.086193e-01  7.570603e-01 -1.887925e-01 -2.076702e-01
-2.636701e-01  7.009332e-01 -6.011698e-01 -3.796681e-01
-2.754389e-01  7.185269e-01 -6.447996e-01 -1.804007e-01
-2.105308e-01  1.992710e-01 -3.517641e-01 -8.140236e-01
-1.955678e-01  1.822726e-01 -3.075634e-01 -1.115426e+00
-2.183691e-01  2.032375e-01 -9.061407e-01 -6.855961e-01
-2.218313e-01  2.076144e-01 -1.141041e+00 -2.860115e-01
-2.599449e-01  2.282321e-01 -2.115469e-01 -4.034145e-01
-2.900198e-01  2.466510e-01 -1.802799e-01 -2.085182e-01
-2.449196e-01  2.173227e-01 -5.592849e-01 -3.021697e-01
-2.567308e-01  2.241867e-01 -5.966639e-01 -1.663143e-01
-6.715900e-01  5.321882e-01 -2.979694e-01 -8.983501e-01
-5.623535e-01  4.401843e-01 -2.413972e-01 -1.110339e+00
-6.444021e-01  5.278465e-01 -8.215171e-01 -6.837863e-01
-6.400613e-01  5.376579e-01 -1.072385e+00 -2.538453e-01
-7.898836e-01  6.213224e-01 -2.284726e-01 -5.295042e-01
-8.402658e-01  6.578118e-01 -1.939197e-01 -2.088816e-01
-7.586581e-01  6.034194e-01 -6.171657e-01 -4.239790e-01
-7.768036e-01  6.194718e-01 -6.635323e-01 -1.875692e-01
-7.458178e-01  1.980112e-01 -3.160972e-01 -8.793794e-01
-5.914947e-01  1.772295e-01 -2.699179e-01 -1.127476e+00
-6.909702e-01  1.995516e-01 -8.550299e-01 -6.913030e-01
-6.774737e-01  2.035998e-01 -1.108075e+00 -2.697483e-01
-8.880784e-01  2.245953e-01 -2.221712e-01 -4.962577e-01
-9.428836e-01  2.385345e-01 -1.902435e-01 -2.024249e-01
-8.529622e-01  2.144935e-01 -6.055976e-01 -3.964089e-01
-8.749227e-01  2.219155e-01 -6.469917e-01 -1.798502e-01
-2.731473e-01 -1.006329e+00  3.753524e-01  1.058039e+00
-2.209422e-01 -7.123344e-01  3.736989e-01  1.459254e+00
-2.560400e-01 -8.993980e-01  1.044583e+00  8.912655e-01
-2.492522e-01 -8.877702e-01  1.369173e+00  3.286876e-01
-3.277522e-01 -1.131956e+00  2.408993e-01  5.760968e-01
-3.543807e-01 -1.176886e+00  1.949530e-01  2.015103e-01
-3.100580e-01 -1.130766e+00  7.016671e-01  4.846195e-01
-3.228073e-01 -1.142411e+00  7.286739e-01  1.953265e-01
-2.850470e-01 -1.343376e+00  2.746883e-01  1.114857e+00
-2.086513e-01 -2.344114e-01  4.792373e-01  1.609353e+00
-2.633132e-01 -2.813249e-01  1.305062e+00  1.044345e+00
-2.614929e-01 -2.809236e-01  1.627246e+00  3.962206e-01
-3.583498e-01 -1.488583e+00  2.405254e-01  6.562958e-01
-3.982058e-01 -1.579926e+00  2.034163e-01  2.157473e-01
-3.361313e-01 -1.502468e+00  7.311438e-01  5.323246e-01
-3.557278e-01 -1.516057e+00  7.153106e-01  1.994691e-01
-9.107158e-01 -8.210820e-01  3.439688e-01  1.100654e+00
-6.763640e-01 -6.283391e-01  3.256404e-01  1.425500e+00
-8.046272e-01 -7.789945e-01  9.888806e-01  8.722025e-01
-7.840461e-01 -7.816665e-01  1.313331e+00  3.025426e-01
-1.091718e+00 -9.523795e-01  2.524804e-01  6.604208e-01
-1.173524e+00 -1.016663e+00  2.206835e-01  2.198363e-01
-1.041820e+00 -9.314312e-01  7.188191e-01  5.454469e-01
-1.067398e+00 -9.534412e-01  7.619686e-01  2.071722e-01
-1.217038e+00 -2.770823e-01  3.450378e-01  1.131141e+00
-7.374867e-01 -2.262195e-01  3.915572e-01  1.514795e+00
-9.498554e-01 -2.604105e-01  1.087687e+00  9.315985e-01
-8.943847e-01 -2.545873e-01  1.433697e+00  3.445229e-01
-1.432499e+00 -3.313261e-01  2.598229e-01  6.705521e-01
-1.534689e+00 -3.578061e-01  2.280551e-01  2.213010e-01
-1.377544e+00 -3.096005e-01  7.648601e-01  5.517716e-01
-1.408345e+00 -3.260266e-01  7.890559e-01  2.069882e-01
-2.333739e-01 -6.199771e-01  3.212979e-01  8.674715e-01
-2.079588e-01 -4.948208e-01  2.633215e-01  1.101211e+00
-2.335423e-01 -5.892307e-01  8.438591e-01  6.731786e-01
-2.350477e-01 -5.901603e-01  1.085149e+00  2.653669e-01
-2.800102e-01 -7.210971e-01  2.243966e-01  4.826824e-01
-3.086193e-01 -7.570603e-01  1.887925e-01  2.076702e-01
-2.636701e-01 -7.009332e-01  6.011698e-01  3.796681e-01
-2.754389e-01 -7.185269e-01  6.447996e-01  1.804007e-01
-2.105308e-01 -1.992710e-01  3.517641e-01  8.140236e-01
-1.955678e-01 -1.822726e-01  3.075634e-01  1.115426e+00
-2.183691e-01 -2.032375e-01  9.061407e-01  6.855961e-01
-2.218313e-01 -2.076144e-01  1.141041e+00  2.860115e-01
-2.599449e-01 -2.282321e-01  2.115469e-01  4.034145e-01
-2.900198e-01 -2.466510e-01  1.802799e-01  2.085182e-01
-2.449196e-01 -2.173227e-01  5.592849e-01  3.021697e-01
-2.567308e-01 -2.241867e-01  5.966639e-01  1.663143e-01
-6.715900e-01 -5.321882e-01  2.979694e-01  8.983501e-01
-5.623535e-01 -4.401843e-01  2.413972e-01  1.110339e+00
-6.444021e-01 -5.278465e-01  8.215171e-01  6.837863e-01
-6.400613e-01 -5.376579e-01  1.072385e+00  2.538453e-01
-7.898836e-01 -6.213224e-01  2.284726e-01  5.295042e-01
-8.402658e-01 -6.578118e-01  1.939197e-01  2.088816e-01
-7.586581e-01 -6.034194e-01  6.171657e-01  4.239790e-01
-7.768036e-01 -6.194718e-01  6.635323e-01  1.875692e-01
-7.458178e-01 -1.980112e-01  3.160972e-01  8.793794e-01
-5.914947e-01 -1.772295e-01  2.699179e-01  1.127476e+00
-6.909702e-01 -1.995516e-01  8.550299e-01  6.913030e-01
-6.774737e-01 -2.035998e-01  1.108075e+00  2.697483e-01
-8.880784e-01 -2.245953e-01  2.221712e-01  4.962577e-01
-9.428836e-01 -2.385345e-01  1.902435e-01  2.024249e-01
-8.529622e-01 -2.144935e-01  6.055976e-01  3.964089e-01
-8.749227e-01 -2.219155e-01  6.469917e-01  1.798502e-01
-2.731473e-01 -1.006329e+00  3.753524e-01 -1.058039e+00
-2.209422e-01 -7.123344e-01  3.736989e-01 -1.459254e+00
-2.560400e-01 -8.993980e-01  1.044583e+00 -8.912655e-01
-2.492522e-01 -8.877702e-01  1.369173e+00 -3.286876e-01
-3.277522e-01 -1.131956e+00  2.408993e-01 -5.760968e-01
-3.543807e-01 -1.176886e+00  1.949530e-01 -2.015103e-01
-3.100580e-01 -1.130766e+00  7.016671e-01 -4.846195e-01
-3.228073e-01 -1.142411e+00  7.286739e-01 -1.953265e-01
-2.850470e-01 -1.343376e+00  2.746883e-01 -1.114857e+00
-2.086513e-01 -2.344114e-01  4.792373e-01 -1.609353e+00
-2.633132e-01 -2.813249e-01  1.305062e+00 -1.044345e+00
-2.614929e-01 -2.809236e-01  1.627246e+00 -3.962206e-01
-3.583498e-01 -1.488583e+00  2.405254e-01 -6.562958e-01
-3.982058e-01 -1.579926e+00  2.034163e-01 -2.157473e-01
-3.361313e-01 -1.502468e+00  7.311438e-01 -5.323246e-01
-3.557278e-01 -1.516057e+00  7.153106e-01 -1.994691e-01
-9.107158e-01 -8.210820e-01  3.439688e-01 -1.100654e+00
-6.763640e-01 -6.283391e-01  3.256404e-01 -1.425500e+00
-8.046272e-01 -7.789945e-01  9.888806e-01 -8.722025e-01
-7.840461e-01 -7.816665e-01  1.313331e+00 -3.025426e-01
-1.091718e+00 -9.523795e-01  2.524804e-01 -6.604208e-01
-1.173524e+00 -1.016663e+00  2.206835e-01 -2.198363e-01
-1.041820e+00 -9.314312e-01  7.188191e-01 -5.454469e-01
-1.067398e+00 -9.534412e-01  7.619686e-01 -2.071722e-01
-1.217038e+00 -2.770823e-01  3.450378e-01 -1.131141e+00
-7.374867e-01 -2.262195e-01  3.915572e-01 -1.514795e+00
-9.498554e-01 -2.604105e-01  1.087687e+00 -9.315985e-01
-8.943847e-01 -2.545873e-01  1.433697e+00 -3.445229e-01
-1.432499e+00 -3.313261e-01  2.598229e-01 -6.705521e-01
-1.534689e+00 -3.578061e-01  2.280551e-01 -2.213010e-01
-1.377544e+00 -3.096005e-01  7.648601e-01 -5.517716e-01
-1.408345e+00 -3.260266e-01  7.890559e-01 -2.069882e-01
-2.333739e-01 -6.199771e-01  3.212979e-01 -8.674715e-01
-2.079588e-01 -4.948208e-01  2.633215e-01 -1.101211e+00
-2.335423e-01 -5.892307e-01  8.438591e-01 -6.731786e-01
-2.350477e-01 -5.901603e-01  1.085149e+00 -2.653669e-01
-2.800102e-01 -7.210971e-01  2.243966e-01 -4.826824e-01
-3.086193e-01 -7.570603e-01  1.887925e-01 -2.076702e-01
-2.636701e-01 -7.009332e-01  6.011698e-01 -3.796681e-01
-2.754389e-01 -7.185269e-01  6.447996e-01 -1.804007e-01
-2.105308e-01 -1.992710e-01  3.517641e-01 -8.140236e-01
-1.955678e-01 -1.822726e-01  3.075634e-01 -1.115426e+00
-2.183691e-01 -2.032375e-01  9.061407e-01 -6.855961e-01
-2.218313e-01 -2.076144e-01  1.141041e+00 -2.860115e-01
-2.599449e-01 -2.282321e-01  2.115469e-01 -4.034145e-01
-2.900198e-01 -2.466510e-01  1.802799e-01 -2.085182e-01
-2.449196e-01 -2.173227e-01  5.592849e-01 -3.021697e-01
-2.567308e-01 -2.241867e-01  5.966639e-01 -1.663143e-01
-6.715900e-01 -5.321882e-01  2.979694e-01 -8.983501e-01
-5.623535e-01 -4.401843e-01  2.413972e-01 -1.110339e+00
-6.444021e-01 -5.278465e-01  8.215171e-01 -6.837863e-01
-6.400613e-01 -5.376579e-01  1.072385e+00 -2.538453e-01
-7.898836e-01 -6.213224e-01  2.284726e-01 -5.295042e-01
-8.402658e-01 -6.578118e-01  1.939197e-01 -2.088816e-01
-7.586581e-01 -6.034194e-01  6.171657e-01 -4.239790e-01
-7.768036e-01 -6.194718e-01  6.635323e-01 -1.875692e-01
-7.458178e-01 -1.980112e-01  3.160972e-01 -8.793794e-01
-5.914947e-01 -1.772295e-01  2.699179e-01 -1.127476e+00
-6.909702e-01 -1.995516e-01  8.550299e-01 -6.913030e-01
-6.774737e-01 -2.035998e-01  1.108075e+00 -2.697483e-01
-8.880784e-01 -2.245953e-01  2.221712e-01 -4.962577e-01
-9.428836e-01 -2.385345e-01  1.902435e-01 -2.024249e-01
-8.529622e-01 -2.144935e-01  6.055976e-01 -3.964089e-01
-8.749227e-01 -2.219155e-01  6.469917e-01 -1.798502e-01
-2.731473e-01 -1.006329e+00 -3.753524e-01  1.058039e+00
-2.209422e-01 -7.123344e-01 -3.736989e-01  1.459254e+00
-2.560400e-01 -8.993980e-01 -1.044583e+00  8.912655e-01
-2.492522e-01 -8.877702e-01 -1.369173e+00  3.286876e-01
-3.277522e-01 -1.131956e+00 -2.408993e-01  5.760968e-01
-3.543807e-01 -1.176886e+00 -1.949530e-01  2.015103e-01
-3.100580e-01 -1.130766e+00 -7.016671e-01  4.846195e-01
-3.228073e-01 -1.142411e+00 -7.286739e-01  1.953265e-01
-2.850470e-01 -1.343376e+00 -2.746883e-01  1.114857e+00
-2.086513e-01 -2.344114e-01 -4.792373e-01  1.609353e+00
-2.633132e-01 -2.813249e-01 -1.305062e+00  1.044345e+00
-2.614929e-01 -2.809236e-01 -1.627246e+00  3.962206e-01
-3.583498e-01 -1.488583e+00 -2.405254e-01  6.562958e-01
-3.982058e-01 -1.579926e+00 -2.034163e-01  2.157473e-01
-3.361313e-01 -1.502468e+00 -7.311438e-01  5.323246e-01
-3.557278e-01 -1.516057e+00 -7.153106e-01  1.994691e-01
-9.107158e-01 -8.210820e-01 -3.439688e-01  1.100654e+00
-6.763640e-01 -6.283391e-01 -3.256404e-01  1.425500e+00
-8.046272e-01 -7.789945e-01 -9.888806e-01  8.722025e-01
-7.840461e-01 -7.816665e-01 -1.313331e+00  3.025426e-01
-1.091718e+00 -9.523795e-01 -2.524804e-01  6.604208e-01
-1.173524e+00 -1.016663e+00 -2.206835e-01  2.198363e-01
-1.041820e+00 -9.314312e-01 -7.188191e-01  5.454469e-01
-1.067398e+00 -9.534412e-01 -7.619686e-01  2.071722e-01
-1.217038e+00 -2.770823e-01 -3.450378e-01  1.131141e+00
-7.374867e-01 -2.262195e-01 -3.915572e-01  1.514795e+00
-9.498554e-01 -2.604105e-01 -1.087687e+00  9.315985e-01
-8.943847e-01 -2.545873e-01 -1.433697e+00  3.445229e-01
-1.432499e+00 -3.313261e-01 -2.598229e-01  6.705521e-01
-1.534689e+00 -3.578061e-01 -2.280551e-01  2.213010e-01
-1.377544e+00 -3.096005e-01 -7.648601e-01  5.517716e-01
-1.408345e+00 -3.260266e-01 -7.890559e-01  2.069882e-01
-2.333739e-01 -6.199771e-01 -3.212979e-01  8.674715e-01
-2.079588e-01 -4.948208e-01 -2.633215e-01  1.101211e+00
-2.335423e-01 -5.892307e-01 -8.438591e-01  6.731786e-01
-2.350477e-01 -5.901603e-01 -1.085149e+00  2.653669e-01
-2.800102e-01 -7.210971e-01 -2.243966e-01  4.826824e-01
-3.086193e-01 -7.570603e-01 -1.887925e-01  2.076702e-01
-2.636701e-01 -7.009332e-01 -6.011698e-01  3.796681e-01
-2.754389e-01 -7.185269e-01 -6.447996e-01  1.804007e-01
-2.105308e-01 -1.992710e-01 -3.517641e-01  8.140236e-01
-1.955678e-01 -1.822726e-01 -3.075634e-01  1.115426e+00
-2.183691e-01 -2.032375e-01 -9.061407e-01  6.855961e-01
-2.218313e-01 -2.076144e-01 -1.141041e+00  2.860115e-01
-2.599449e-01 -2.282321e-01 -2.115469e-01  4.034145e-01
-2.900198e-01 -2.466510e-01 -1.802799e-01  2.085182e-01
-2.449196e-01 -2.173227e-01 -5.592849e-01  3.021697e-01
-2.567308e-01 -2.241867e-01 -5.966639e-01  1.663143e-01
-6.715900e-01 -5.321882e-01 -2.979694e-01  8.983501e-01
-5.623535e-01 -4.401843e-01 -2.413972e-01  1.110339e+00
-6.444021e-01 -5.278465e-01 -8.215171e-01  6.837863e-01
-6.400613e-01 -5.376579e-01 -1.072385e+00  2.538453e-01
-7.898836e-01 -6.213224e-01 -2.284726e-01  5.295042e-01
-8.402658e-01 -6.578118e-01 -1.939197e-01  2.088816e-01
-7.586581e-01 -6.034194e-01 -6.171657e-01  4.239790e-01
-7.768036e-01 -6.194718e-01 -6.635323e-01  1.875692e-01
-7.458178e-01 -1.980112e-01 -3.160972e-01  8.793794e-01
-5.914947e-01 -1.772295e-01 -2.699179e-01  1.127476e+00
-6.909702e-01 -1.995516e-01 -8.550299e-01  6.913030e-01
-6.774737e-01 -2.035998e-01 -1.108075e+00  2.697483e-01
-8.880784e-01 -2.245953e-01 -2.221712e-01  4.962577e-01
-9.428836e-01 -2.385345e-01 -1.902435e-01  2.024249e-01
-8.529622e-01 -2.144935e-01 -6.055976e-01  3.964089e-01
-8.749227e-01 -2.219155e-01 -6.469917e-01  1.798502e-01
-2.731473e-01 -1.006329e+00 -3.753524e-01 -1.058039e+00
-2.209422e-01 -7.123344e-01 -3.736989e-01 -1.459254e+00
-2.560400e-01 -8.993980e-01 -1.044583e+00 -8.912655e-01
-2.492522e-01 -8.877702e-01 -1.369173e+00 -3.286876e-01
-3.277522e-01 -1.131956e+00 -2.408993e-01 -5.760968e-01
-3.543807e-01 -1.176886e+00 -1.949530e-01 -2.015103e-01
-3.100580e-01 -1.130766e+00 -7.016671e-01 -4.846195e-01
-3.228073e-01 -1.142411e+00 -7.286739e-01 -1.953265e-01
-2.850470e-01 -1.343376e+00 -2.746883e-01 -1.114857e+00
-2.086513e-01 -2.344114e-01 -4.792373e-01 -1.609353e+00
-2.633132e-01 -2.813249e-01 -1.305062e+00 -1.044345e+00
-2.614929e-01 -2.809236e-01 -1.627246e+00 -3.962206e-01
-3.583498e-01 -1.488583e+00 -2.405254e-01 -6.562958e-01
-3.982058e-01 -1.579926e+00 -2.034163e-01 -2.157473e-01
-3.361313e-01 -1.502468e+00 -7.311438e-01 -5.323246e-01
-3.557278e-01 -1.516057e+00 -7.153106e-01 -1.994691e-01
-9.107158e-01 -8.210820e-01 -3.439688e-01 -1.100654e+00
-6.763640e-01 -6.283391e-01 -3.256404e-01 -1.425500e+00
-8.046272e-01 -7.789945e-01 -9.888806e-01 -8.722025e-01
-7.840461e-01 -7.816665e-01 -1.313331e+00 -3.025426e-01
-1.091718e+00 -9.523795e-01 -2.524804e-01 -6.604208e-01
-1.173524e+00 -1.016663e+00 -2.206835e-01 -2.198363e-01
-1.041820e+00 -9.314312e-01 -7.188191e-01 -5.454469e-01
-1.067398e+00 -9.534412e-01 -7.619686e-01 -2.071722e-01
-1.217038e+00 -2.770823e-01 -3.450378e-01 -1.131141e+00
-7.374867e-01 -2.262195e-01 -3.915572e-01 -1.514795e+00
-9.498554e-01 -2.604105e-01 -1.087687e+00 -9.315985e-01
-8.943847e-01 -2.545873e-01 -1.433697e+00 -3.445229e-01
-1.432499e+00 -3.313261e-01 -2.598229e-01 -6.705521e-01
-1.534689e+00 -3.578061e-01 -2.280551e-01 -2.213010e-01
-1.377544e+00 -3.096005e-01 -7.648601e-01 -5.517716e-01
-1.408345e+00 -3.260266e-01 -7.890559e-01 -2.069882e-01
-2.333739e-01 -6.199771e-01 -3.212979e-01 -8.674715e-01
-2.079588e-01 -4.948208e-01 -2.633215e-01 -1.101211e+00
-2.335423e-01 -5.892307e-01 -8.438591e-01 -6.731786e-01
-2.350477e-01 -5.901603e-01 -1.085149e+00 -2.653669e-01
-2.800102e-01 -7.210971e-01 -2.243966e-01 -4.826824e-01
-3.086193e-01 -7.570603e-01 -1.887925e-01 -2.076702e-01
-2.636701e-01 -7.009332e-01 -6.011698e-01 -3.796681e-01
-2.754389e-01 -7.185269e-01 -6.447996e-01 -1.804007e-01
-2.105308e-01 -1.992710e-01 -3.517641e-01 -8.140236e-01
-1.955678e-01 -1.822726e-01 -3.075634e-01 -1.115426e+00
-2.183691e-01 -2.032375e-01 -9.061407e-01 -6.855961e-01
-2.218313e-01 -2.076144e-01 -1.141041e+00 -2.860115e-01
-2.599449e-01 -2.282321e-01 -2.115469e-01 -4.034145e-01
-2.900198e-01 -2.466510e-01 -1.802799e-01 -2.085182e-01
-2.449196e-01 -2.173227e-01 -5.592849e-01 -3.021697e-01
-2.567308e-01 -2.241867e-01 -5.966639e-01 -1.663143e-01
-6.715900e-01 -5.321882e-01 -2.979694e-01 -8.983501e-01
-5.623535e-01 -4.401843e-01 -2.413972e-01 -1.110339e+00
-6.444021e-01 -5.278465e-01 -8.215171e-01 -6.837863e-01
-6.400613e-01 -5.376579e-01 -1.072385e+00 -2.538453e-01
-7.898836e-01 -6.213224e-01 -2.284726e-01 -5.295042e-01
-8.402658e-01 -6.578118e-01 -1.939197e-01 -2.088816e-01
-7.586581e-01 -6.034194e-01 -6.171657e-01 -4.239790e-01
-7.768036e-01 -6.194718e-01 -6.635323e-01 -1.875692e-01
-7.458178e-01 -1.980112e-01 -3.160972e-01 -8.793794e-01
-5.914947e-01 -1.772295e-01 -2.699179e-01 -1.127476e+00
-6.909702e-01 -1.995516e-01 -8.550299e-01 -6.913030e-01
-6.774737e-01 -2.035998e-01 -1.108075e+00 -2.697483e-01
-8.880784e-01 -2.245953e-01 -2.221712e-01 -4.962577e-01
-9.428836e-01 -2.385345e-01 -1.902435e-01 -2.024249e-01
-8.529622e-01 -2.144935e-01 -6.055976e-01 -3.964089e-01
-8.749227e-01 -2.219155e-01 -6.469917e-01 -1.798502e-01
