 6.540899e-01  8.664221e-01  7.498539e-01  1.204404e+00
 5.314654e-01  1.074961e+00  2.213504e-01  1.071811e+00
 2.121621e-01  8.111432e-01  1.260363e+00  2.630250e-01
 6.617461e-01  1.071959e+00  1.116886e+00  2.472902e-01
 9.273183e-01  1.227954e+00  2.251532e-01  6.163303e-01
 7.230030e-01  1.124610e+00  2.120066e-01  2.178860e-01
 7.321987e-01  1.126328e+00  6.668147e-01  6.619681e-01
 8.065914e-01  1.204727e+00  6.405191e-01  2.171133e-01
 2.404704e-01  1.215957e+00  6.803541e-01  1.075316e+00
 2.446448e-01  1.300844e+00  2.223747e-01  7.318135e-01
 2.483063e-01  1.076152e+00  1.127120e+00  7.173017e-01
 2.690465e-01  1.423244e+00  9.213615e-01  2.739578e-01
 3.077092e-01  1.583915e+00  2.679197e-01  2.537819e-01
 2.328671e-01  1.122069e+00  2.011330e-01  2.522606e-01
 2.323798e-01  1.032285e+00  6.862234e-01  5.844411e-01
 2.479711e-01  1.111085e+00  6.173835e-01  1.950624e-01
 1.193338e+00  2.648061e-01  2.892008e-01  1.117624e+00
 9.855917e-01  7.471501e-01  2.423283e-01  1.118869e+00
 1.016891e+00  6.994058e-01  1.041960e+00  7.121140e-01
 7.557853e-01  5.680383e-01  1.448691e+00  2.813554e-01
 1.405856e+00  8.648989e-01  2.516589e-01  2.719156e-01
 1.007622e+00  6.915166e-01  2.178888e-01  2.159202e-01
 1.137755e+00  7.519259e-01  5.363032e-01  6.280245e-01
 1.068662e+00  7.404461e-01  7.180185e-01  2.128407e-01
 1.485248e+00  2.861378e-01  2.434090e-01  6.704195e-01
 7.225878e-01  2.862582e-01  3.086182e-01  1.597337e+00
 1.160627e+00  2.375863e-01  7.942733e-01  7.422296e-01
 1.103100e+00  2.542668e-01  1.120328e+00  2.619521e-01
 1.039453e+00  2.431345e-01  2.269050e-01  5.997747e-01
 1.186834e+00  2.390249e-01  2.126567e-01  2.028835e-01
 1.496032e+00  2.921548e-01  6.589484e-01  2.612007e-01
 1.031571e+00  2.336188e-01  6.408473e-01  2.232592e-01
 2.323978e-01  6.434817e-01  8.212422e-01  1.197287e+00
 2.029238e-01  7.423782e-01  2.598053e-01  1.210176e+00
 2.455923e-01  5.178877e-01  1.360086e+00  8.376166e-01
 2.554174e-01  2.524943e-01  1.530160e+00  2.927054e-01
 2.114938e-01  6.809956e-01  2.076249e-01  6.675739e-01
 1.915003e-01  6.209775e-01  2.272264e-01  2.212645e-01
 2.027675e-01  5.759010e-01  6.276649e-01  6.953499e-01
 1.997907e-01  6.109842e-01  6.851686e-01  2.233676e-01
 2.325100e-01  2.077778e-01  7.815953e-01  1.166773e+00
 1.980625e-01  2.141883e-01  2.463761e-01  1.107681e+00
 2.146246e-01  2.053271e-01  1.064028e+00  7.248479e-01
 2.028722e-01  2.331350e-01  1.070882e+00  2.347369e-01
 1.995272e-01  2.235667e-01  2.031262e-01  6.137497e-01
 2.234261e-01  2.048293e-01  2.052079e-01  2.008280e-01
 2.116845e-01  1.902032e-01  6.279260e-01  6.431439e-01
 2.015059e-01  2.039455e-01  6.267478e-01  2.129501e-01
 7.508174e-01  1.955218e-01  2.445063e-01  1.058058e+00
 5.615830e-01  5.379668e-01  2.313422e-01  1.138542e+00
 5.471413e-01  5.969139e-01  1.023658e+00  6.748611e-01
 6.342684e-01  5.732997e-01  9.932826e-01  2.176163e-01
 6.567052e-01  6.871170e-01  1.949683e-01  6.253873e-01
 5.856997e-01  6.189660e-01  1.977009e-01  2.077428e-01
 6.642637e-01  5.980051e-01  5.953177e-01  6.610438e-01
 6.228756e-01  6.574973e-01  5.943487e-01  2.176090e-01
 7.112174e-01  2.400170e-01  7.623627e-01  1.162007e+00
 2.396403e-01  2.634357e-01  2.887386e-01  1.550914e+00
 7.029249e-01  2.105018e-01  1.153511e+00  7.796776e-01
 6.316275e-01  1.869500e-01  1.085368e+00  2.466515e-01
 5.964645e-01  2.196736e-01  2.090655e-01  5.983430e-01
 6.913877e-01  2.070416e-01  2.052841e-01  1.972008e-01
 6.402864e-01  1.928056e-01  6.564386e-01  6.413411e-01
 6.069715e-01  2.094820e-01  6.190742e-01  2.100757e-01
 6.540899e-01  8.664221e-01  7.498539e-01 -1.204404e+00
 5.314654e-01  1.074961e+00  2.213504e-01 -1.071811e+00
 2.121621e-01  8.111432e-01  1.260363e+00 -2.630250e-01
 6.617461e-01  1.071959e+00  1.116886e+00 -2.472902e-01
 9.273183e-01  1.227954e+00  2.251532e-01 -6.163303e-01
 7.230030e-01  1.124610e+00  2.120066e-01 -2.178860e-01
 7.321987e-01  1.126328e+00  6.668147e-01 -6.619681e-01
 8.065914e-01  1.204727e+00  6.405191e-01 -2.171133e-01
 2.404704e-01  1.215957e+00  6.803541e-01 -1.075316e+00
 2.446448e-01  1.300844e+00  2.223747e-01 -7.318135e-01
 2.483063e-01  1.076152e+00  1.127120e+00 -7.173017e-01
 2.690465e-01  1.423244e+00  9.213615e-01 -2.739578e-01
 3.077092e-01  1.583915e+00  2.679197e-01 -2.537819e-01
 2.328671e-01  1.122069e+00  2.011330e-01 -2.522606e-01
 2.323798e-01  1.032285e+00  6.862234e-01 -5.844411e-01
 2.479711e-01  1.111085e+00  6.173835e-01 -1.950624e-01
 1.193338e+00  2.648061e-01  2.892008e-01 -1.117624e+00
 9.855917e-01  7.471501e-01  2.423283e-01 -1.118869e+00
 1.016891e+00  6.994058e-01  1.041960e+00 -7.121140e-01
 7.557853e-01  5.680383e-01  1.448691e+00 -2.813554e-01
 1.405856e+00  8.648989e-01  2.516589e-01 -2.719156e-01
 1.007622e+00  6.915166e-01  2.178888e-01 -2.159202e-01
 1.137755e+00  7.519259e-01  5.363032e-01 -6.280245e-01
 1.068662e+00  7.404461e-01  7.180185e-01 -2.128407e-01
 1.485248e+00  2.861378e-01  2.434090e-01 -6.704195e-01
 7.225878e-01  2.862582e-01  3.086182e-01 -1.597337e+00
 1.160627e+00  2.375863e-01  7.942733e-01 -7.422296e-01
 1.103100e+00  2.542668e-01  1.120328e+00 -2.619521e-01
 1.039453e+00  2.431345e-01  2.269050e-01 -5.997747e-01
 1.186834e+00  2.390249e-01  2.126567e-01 -2.028835e-01
 1.496032e+00  2.921548e-01  6.589484e-01 -2.612007e-01
 1.031571e+00  2.336188e-01  6.408473e-01 -2.232592e-01
 2.323978e-01  6.434817e-01  8.212422e-01 -1.197287e+00
 2.029238e-01  7.423782e-01  2.598053e-01 -1.210176e+00
 2.455923e-01  5.178877e-01  1.360086e+00 -8.376166e-01
 2.554174e-01  2.524943e-01  1.530160e+00 -2.927054e-01
 2.114938e-01  6.809956e-01  2.076249e-01 -6.675739e-01
 1.915003e-01  6.209775e-01  2.272264e-01 -2.212645e-01
 2.027675e-01  5.759010e-01  6.276649e-01 -6.953499e-01
 1.997907e-01  6.109842e-01  6.851686e-01 -2.233676e-01
 2.325100e-01  2.077778e-01  7.815953e-01 -1.166773e+00
 1.980625e-01  2.141883e-01  2.463761e-01 -1.107681e+00
 2.146246e-01  2.053271e-01  1.064028e+00 -7.248479e-01
 2.028722e-01  2.331350e-01  1.070882e+00 -2.347369e-01
 1.995272e-01  2.235667e-01  2.031262e-01 -6.137497e-01
 2.234261e-01  2.048293e-01  2.052079e-01 -2.008280e-01
 2.116845e-01  1.902032e-01  6.279260e-01 -6.431439e-01
 2.015059e-01  2.039455e-01  6.267478e-01 -2.129501e-01
 7.508174e-01  1.955218e-01  2.445063e-01 -1.058058e+00
 5.615830e-01  5.379668e-01  2.313422e-01 -1.138542e+00
 5.471413e-01  5.969139e-01  1.023658e+00 -6.748611e-01
 6.342684e-01  5.732997e-01  9.932826e-01 -2.176163e-01
 6.567052e-01  6.871170e-01  1.949683e-01 -6.253873e-01
 5.856997e-01  6.189660e-01  1.977009e-01 -2.077428e-01
 6.642637e-01  5.980051e-01  5.953177e-01 -6.610438e-01
 6.228756e-01  6.574973e-01  5.943487e-01 -2.176090e-01
 7.112174e-01  2.400170e-01  7.623627e-01 -1.162007e+00
 2.396403e-01  2.634357e-01  2.887386e-01 -1.550914e+00
 7.029249e-01  2.105018e-01  1.153511e+00 -7.796776e-01
 6.316275e-01  1.869500e-01  1.085368e+00 -2.466515e-01
 5.964645e-01  2.196736e-01  2.090655e-01 -5.983430e-01
 6.913877e-01  2.070416e-01  2.052841e-01 -1.972008e-01
 6.402864e-01  1.928056e-01  6.564386e-01 -6.413411e-01
 6.069715e-01  2.094820e-01  6.190742e-01 -2.100757e-01
 6.540899e-01  8.664221e-01 -7.498539e-01  1.204404e+00
 5.314654e-01  1.074961e+00 -2.213504e-01  1.071811e+00
 2.121621e-01  8.111432e-01 -1.260363e+00  2.630250e-01
 6.617461e-01  1.071959e+00 -1.116886e+00  2.472902e-01
 9.273183e-01  1.227954e+00 -2.251532e-01  6.163303e-01
 7.230030e-01  1.124610e+00 -2.120066e-01  2.178860e-01
 7.321987e-01  1.126328e+00 -6.668147e-01  6.619681e-01
 8.065914e-01  1.204727e+00 -6.405191e-01  2.171133e-01
 2.404704e-01  1.215957e+00 -6.803541e-01  1.075316e+00
 2.446448e-01  1.300844e+00 -2.223747e-01  7.318135e-01
 2.483063e-01  1.076152e+00 -1.127120e+00  7.173017e-01
 2.690465e-01  1.423244e+00 -9.213615e-01  2.739578e-01
 3.077092e-01  1.583915e+00 -2.679197e-01  2.537819e-01
 2.328671e-01  1.122069e+00 -2.011330e-01  2.522606e-01
 2.323798e-01  1.032285e+00 -6.862234e-01  5.844411e-01
 2.479711e-01  1.111085e+00 -6.173835e-01  1.950624e-01
 1.193338e+00  2.648061e-01 -2.892008e-01  1.117624e+00
 9.855917e-01  7.471501e-01 -2.423283e-01  1.118869e+00
 1.016891e+00  6.994058e-01 -1.041960e+00  7.121140e-01
 7.557853e-01  5.680383e-01 -1.448691e+00  2.813554e-01
 1.405856e+00  8.648989e-01 -2.516589e-01  2.719156e-01
 1.007622e+00  6.915166e-01 -2.178888e-01  2.159202e-01
 1.137755e+00  7.519259e-01 -5.363032e-01  6.280245e-01
 1.068662e+00  7.404461e-01 -7.180185e-01  2.128407e-01
 1.485248e+00  2.861378e-01 -2.434090e-01  6.704195e-01
 7.225878e-01  2.862582e-01 -3.086182e-01  1.597337e+00
 1.160627e+00  2.375863e-01 -7.942733e-01  7.422296e-01
 1.103100e+00  2.542668e-01 -1.120328e+00  2.619521e-01
 1.039453e+00  2.431345e-01 -2.269050e-01  5.997747e-01
 1.186834e+00  2.390249e-01 -2.126567e-01  2.028835e-01
 1.496032e+00  2.921548e-01 -6.589484e-01  2.612007e-01
 1.031571e+00  2.336188e-01 -6.408473e-01  2.232592e-01
 2.323978e-01  6.434817e-01 -8.212422e-01  1.197287e+00
 2.029238e-01  7.423782e-01 -2.598053e-01  1.210176e+00
 2.455923e-01  5.178877e-01 -1.360086e+00  8.376166e-01
 2.554174e-01  2.524943e-01 -1.530160e+00  2.927054e-01
 2.114938e-01  6.809956e-01 -2.076249e-01  6.675739e-01
 1.915003e-01  6.209775e-01 -2.272264e-01  2.212645e-01
 2.027675e-01  5.759010e-01 -6.276649e-01  6.953499e-01
 1.997907e-01  6.109842e-01 -6.851686e-01  2.233676e-01
 2.325100e-01  2.077778e-01 -7.815953e-01  1.166773e+00
 1.980625e-01  2.141883e-01 -2.463761e-01  1.107681e+00
 2.146246e-01  2.053271e-01 -1.064028e+00  7.248479e-01
 2.028722e-01  2.331350e-01 -1.070882e+00  2.347369e-01
 1.995272e-01  2.235667e-01 -2.031262e-01  6.137497e-01
 2.234261e-01  2.048293e-01 -2.052079e-01  2.008280e-01
 2.116845e-01  1.902032e-01 -6.279260e-01  6.431439e-01
 2.015059e-01  2.039455e-01 -6.267478e-01  2.129501e-01
 7.508174e-01  1.955218e-01 -2.445063e-01  1.058058e+00
 5.615830e-01  5.379668e-01 -2.313422e-01  1.138542e+00
 5.471413e-01  5.969139e-01 -1.023658e+00  6.748611e-01
 6.342684e-01  5.732997e-01 -9.932826e-01  2.176163e-01
 6.567052e-01  6.871170e-01 -1.949683e-01  6.253873e-01
 5.856997e-01  6.189660e-01 -1.977009e-01  2.077428e-01
 6.642637e-01  5.980051e-01 -5.953177e-01  6.610438e-01
 6.228756e-01  6.574973e-01 -5.943487e-01  2.176090e-01
 7.112174e-01  2.400170e-01 -7.623627e-01  1.162007e+00
 2.396403e-01  2.634357e-01 -2.887386e-01  1.550914e+00
 7.029249e-01  2.105018e-01 -1.153511e+00  7.796776e-01
 6.316275e-01  1.869500e-01 -1.085368e+00  2.466515e-01
 5.964645e-01  2.196736e-01 -2.090655e-01  5.983430e-01
 6.913877e-01  2.070416e-01 -2.052841e-01  1.972008e-01
 6.402864e-01  1.928056e-01 -6.564386e-01  6.413411e-01
 6.069715e-01  2.094820e-01 -6.190742e-01  2.100757e-01
 6.540899e-01  8.664221e-01 -7.498539e-01 -1.204404e+00
 5.314654e-01  1.074961e+00 -2.213504e-01 -1.071811e+00
 2.121621e-01  8.111432e-01 -1.260363e+00 -2.630250e-01
 6.617461e-01  1.071959e+00 -1.116886e+00 -2.472902e-01
 9.273183e-01  1.227954e+00 -2.251532e-01 -6.163303e-01
 7.230030e-01  1.124610e+00 -2.120066e-01 -2.178860e-01
 7.321987e-01  1.126328e+00 -6.668147e-01 -6.619681e-01
 8.065914e-01  1.204727e+00 -6.405191e-01 -2.171133e-01
 2.404704e-01  1.215957e+00 -6.803541e-01 -1.075316e+00
 2.446448e-01  1.300844e+00 -2.223747e-01 -7.318135e-01
 2.483063e-01  1.076152e+00 -1.127120e+00 -7.173017e-01
 2.690465e-01  1.423244e+00 -9.213615e-01 -2.739578e-01
 3.077092e-01  1.583915e+00 -2.679197e-01 -2.537819e-01
 2.328671e-01  1.122069e+00 -2.011330e-01 -2.522606e-01
 2.323798e-01  1.032285e+00 -6.862234e-01 -5.844411e-01
 2.479711e-01  1.111085e+00 -6.173835e-01 -1.950624e-01
 1.193338e+00  2.648061e-01 -2.892008e-01 -1.117624e+00
 9.855917e-01  7.471501e-01 -2.423283e-01 -1.118869e+00
 1.016891e+00  6.994058e-01 -1.041960e+00 -7.121140e-01
 7.557853e-01  5.680383e-01 -1.448691e+00 -2.813554e-01
 1.405856e+00  8.648989e-01 -2.516589e-01 -2.719156e-01
 1.007622e+00  6.915166e-01 -2.178888e-01 -2.159202e-01
 1.137755e+00  7.519259e-01 -5.363032e-01 -6.280245e-01
 1.068662e+00  7.404461e-01 -7.180185e-01 -2.128407e-01
 1.485248e+00  2.861378e-01 -2.434090e-01 -6.704195e-01
 7.225878e-01  2.862582e-01 -3.086182e-01 -1.597337e+00
 1.160627e+00  2.375863e-01 -7.942733e-01 -7.422296e-01
 1.103100e+00  2.542668e-01 -1.120328e+00 -2.619521e-01
 1.039453e+00  2.431345e-01 -2.269050e-01 -5.997747e-01
 1.186834e+00  2.390249e-01 -2.126567e-01 -2.028835e-01
 1.496032e+00  2.921548e-01 -6.589484e-01 -2.612007e-01
 1.031571e+00  2.336188e-01 -6.408473e-01 -2.232592e-01
 2.323978e-01  6.434817e-01 -8.212422e-01 -1.197287e+00
 2.029238e-01  7.423782e-01 -2.598053e-01 -1.210176e+00
 2.455923e-01  5.178877e-01 -1.360086e+00 -8.376166e-01
 2.554174e-01  2.524943e-01 -1.530160e+00 -2.927054e-01
 2.114938e-01  6.809956e-01 -2.076249e-01 -6.675739e-01
 1.915003e-01  6.209775e-01 -2.272264e-01 -2.212645e-01
 2.027675e-01  5.759010e-01 -6.276649e-01 -6.953499e-01
 1.997907e-01  6.109842e-01 -6.851686e-01 -2.233676e-01
 2.325100e-01  2.077778e-01 -7.815953e-01 -1.166773e+00
 1.980625e-01  2.141883e-01 -2.463761e-01 -1.107681e+00
 2.146246e-01  2.053271e-01 -1.064028e+00 -7.248479e-01
 2.028722e-01  2.331350e-01 -1.070882e+00 -2.347369e-01
 1.995272e-01  2.235667e-01 -2.031262e-01 -6.137497e-01
 2.234261e-01  2.048293e-01 -2.052079e-01 -2.008280e-01
 2.116845e-01  1.902032e-01 -6.279260e-01 -6.431439e-01
 2.015059e-01  2.039455e-01 -6.267478e-01 -2.129501e-01
 7.508174e-01  1.955218e-01 -2.445063e-01 -1.058058e+00
 5.615830e-01  5.379668e-01 -2.313422e-01 -1.138542e+00
 5.471413e-01  5.969139e-01 -1.023658e+00 -6.748611e-01
 6.342684e-01  5.732997e-01 -9.932826e-01 -2.176163e-01
 6.567052e-01  6.871170e-01 -1.949683e-01 -6.253873e-01
 5.856997e-01  6.189660e-01 -1.977009e-01 -2.077428e-01
 6.642637e-01  5.980051e-01 -5.953177e-01 -6.610438e-01
 6.228756e-01  6.574973e-01 -5.943487e-01 -2.176090e-01
 7.112174e-01  2.400170e-01 -7.623627e-01 -1.162007e+00
 2.396403e-01  2.634357e-01 -2.887386e-01 -1.550914e+00
 7.029249e-01  2.105018e-01 -1.153511e+00 -7.796776e-01
 6.316275e-01  1.869500e-01 -1.085368e+00 -2.466515e-01
 5.964645e-01  2.196736e-01 -2.090655e-01 -5.983430e-01
 6.913877e-01  2.070416e-01 -2.052841e-01 -1.972008e-01
 6.402864e-01  1.928056e-01 -6.564386e-01 -6.413411e-01
 6.069715e-01  2.094820e-01 -6.190742e-01 -2.100757e-01
 6.540899e-01 -8.664221e-01  7.498539e-01  1.204404e+00
 5.314654e-01 -1.074961e+00  2.213504e-01  1.071811e+00
 2.121621e-01 -8.111432e-01  1.260363e+00  2.630250e-01
 6.617461e-01 -1.071959e+00  1.116886e+00  2.472902e-01
 9.273183e-01 -1.227954e+00  2.251532e-01  6.163303e-01
 7.230030e-01 -1.124610e+00  2.120066e-01  2.178860e-01
 7.321987e-01 -1.126328e+00  6.668147e-01  6.619681e-01
 8.065914e-01 -1.204727e+00  6.405191e-01  2.171133e-01
 2.404704e-01 -1.215957e+00  6.803541e-01  1.075316e+00
 2.446448e-01 -1.300844e+00  2.223747e-01  7.318135e-01
 2.483063e-01 -1.076152e+00  1.127120e+00  7.173017e-01
 2.690465e-01 -1.423244e+00  9.213615e-01  2.739578e-01
 3.077092e-01 -1.583915e+00  2.679197e-01  2.537819e-01
 2.328671e-01 -1.122069e+00  2.011330e-01  2.522606e-01
 2.323798e-01 -1.032285e+00  6.862234e-01  5.844411e-01
 2.479711e-01 -1.111085e+00  6.173835e-01  1.950624e-01
 1.193338e+00 -2.648061e-01  2.892008e-01  1.117624e+00
 9.855917e-01 -7.471501e-01  2.423283e-01  1.118869e+00
 1.016891e+00 -6.994058e-01  1.041960e+00  7.121140e-01
 7.557853e-01 -5.680383e-01  1.448691e+00  2.813554e-01
 1.405856e+00 -8.648989e-01  2.516589e-01  2.719156e-01
 1.007622e+00 -6.915166e-01  2.178888e-01  2.159202e-01
 1.137755e+00 -7.519259e-01  5.363032e-01  6.280245e-01
 1.068662e+00 -7.404461e-01  7.180185e-01  2.128407e-01
 1.485248e+00 -2.861378e-01  2.434090e-01  6.704195e-01
 7.225878e-01 -2.862582e-01  3.086182e-01  1.597337e+00
 1.160627e+00 -2.375863e-01  7.942733e-01  7.422296e-01
 1.103100e+00 -2.542668e-01  1.120328e+00  2.619521e-01
 1.039453e+00 -2.431345e-01  2.269050e-01  5.997747e-01
 1.186834e+00 -2.390249e-01  2.126567e-01  2.028835e-01
 1.496032e+00 -2.921548e-01  6.589484e-01  2.612007e-01
 1.031571e+00 -2.336188e-01  6.408473e-01  2.232592e-01
 2.323978e-01 -6.434817e-01  8.212422e-01  1.197287e+00
 2.029238e-01 -7.423782e-01  2.598053e-01  1.210176e+00
 2.455923e-01 -5.178877e-01  1.360086e+00  8.376166e-01
 2.554174e-01 -2.524943e-01  1.530160e+00  2.927054e-01
 2.114938e-01 -6.809956e-01  2.076249e-01  6.675739e-01
 1.915003e-01 -6.209775e-01  2.272264e-01  2.212645e-01
 2.027675e-01 -5.759010e-01  6.276649e-01  6.953499e-01
 1.997907e-01 -6.109842e-01  6.851686e-01  2.233676e-01
 2.325100e-01 -2.077778e-01  7.815953e-01  1.166773e+00
 1.980625e-01 -2.141883e-01  2.463761e-01  1.107681e+00
 2.146246e-01 -2.053271e-01  1.064028e+00  7.248479e-01
 2.028722e-01 -2.331350e-01  1.070882e+00  2.347369e-01
 1.995272e-01 -2.235667e-01  2.031262e-01  6.137497e-01
 2.234261e-01 -2.048293e-01  2.052079e-01  2.008280e-01
 2.116845e-01 -1.902032e-01  6.279260e-01  6.431439e-01
 2.015059e-01 -2.039455e-01  6.267478e-01  2.129501e-01
 7.508174e-01 -1.955218e-01  2.445063e-01  1.058058e+00
 5.615830e-01 -5.379668e-01  2.313422e-01  1.138542e+00
 5.471413e-01 -5.969139e-01  1.023658e+00  6.748611e-01
 6.342684e-01 -5.732997e-01  9.932826e-01  2.176163e-01
 6.567052e-01 -6.871170e-01  1.949683e-01  6.253873e-01
 5.856997e-01 -6.189660e-01  1.977009e-01  2.077428e-01
 6.642637e-01 -5.980051e-01  5.953177e-01  6.610438e-01
 6.228756e-01 -6.574973e-01  5.943487e-01  2.176090e-01
 7.112174e-01 -2.400170e-01  7.623627e-01  1.162007e+00
 2.396403e-01 -2.634357e-01  2.887386e-01  1.550914e+00
 7.029249e-01 -2.105018e-01  1.153511e+00  7.796776e-01
 6.316275e-01 -1.869500e-01  1.085368e+00  2.466515e-01
 5.964645e-01 -2.196736e-01  2.090655e-01  5.983430e-01
 6.913877e-01 -2.070416e-01  2.052841e-01  1.972008e-01
 6.402864e-01 -1.928056e-01  6.564386e-01  6.413411e-01
 6.069715e-01 -2.094820e-01  6.190742e-01  2.100757e-01
 6.540899e-01 -8.664221e-01  7.498539e-01 -1.204404e+00
 5.314654e-01 -1.074961e+00  2.213504e-01 -1.071811e+00
 2.121621e-01 -8.111432e-01  1.260363e+00 -2.630250e-01
 6.617461e-01 -1.071959e+00  1.116886e+00 -2.472902e-01
 9.273183e-01 -1.227954e+00  2.251532e-01 -6.163303e-01
 7.230030e-01 -1.124610e+00  2.120066e-01 -2.178860e-01
 7.321987e-01 -1.126328e+00  6.668147e-01 -6.619681e-01
 8.065914e-01 -1.204727e+00  6.405191e-01 -2.171133e-01
 2.404704e-01 -1.215957e+00  6.803541e-01 -1.075316e+00
 2.446448e-01 -1.300844e+00  2.223747e-01 -7.318135e-01
 2.483063e-01 -1.076152e+00  1.127120e+00 -7.173017e-01
 2.690465e-01 -1.423244e+00  9.213615e-01 -2.739578e-01
 3.077092e-01 -1.583915e+00  2.679197e-01 -2.537819e-01
 2.328671e-01 -1.122069e+00  2.011330e-01 -2.522606e-01
 2.323798e-01 -1.032285e+00  6.862234e-01 -5.844411e-01
 2.479711e-01 -1.111085e+00  6.173835e-01 -1.950624e-01
 1.193338e+00 -2.648061e-01  2.892008e-01 -1.117624e+00
 9.855917e-01 -7.471501e-01  2.423283e-01 -1.118869e+00
 1.016891e+00 -6.994058e-01  1.041960e+00 -7.121140e-01
 7.557853e-01 -5.680383e-01  1.448691e+00 -2.813554e-01
 1.405856e+00 -8.648989e-01  2.516589e-01 -2.719156e-01
 1.007622e+00 -6.915166e-01  2.178888e-01 -2.159202e-01
 1.137755e+00 -7.519259e-01  5.363032e-01 -6.280245e-01
 1.068662e+00 -7.404461e-01  7.180185e-01 -2.128407e-01
 1.485248e+00 -2.861378e-01  2.434090e-01 -6.704195e-01
 7.225878e-01 -2.862582e-01  3.086182e-01 -1.597337e+00
 1.160627e+00 -2.375863e-01  7.942733e-01 -7.422296e-01
 1.103100e+00 -2.542668e-01  1.120328e+00 -2.619521e-01
 1.039453e+00 -2.431345e-01  2.269050e-01 -5.997747e-01
 1.186834e+00 -2.390249e-01  2.126567e-01 -2.028835e-01
 1.496032e+00 -2.921548e-01  6.589484e-01 -2.612007e-01
 1.031571e+00 -2.336188e-01  6.408473e-01 -2.232592e-01
 2.323978e-01 -6.434817e-01  8.212422e-01 -1.197287e+00
 2.029238e-01 -7.423782e-01  2.598053e-01 -1.210176e+00
 2.455923e-01 -5.178877e-01  1.360086e+00 -8.376166e-01
 2.554174e-01 -2.524943e-01  1.530160e+00 -2.927054e-01
 2.114938e-01 -6.809956e-01  2.076249e-01 -6.675739e-01
 1.915003e-01 -6.209775e-01  2.272264e-01 -2.212645e-01
 2.027675e-01 -5.759010e-01  6.276649e-01 -6.953499e-01
 1.997907e-01 -6.109842e-01  6.851686e-01 -2.233676e-01
 2.325100e-01 -2.077778e-01  7.815953e-01 -1.166773e+00
 1.980625e-01 -2.141883e-01  2.463761e-01 -1.107681e+00
 2.146246e-01 -2.053271e-01  1.064028e+00 -7.248479e-01
 2.028722e-01 -2.331350e-01  1.070882e+00 -2.347369e-01
 1.995272e-01 -2.235667e-01  2.031262e-01 -6.137497e-01
 2.234261e-01 -2.048293e-01  2.052079e-01 -2.008280e-01
 2.116845e-01 -1.902032e-01  6.279260e-01 -6.431439e-01
 2.015059e-01 -2.039455e-01  6.267478e-01 -2.129501e-01
 7.508174e-01 -1.955218e-01  2.445063e-01 -1.058058e+00
 5.615830e-01 -5.379668e-01  2.313422e-01 -1.138542e+00
 5.471413e-01 -5.969139e-01  1.023658e+00 -6.748611e-01
 6.342684e-01 -5.732997e-01  9.932826e-01 -2.176163e-01
 6.567052e-01 -6.871170e-01  1.949683e-01 -6.253873e-01
 5.856997e-01 -6.189660e-01  1.977009e-01 -2.077428e-01
 6.642637e-01 -5.980051e-01  5.953177e-01 -6.610438e-01
 6.228756e-01 -6.574973e-01  5.943487e-01 -2.176090e-01
 7.112174e-01 -2.400170e-01  7.623627e-01 -1.162007e+00
 2.396403e-01 -2.634357e-01  2.887386e-01 -1.550914e+00
 7.029249e-01 -2.105018e-01  1.153511e+00 -7.796776e-01
 6.316275e-01 -1.869500e-01  1.085368e+00 -2.466515e-01
 5.964645e-01 -2.196736e-01  2.090655e-01 -5.983430e-01
 6.913877e-01 -2.070416e-01  2.052841e-01 -1.972008e-01
 6.402864e-01 -1.928056e-01  6.564386e-01 -6.413411e-01
 6.069715e-01 -2.094820e-01  6.190742e-01 -2.100757e-01
 6.540899e-01 -8.664221e-01 -7.498539e-01  1.204404e+00
 5.314654e-01 -1.074961e+00 -2.213504e-01  1.071811e+00
 2.121621e-01 -8.111432e-01 -1.260363e+00  2.630250e-01
 6.617461e-01 -1.071959e+00 -1.116886e+00  2.472902e-01
 9.273183e-01 -1.227954e+00 -2.251532e-01  6.163303e-01
 7.230030e-01 -1.124610e+00 -2.120066e-01  2.178860e-01
 7.321987e-01 -1.126328e+00 -6.668147e-01  6.619681e-01
 8.065914e-01 -1.204727e+00 -6.405191e-01  2.171133e-01
 2.404704e-01 -1.215957e+00 -6.803541e-01  1.075316e+00
 2.446448e-01 -1.300844e+00 -2.223747e-01  7.318135e-01
 2.483063e-01 -1.076152e+00 -1.127120e+00  7.173017e-01
 2.690465e-01 -1.423244e+00 -9.213615e-01  2.739578e-01
 3.077092e-01 -1.583915e+00 -2.679197e-01  2.537819e-01
 2.328671e-01 -1.122069e+00 -2.011330e-01  2.522606e-01
 2.323798e-01 -1.032285e+00 -6.862234e-01  5.844411e-01
 2.479711e-01 -1.111085e+00 -6.173835e-01  1.950624e-01
 1.193338e+00 -2.648061e-01 -2.892008e-01  1.117624e+00
 9.855917e-01 -7.471501e-01 -2.423283e-01  1.118869e+00
 1.016891e+00 -6.994058e-01 -1.041960e+00  7.121140e-01
 7.557853e-01 -5.680383e-01 -1.448691e+00  2.813554e-01
 1.405856e+00 -8.648989e-01 -2.516589e-01  2.719156e-01
 1.007622e+00 -6.915166e-01 -2.178888e-01  2.159202e-01
 1.137755e+00 -7.519259e-01 -5.363032e-01  6.280245e-01
 1.068662e+00 -7.404461e-01 -7.180185e-01  2.128407e-01
 1.485248e+00 -2.861378e-01 -2.434090e-01  6.704195e-01
 7.225878e-01 -2.862582e-01 -3.086182e-01  1.597337e+00
 1.160627e+00 -2.375863e-01 -7.942733e-01  7.422296e-01
 1.103100e+00 -2.542668e-01 -1.120328e+00  2.619521e-01
 1.039453e+00 -2.431345e-01 -2.269050e-01  5.997747e-01
 1.186834e+00 -2.390249e-01 -2.126567e-01  2.028835e-01
 1.496032e+00 -2.921548e-01 -6.589484e-01  2.612007e-01
 1.031571e+00 -2.336188e-01 -6.408473e-01  2.232592e-01
 2.323978e-01 -6.434817e-01 -8.212422e-01  1.197287e+00
 2.029238e-01 -7.423782e-01 -2.598053e-01  1.210176e+00
 2.455923e-01 -5.178877e-01 -1.360086e+00  8.376166e-01
 2.554174e-01 -2.524943e-01 -1.530160e+00  2.927054e-01
 2.114938e-01 -6.809956e-01 -2.076249e-01  6.675739e-01
 1.915003e-01 -6.209775e-01 -2.272264e-01  2.212645e-01
 2.027675e-01 -5.759010e-01 -6.276649e-01  6.953499e-01
 1.997907e-01 -6.109842e-01 -6.851686e-01  2.233676e-01
 2.325100e-01 -2.077778e-01 -7.815953e-01  1.166773e+00
 1.980625e-01 -2.141883e-01 -2.463761e-01  1.107681e+00
 2.146246e-01 -2.053271e-01 -1.064028e+00  7.248479e-01
 2.028722e-01 -2.331350e-01 -1.070882e+00  2.347369e-01
 1.995272e-01 -2.235667e-01 -2.031262e-01  6.137497e-01
 2.234261e-01 -2.048293e-01 -2.052079e-01  2.008280e-01
 2.116845e-01 -1.902032e-01 -6.279260e-01  6.431439e-01
 2.015059e-01 -2.039455e-01 -6.267478e-01  2.129501e-01
 7.508174e-01 -1.955218e-01 -2.445063e-01  1.058058e+00
 5.615830e-01 -5.379668e-01 -2.313422e-01  1.138542e+00
 5.471413e-01 -5.969139e-01 -1.023658e+00  6.748611e-01
 6.342684e-01 -5.732997e-01 -9.932826e-01  2.176163e-01
 6.567052e-01 -6.871170e-01 -1.949683e-01  6.253873e-01
 5.856997e-01 -6.189660e-01 -1.977009e-01  2.077428e-01
 6.642637e-01 -5.980051e-01 -5.953177e-01  6.610438e-01
 6.228756e-01 -6.574973e-01 -5.943487e-01  2.176090e-01
 7.112174e-01 -2.400170e-01 -7.623627e-01  1.162007e+00
 2.396403e-01 -2.634357e-01 -2.887386e-01  1.550914e+00
 7.029249e-01 -2.105018e-01 -1.153511e+00  7.796776e-01
 6.316275e-01 -1.869500e-01 -1.085368e+00  2.466515e-01
 5.964645e-01 -2.196736e-01 -2.090655e-01  5.983430e-01
 6.913877e-01 -2.070416e-01 -2.052841e-01  1.972008e-01
 6.402864e-01 -1.928056e-01 -6.564386e-01  6.413411e-01
 6.069715e-01 -2.094820e-01 -6.190742e-01  2.100757e-01
 6.540899e-01 -8.664221e-01 -7.498539e-01 -1.204404e+00
 5.314654e-01 -1.074961e+00 -2.213504e-01 -1.071811e+00
 2.121621e-01 -8.111432e-01 -1.260363e+00 -2.630250e-01
 6.617461e-01 -1.071959e+00 -1.116886e+00 -2.472902e-01
 9.273183e-01 -1.227954e+00 -2.251532e-01 -6.163303e-01
 7.230030e-01 -1.124610e+00 -2.120066e-01 -2.178860e-01
 7.321987e-01 -1.126328e+00 -6.668147e-01 -6.619681e-01
 8.065914e-01 -1.204727e+00 -6.405191e-01 -2.171133e-01
 2.404704e-01 -1.215957e+00 -6.803541e-01 -1.075316e+00
 2.446448e-01 -1.300844e+00 -2.223747e-01 -7.318135e-01
 2.483063e-01 -1.076152e+00 -1.127120e+00 -7.173017e-01
 2.690465e-01 -1.423244e+00 -9.213615e-01 -2.739578e-01
 3.077092e-01 -1.583915e+00 -2.679197e-01 -2.537819e-01
 2.328671e-01 -1.122069e+00 -2.011330e-01 -2.522606e-01
 2.323798e-01 -1.032285e+00 -6.862234e-01 -5.844411e-01
 2.479711e-01 -1.111085e+00 -6.173835e-01 -1.950624e-01
 1.193338e+00 -2.648061e-01 -2.892008e-01 -1.117624e+00
 9.855917e-01 -7.471501e-01 -2.423283e-01 -1.118869e+00
 1.016891e+00 -6.994058e-01 -1.041960e+00 -7.121140e-01
 7.557853e-01 -5.680383e-01 -1.448691e+00 -2.813554e-01
 1.405856e+00 -8.648989e-01 -2.516589e-01 -2.719156e-01
 1.007622e+00 -6.915166e-01 -2.178888e-01 -2.159202e-01
 1.137755e+00 -7.519259e-01 -5.363032e-01 -6.280245e-01
 1.068662e+00 -7.404461e-01 -7.180185e-01 -2.128407e-01
 1.485248e+00 -2.861378e-01 -2.434090e-01 -6.704195e-01
 7.225878e-01 -2.862582e-01 -3.086182e-01 -1.597337e+00
 1.160627e+00 -2.375863e-01 -7.942733e-01 -7.422296e-01
 1.103100e+00 -2.542668e-01 -1.120328e+00 -2.619521e-01
 1.039453e+00 -2.431345e-01 -2.269050e-01 -5.997747e-01
 1.186834e+00 -2.390249e-01 -2.126567e-01 -2.028835e-01
 1.496032e+00 -2.921548e-01 -6.589484e-01 -2.612007e-01
 1.031571e+00 -2.336188e-01 -6.408473e-01 -2.232592e-01
 2.323978e-01 -6.434817e-01 -8.212422e-01 -1.197287e+00
 2.029238e-01 -7.423782e-01 -2.598053e-01 -1.210176e+00
 2.455923e-01 -5.178877e-01 -1.360086e+00 -8.376166e-01
 2.554174e-01 -2.524943e-01 -1.530160e+00 -2.927054e-01
 2.114938e-01 -6.809956e-01 -2.076249e-01 -6.675739e-01
 1.915003e-01 -6.209775e-01 -2.272264e-01 -2.212645e-01
 2.027675e-01 -5.759010e-01 -6.276649e-01 -6.953499e-01
 1.997907e-01 -6.109842e-01 -6.851686e-01 -2.233676e-01
 2.325100e-01 -2.077778e-01 -7.815953e-01 -1.166773e+00
 1.980625e-01 -2.141883e-01 -2.463761e-01 -1.107681e+00
 2.146246e-01 -2.053271e-01 -1.064028e+00 -7.248479e-01
 2.028722e-01 -2.331350e-01 -1.070882e+00 -2.347369e-01
 1.995272e-01 -2.235667e-01 -2.031262e-01 -6.137497e-01
 2.234261e-01 -2.048293e-01 -2.052079e-01 -2.008280e-01
 2.116845e-01 -1.902032e-01 -6.279260e-01 -6.431439e-01
 2.015059e-01 -2.039455e-01 -6.267478e-01 -2.129501e-01
 7.508174e-01 -1.955218e-01 -2.445063e-01 -1.058058e+00
 5.615830e-01 -5.379668e-01 -2.313422e-01 -1.138542e+00
 5.471413e-01 -5.969139e-01 -1.023658e+00 -6.748611e-01
 6.342684e-01 -5.732997e-01 -9.932826e-01 -2.176163e-01
 6.567052e-01 -6.871170e-01 -1.949683e-01 -6.253873e-01
 5.856997e-01 -6.189660e-01 -1.977009e-01 -2.077428e-01
 6.642637e-01 -5.980051e-01 -5.953177e-01 -6.610438e-01
 6.228756e-01 -6.574973e-01 -5.943487e-01 -2.176090e-01
 7.112174e-01 -2.400170e-01 -7.623627e-01 -1.162007e+00
 2.396403e-01 -2.634357e-01 -2.887386e-01 -1.550914e+00
 7.029249e-01 -2.105018e-01 -1.153511e+00 -7.796776e-01
 6.316275e-01 -1.869500e-01 -1.085368e+00 -2.466515e-01
 5.964645e-01 -2.196736e-01 -2.090655e-01 -5.983430e-01
 6.913877e-01 -2.070416e-01 -2.052841e-01 -1.972008e-01
 6.402864e-01 -1.928056e-01 -6.564386e-01 -6.413411e-01
 6.069715e-01 -2.094820e-01 -6.190742e-01 -2.100757e-01
-6.540899e-01  8.664221e-01  7.498539e-01  1.204404e+00
-5.314654e-01  1.074961e+00  2.213504e-01  1.071811e+00
-2.121621e-01  8.111432e-01  1.260363e+00  2.630250e-01
-6.617461e-01  1.071959e+00  1.116886e+00  2.472902e-01
-9.273183e-01  1.227954e+00  2.251532e-01  6.163303e-01
-7.230030e-01  1.124610e+00  2.120066e-01  2.178860e-01
-7.321987e-01  1.126328e+00  6.668147e-01  6.619681e-01
-8.065914e-01  1.204727e+00  6.405191e-01  2.171133e-01
-2.404704e-01  1.215957e+00  6.803541e-01  1.075316e+00
-2.446448e-01  1.300844e+00  2.223747e-01  7.318135e-01
-2.483063e-01  1.076152e+00  1.127120e+00  7.173017e-01
-2.690465e-01  1.423244e+00  9.213615e-01  2.739578e-01
-3.077092e-01  1.583915e+00  2.679197e-01  2.537819e-01
-2.328671e-01  1.122069e+00  2.011330e-01  2.522606e-01
-2.323798e-01  1.032285e+00  6.862234e-01  5.844411e-01
-2.479711e-01  1.111085e+00  6.173835e-01  1.950624e-01
-1.193338e+00  2.648061e-01  2.892008e-01  1.117624e+00
-9.855917e-01  7.471501e-01  2.423283e-01  1.118869e+00
-1.016891e+00  6.994058e-01  1.041960e+00  7.121140e-01
-7.557853e-01  5.680383e-01  1.448691e+00  2.813554e-01
-1.405856e+00  8.648989e-01  2.516589e-01  2.719156e-01
-1.007622e+00  6.915166e-01  2.178888e-01  2.159202e-01
-1.137755e+00  7.519259e-01  5.363032e-01  6.280245e-01
-1.068662e+00  7.404461e-01  7.180185e-01  2.128407e-01
-1.485248e+00  2.861378e-01  2.434090e-01  6.704195e-01
-7.225878e-01  2.862582e-01  3.086182e-01  1.597337e+00
-1.160627e+00  2.375863e-01  7.942733e-01  7.422296e-01
-1.103100e+00  2.542668e-01  1.120328e+00  2.619521e-01
-1.039453e+00  2.431345e-01  2.269050e-01  5.997747e-01
-1.186834e+00  2.390249e-01  2.126567e-01  2.028835e-01
-1.496032e+00  2.921548e-01  6.589484e-01  2.612007e-01
-1.031571e+00  2.336188e-01  6.408473e-01  2.232592e-01
-2.323978e-01  6.434817e-01  8.212422e-01  1.197287e+00
-2.029238e-01  7.423782e-01  2.598053e-01  1.210176e+00
-2.455923e-01  5.178877e-01  1.360086e+00  8.376166e-01
-2.554174e-01  2.524943e-01  1.530160e+00  2.927054e-01
-2.114938e-01  6.809956e-01  2.076249e-01  6.675739e-01
-1.915003e-01  6.209775e-01  2.272264e-01  2.212645e-01
-2.027675e-01  5.759010e-01  6.276649e-01  6.953499e-01
-1.997907e-01  6.109842e-01  6.851686e-01  2.233676e-01
-2.325100e-01  2.077778e-01  7.815953e-01  1.166773e+00
-1.980625e-01  2.141883e-01  2.463761e-01  1.107681e+00
-2.146246e-01  2.053271e-01  1.064028e+00  7.248479e-01
-2.028722e-01  2.331350e-01  1.070882e+00  2.347369e-01
-1.995272e-01  2.235667e-01  2.031262e-01  6.137497e-01
-2.234261e-01  2.048293e-01  2.052079e-01  2.008280e-01
-2.116845e-01  1.902032e-01  6.279260e-01  6.431439e-01
-2.015059e-01  2.039455e-01  6.267478e-01  2.129501e-01
-7.508174e-01  1.955218e-01  2.445063e-01  1.058058e+00
-5.615830e-01  5.379668e-01  2.313422e-01  1.138542e+00
-5.471413e-01  5.969139e-01  1.023658e+00  6.748611e-01
-6.342684e-01  5.732997e-01  9.932826e-01  2.176163e-01
-6.567052e-01  6.871170e-01  1.949683e-01  6.253873e-01
-5.856997e-01  6.189660e-01  1.977009e-01  2.077428e-01
-6.642637e-01  5.980051e-01  5.953177e-01  6.610438e-01
-6.228756e-01  6.574973e-01  5.943487e-01  2.176090e-01
-7.112174e-01  2.400170e-01  7.623627e-01  1.162007e+00
-2.396403e-01  2.634357e-01  2.887386e-01  1.550914e+00
-7.029249e-01  2.105018e-01  1.153511e+00  7.796776e-01
-6.316275e-01  1.869500e-01  1.085368e+00  2.466515e-01
-5.964645e-01  2.196736e-01  2.090655e-01  5.983430e-01
-6.913877e-01  2.070416e-01  2.052841e-01  1.972008e-01
-6.402864e-01  1.928056e-01  6.564386e-01  6.413411e-01
-6.069715e-01  2.094820e-01  6.190742e-01  2.100757e-01
-6.540899e-01  8.664221e-01  7.498539e-01 -1.204404e+00
-5.314654e-01  1.074961e+00  2.213504e-01 -1.071811e+00
-2.121621e-01  8.111432e-01  1.260363e+00 -2.630250e-01
-6.617461e-01  1.071959e+00  1.116886e+00 -2.472902e-01
-9.273183e-01  1.227954e+00  2.251532e-01 -6.163303e-01
-7.230030e-01  1.124610e+00  2.120066e-01 -2.178860e-01
-7.321987e-01  1.126328e+00  6.668147e-01 -6.619681e-01
-8.065914e-01  1.204727e+00  6.405191e-01 -2.171133e-01
-2.404704e-01  1.215957e+00  6.803541e-01 -1.075316e+00
-2.446448e-01  1.300844e+00  2.223747e-01 -7.318135e-01
-2.483063e-01  1.076152e+00  1.127120e+00 -7.173017e-01
-2.690465e-01  1.423244e+00  9.213615e-01 -2.739578e-01
-3.077092e-01  1.583915e+00  2.679197e-01 -2.537819e-01
-2.328671e-01  1.122069e+00  2.011330e-01 -2.522606e-01
-2.323798e-01  1.032285e+00  6.862234e-01 -5.844411e-01
-2.479711e-01  1.111085e+00  6.173835e-01 -1.950624e-01
-1.193338e+00  2.648061e-01  2.892008e-01 -1.117624e+00
-9.855917e-01  7.471501e-01  2.423283e-01 -1.118869e+00
-1.016891e+00  6.994058e-01  1.041960e+00 -7.121140e-01
-7.557853e-01  5.680383e-01  1.448691e+00 -2.813554e-01
-1.405856e+00  8.648989e-01  2.516589e-01 -2.719156e-01
-1.007622e+00  6.915166e-01  2.178888e-01 -2.159202e-01
-1.137755e+00  7.519259e-01  5.363032e-01 -6.280245e-01
-1.068662e+00  7.404461e-01  7.180185e-01 -2.128407e-01
-1.485248e+00  2.861378e-01  2.434090e-01 -6.704195e-01
-7.225878e-01  2.862582e-01  3.086182e-01 -1.597337e+00
-1.160627e+00  2.375863e-01  7.942733e-01 -7.422296e-01
-1.103100e+00  2.542668e-01  1.120328e+00 -2.619521e-01
-1.039453e+00  2.431345e-01  2.269050e-01 -5.997747e-01
-1.186834e+00  2.390249e-01  2.126567e-01 -2.028835e-01
-1.496032e+00  2.921548e-01  6.589484e-01 -2.612007e-01
-1.031571e+00  2.336188e-01  6.408473e-01 -2.232592e-01
-2.323978e-01  6.434817e-01  8.212422e-01 -1.197287e+00
-2.029238e-01  7.423782e-01  2.598053e-01 -1.210176e+00
-2.455923e-01  5.178877e-01  1.360086e+00 -8.376166e-01
-2.554174e-01  2.524943e-01  1.530160e+00 -2.927054e-01
-2.114938e-01  6.809956e-01  2.076249e-01 -6.675739e-01
-1.915003e-01  6.209775e-01  2.272264e-01 -2.212645e-01
-2.027675e-01  5.759010e-01  6.276649e-01 -6.953499e-01
-1.997907e-01  6.109842e-01  6.851686e-01 -2.233676e-01
-2.325100e-01  2.077778e-01  7.815953e-01 -1.166773e+00
-1.980625e-01  2.141883e-01  2.463761e-01 -1.107681e+00
-2.146246e-01  2.053271e-01  1.064028e+00 -7.248479e-01
-2.028722e-01  2.331350e-01  1.070882e+00 -2.347369e-01
-1.995272e-01  2.235667e-01  2.031262e-01 -6.137497e-01
-2.234261e-01  2.048293e-01  2.052079e-01 -2.008280e-01
-2.116845e-01  1.902032e-01  6.279260e-01 -6.431439e-01
-2.015059e-01  2.039455e-01  6.267478e-01 -2.129501e-01
-7.508174e-01  1.955218e-01  2.445063e-01 -1.058058e+00
-5.615830e-01  5.379668e-01  2.313422e-01 -1.138542e+00
-5.471413e-01  5.969139e-01  1.023658e+00 -6.748611e-01
-6.342684e-01  5.732997e-01  9.932826e-01 -2.176163e-01
-6.567052e-01  6.871170e-01  1.949683e-01 -6.253873e-01
-5.856997e-01  6.189660e-01  1.977009e-01 -2.077428e-01
-6.642637e-01  5.980051e-01  5.953177e-01 -6.610438e-01
-6.228756e-01  6.574973e-01  5.943487e-01 -2.176090e-01
-7.112174e-01  2.400170e-01  7.623627e-01 -1.162007e+00
-2.396403e-01  2.634357e-01  2.887386e-01 -1.550914e+00
-7.029249e-01  2.105018e-01  1.153511e+00 -7.796776e-01
-6.316275e-01  1.869500e-01  1.085368e+00 -2.466515e-01
-5.964645e-01  2.196736e-01  2.090655e-01 -5.983430e-01
-6.913877e-01  2.070416e-01  2.052841e-01 -1.972008e-01
-6.402864e-01  1.928056e-01  6.564386e-01 -6.413411e-01
-6.069715e-01  2.094820e-01  6.190742e-01 -2.100757e-01
-6.540899e-01  8.664221e-01 -7.498539e-01  1.204404e+00
-5.314654e-01  1.074961e+00 -2.213504e-01  1.071811e+00
-2.121621e-01  8.111432e-01 -1.260363e+00  2.630250e-01
-6.617461e-01  1.071959e+00 -1.116886e+00  2.472902e-01
-9.273183e-01  1.227954e+00 -2.251532e-01  6.163303e-01
-7.230030e-01  1.124610e+00 -2.120066e-01  2.178860e-01
-7.321987e-01  1.126328e+00 -6.668147e-01  6.619681e-01
-8.065914e-01  1.204727e+00 -6.405191e-01  2.171133e-01
-2.404704e-01  1.215957e+00 -6.803541e-01  1.075316e+00
-2.446448e-01  1.300844e+00 -2.223747e-01  7.318135e-01
-2.483063e-01  1.076152e+00 -1.127120e+00  7.173017e-01
-2.690465e-01  1.423244e+00 -9.213615e-01  2.739578e-01
-3.077092e-01  1.583915e+00 -2.679197e-01  2.537819e-01
-2.328671e-01  1.122069e+00 -2.011330e-01  2.522606e-01
-2.323798e-01  1.032285e+00 -6.862234e-01  5.844411e-01
-2.479711e-01  1.111085e+00 -6.173835e-01  1.950624e-01
-1.193338e+00  2.648061e-01 -2.892008e-01  1.117624e+00
-9.855917e-01  7.471501e-01 -2.423283e-01  1.118869e+00
-1.016891e+00  6.994058e-01 -1.041960e+00  7.121140e-01
-7.557853e-01  5.680383e-01 -1.448691e+00  2.813554e-01
-1.405856e+00  8.648989e-01 -2.516589e-01  2.719156e-01
-1.007622e+00  6.915166e-01 -2.178888e-01  2.159202e-01
-1.137755e+00  7.519259e-01 -5.363032e-01  6.280245e-01
-1.068662e+00  7.404461e-01 -7.180185e-01  2.128407e-01
-1.485248e+00  2.861378e-01 -2.434090e-01  6.704195e-01
-7.225878e-01  2.862582e-01 -3.086182e-01  1.597337e+00
-1.160627e+00  2.375863e-01 -7.942733e-01  7.422296e-01
-1.103100e+00  2.542668e-01 -1.120328e+00  2.619521e-01
-1.039453e+00  2.431345e-01 -2.269050e-01  5.997747e-01
-1.186834e+00  2.390249e-01 -2.126567e-01  2.028835e-01
-1.496032e+00  2.921548e-01 -6.589484e-01  2.612007e-01
-1.031571e+00  2.336188e-01 -6.408473e-01  2.232592e-01
-2.323978e-01  6.434817e-01 -8.212422e-01  1.197287e+00
-2.029238e-01  7.423782e-01 -2.598053e-01  1.210176e+00
-2.455923e-01  5.178877e-01 -1.360086e+00  8.376166e-01
-2.554174e-01  2.524943e-01 -1.530160e+00  2.927054e-01
-2.114938e-01  6.809956e-01 -2.076249e-01  6.675739e-01
-1.915003e-01  6.209775e-01 -2.272264e-01  2.212645e-01
-2.027675e-01  5.759010e-01 -6.276649e-01  6.953499e-01
-1.997907e-01  6.109842e-01 -6.851686e-01  2.233676e-01
-2.325100e-01  2.077778e-01 -7.815953e-01  1.166773e+00
-1.980625e-01  2.141883e-01 -2.463761e-01  1.107681e+00
-2.146246e-01  2.053271e-01 -1.064028e+00  7.248479e-01
-2.028722e-01  2.331350e-01 -1.070882e+00  2.347369e-01
-1.995272e-01  2.235667e-01 -2.031262e-01  6.137497e-01
-2.234261e-01  2.048293e-01 -2.052079e-01  2.008280e-01
-2.116845e-01  1.902032e-01 -6.279260e-01  6.431439e-01
-2.015059e-01  2.039455e-01 -6.267478e-01  2.129501e-01
-7.508174e-01  1.955218e-01 -2.445063e-01  1.058058e+00
-5.615830e-01  5.379668e-01 -2.313422e-01  1.138542e+00
-5.471413e-01  5.969139e-01 -1.023658e+00  6.748611e-01
-6.342684e-01  5.732997e-01 -9.932826e-01  2.176163e-01
-6.567052e-01  6.871170e-01 -1.949683e-01  6.253873e-01
-5.856997e-01  6.189660e-01 -1.977009e-01  2.077428e-01
-6.642637e-01  5.980051e-01 -5.953177e-01  6.610438e-01
-6.228756e-01  6.574973e-01 -5.943487e-01  2.176090e-01
-7.112174e-01  2.400170e-01 -7.623627e-01  1.162007e+00
-2.396403e-01  2.634357e-01 -2.887386e-01  1.550914e+00
-7.029249e-01  2.105018e-01 -1.153511e+00  7.796776e-01
-6.316275e-01  1.869500e-01 -1.085368e+00  2.466515e-01
-5.964645e-01  2.196736e-01 -2.090655e-01  5.983430e-01
-6.913877e-01  2.070416e-01 -2.052841e-01  1.972008e-01
-6.402864e-01  1.928056e-01 -6.564386e-01  6.413411e-01
-6.069715e-01  2.094820e-01 -6.190742e-01  2.100757e-01
-6.540899e-01  8.664221e-01 -7.498539e-01 -1.204404e+00
-5.314654e-01  1.074961e+00 -2.213504e-01 -1.071811e+00
-2.121621e-01  8.111432e-01 -1.260363e+00 -2.630250e-01
-6.617461e-01  1.071959e+00 -1.116886e+00 -2.472902e-01
-9.273183e-01  1.227954e+00 -2.251532e-01 -6.163303e-01
-7.230030e-01  1.124610e+00 -2.120066e-01 -2.178860e-01
-7.321987e-01  1.126328e+00 -6.668147e-01 -6.619681e-01
-8.065914e-01  1.204727e+00 -6.405191e-01 -2.171133e-01
-2.404704e-01  1.215957e+00 -6.803541e-01 -1.075316e+00
-2.446448e-01  1.300844e+00 -2.223747e-01 -7.318135e-01
-2.483063e-01  1.076152e+00 -1.127120e+00 -7.173017e-01
-2.690465e-01  1.423244e+00 -9.213615e-01 -2.739578e-01
-3.077092e-01  1.583915e+00 -2.679197e-01 -2.537819e-01
-2.328671e-01  1.122069e+00 -2.011330e-01 -2.522606e-01
-2.323798e-01  1.032285e+00 -6.862234e-01 -5.844411e-01
-2.479711e-01  1.111085e+00 -6.173835e-01 -1.950624e-01
-1.193338e+00  2.648061e-01 -2.892008e-01 -1.117624e+00
-9.855917e-01  7.471501e-01 -2.423283e-01 -1.118869e+00
-1.016891e+00  6.994058e-01 -1.041960e+00 -7.121140e-01
-7.557853e-01  5.680383e-01 -1.448691e+00 -2.813554e-01
-1.405856e+00  8.648989e-01 -2.516589e-01 -2.719156e-01
-1.007622e+00  6.915166e-01 -2.178888e-01 -2.159202e-01
-1.137755e+00  7.519259e-01 -5.363032e-01 -6.280245e-01
-1.068662e+00  7.404461e-01 -7.180185e-01 -2.128407e-01
-1.485248e+00  2.861378e-01 -2.434090e-01 -6.704195e-01
-7.225878e-01  2.862582e-01 -3.086182e-01 -1.597337e+00
-1.160627e+00  2.375863e-01 -7.942733e-01 -7.422296e-01
-1.103100e+00  2.542668e-01 -1.120328e+00 -2.619521e-01
-1.039453e+00  2.431345e-01 -2.269050e-01 -5.997747e-01
-1.186834e+00  2.390249e-01 -2.126567e-01 -2.028835e-01
-1.496032e+00  2.921548e-01 -6.589484e-01 -2.612007e-01
-1.031571e+00  2.336188e-01 -6.408473e-01 -2.232592e-01
-2.323978e-01  6.434817e-01 -8.212422e-01 -1.197287e+00
-2.029238e-01  7.423782e-01 -2.598053e-01 -1.210176e+00
-2.455923e-01  5.178877e-01 -1.360086e+00 -8.376166e-01
-2.554174e-01  2.524943e-01 -1.530160e+00 -2.927054e-01
-2.114938e-01  6.809956e-01 -2.076249e-01 -6.675739e-01
-1.915003e-01  6.209775e-01 -2.272264e-01 -2.212645e-01
-2.027675e-01  5.759010e-01 -6.276649e-01 -6.953499e-01
-1.997907e-01  6.109842e-01 -6.851686e-01 -2.233676e-01
-2.325100e-01  2.077778e-01 -7.815953e-01 -1.166773e+00
-1.980625e-01  2.141883e-01 -2.463761e-01 -1.107681e+00
-2.146246e-01  2.053271e-01 -1.064028e+00 -7.248479e-01
-2.028722e-01  2.331350e-01 -1.070882e+00 -2.347369e-01
-1.995272e-01  2.235667e-01 -2.031262e-01 -6.137497e-01
-2.234261e-01  2.048293e-01 -2.052079e-01 -2.008280e-01
-2.116845e-01  1.902032e-01 -6.279260e-01 -6.431439e-01
-2.015059e-01  2.039455e-01 -6.267478e-01 -2.129501e-01
-7.508174e-01  1.955218e-01 -2.445063e-01 -1.058058e+00
-5.615830e-01  5.379668e-01 -2.313422e-01 -1.138542e+00
-5.471413e-01  5.969139e-01 -1.023658e+00 -6.748611e-01
-6.342684e-01  5.732997e-01 -9.932826e-01 -2.176163e-01
-6.567052e-01  6.871170e-01 -1.949683e-01 -6.253873e-01
-5.856997e-01  6.189660e-01 -1.977009e-01 -2.077428e-01
-6.642637e-01  5.980051e-01 -5.953177e-01 -6.610438e-01
-6.228756e-01  6.574973e-01 -5.943487e-01 -2.176090e-01
-7.112174e-01  2.400170e-01 -7.623627e-01 -1.162007e+00
-2.396403e-01  2.634357e-01 -2.887386e-01 -1.550914e+00
-7.029249e-01  2.105018e-01 -1.153511e+00 -7.796776e-01
-6.316275e-01  1.869500e-01 -1.085368e+00 -2.466515e-01
-5.964645e-01  2.196736e-01 -2.090655e-01 -5.983430e-01
-6.913877e-01  2.070416e-01 -2.052841e-01 -1.972008e-01
-6.402864e-01  1.928056e-01 -6.564386e-01 -6.413411e-01
-6.069715e-01  2.094820e-01 -6.190742e-01 -2.100757e-01
-6.540899e-01 -8.664221e-01  7.498539e-01  1.204404e+00
-5.314654e-01 -1.074961e+00  2.213504e-01  1.071811e+00
-2.121621e-01 -8.111432e-01  1.260363e+00  2.630250e-01
-6.617461e-01 -1.071959e+00  1.116886e+00  2.472902e-01
-9.273183e-01 -1.227954e+00  2.251532e-01  6.163303e-01
-7.230030e-01 -1.124610e+00  2.120066e-01  2.178860e-01
-7.321987e-01 -1.126328e+00  6.668147e-01  6.619681e-01
-8.065914e-01 -1.204727e+00  6.405191e-01  2.171133e-01
-2.404704e-01 -1.215957e+00  6.803541e-01  1.075316e+00
-2.446448e-01 -1.300844e+00  2.223747e-01  7.318135e-01
-2.483063e-01 -1.076152e+00  1.127120e+00  7.173017e-01
-2.690465e-01 -1.423244e+00  9.213615e-01  2.739578e-01
-3.077092e-01 -1.583915e+00  2.679197e-01  2.537819e-01
-2.328671e-01 -1.122069e+00  2.011330e-01  2.522606e-01
-2.323798e-01 -1.032285e+00  6.862234e-01  5.844411e-01
-2.479711e-01 -1.111085e+00  6.173835e-01  1.950624e-01
-1.193338e+00 -2.648061e-01  2.892008e-01  1.117624e+00
-9.855917e-01 -7.471501e-01  2.423283e-01  1.118869e+00
-1.016891e+00 -6.994058e-01  1.041960e+00  7.121140e-01
-7.557853e-01 -5.680383e-01  1.448691e+00  2.813554e-01
-1.405856e+00 -8.648989e-01  2.516589e-01  2.719156e-01
-1.007622e+00 -6.915166e-01  2.178888e-01  2.159202e-01
-1.137755e+00 -7.519259e-01  5.363032e-01  6.280245e-01
-1.068662e+00 -7.404461e-01  7.180185e-01  2.128407e-01
-1.485248e+00 -2.861378e-01  2.434090e-01  6.704195e-01
-7.225878e-01 -2.862582e-01  3.086182e-01  1.597337e+00
-1.160627e+00 -2.375863e-01  7.942733e-01  7.422296e-01
-1.103100e+00 -2.542668e-01  1.120328e+00  2.619521e-01
-1.039453e+00 -2.431345e-01  2.269050e-01  5.997747e-01
-1.186834e+00 -2.390249e-01  2.126567e-01  2.028835e-01
-1.496032e+00 -2.921548e-01  6.589484e-01  2.612007e-01
-1.031571e+00 -2.336188e-01  6.408473e-01  2.232592e-01
-2.323978e-01 -6.434817e-01  8.212422e-01  1.197287e+00
-2.029238e-01 -7.423782e-01  2.598053e-01  1.210176e+00
-2.455923e-01 -5.178877e-01  1.360086e+00  8.376166e-01
-2.554174e-01 -2.524943e-01  1.530160e+00  2.927054e-01
-2.114938e-01 -6.809956e-01  2.076249e-01  6.675739e-01
-1.915003e-01 -6.209775e-01  2.272264e-01  2.212645e-01
-2.027675e-01 -5.759010e-01  6.276649e-01  6.953499e-01
-1.997907e-01 -6.109842e-01  6.851686e-01  2.233676e-01
-2.325100e-01 -2.077778e-01  7.815953e-01  1.166773e+00
-1.980625e-01 -2.141883e-01  2.463761e-01  1.107681e+00
-2.146246e-01 -2.053271e-01  1.064028e+00  7.248479e-01
-2.028722e-01 -2.331350e-01  1.070882e+00  2.347369e-01
-1.995272e-01 -2.235667e-01  2.031262e-01  6.137497e-01
-2.234261e-01 -2.048293e-01  2.052079e-01  2.008280e-01
-2.116845e-01 -1.902032e-01  6.279260e-01  6.431439e-01
-2.015059e-01 -2.039455e-01  6.267478e-01  2.129501e-01
-7.508174e-01 -1.955218e-01  2.445063e-01  1.058058e+00
-5.615830e-01 -5.379668e-01  2.313422e-01  1.138542e+00
-5.471413e-01 -5.969139e-01  1.023658e+00  6.748611e-01
-6.342684e-01 -5.732997e-01  9.932826e-01  2.176163e-01
-6.567052e-01 -6.871170e-01  1.949683e-01  6.253873e-01
-5.856997e-01 -6.189660e-01  1.977009e-01  2.077428e-01
-6.642637e-01 -5.980051e-01  5.953177e-01  6.610438e-01
-6.228756e-01 -6.574973e-01  5.943487e-01  2.176090e-01
-7.112174e-01 -2.400170e-01  7.623627e-01  1.162007e+00
-2.396403e-01 -2.634357e-01  2.887386e-01  1.550914e+00
-7.029249e-01 -2.105018e-01  1.153511e+00  7.796776e-01
-6.316275e-01 -1.869500e-01  1.085368e+00  2.466515e-01
-5.964645e-01 -2.196736e-01  2.090655e-01  5.983430e-01
-6.913877e-01 -2.070416e-01  2.052841e-01  1.972008e-01
-6.402864e-01 -1.928056e-01  6.564386e-01  6.413411e-01
-6.069715e-01 -2.094820e-01  6.190742e-01  2.100757e-01
-6.540899e-01 -8.664221e-01  7.498539e-01 -1.204404e+00
-5.314654e-01 -1.074961e+00  2.213504e-01 -1.071811e+00
-2.121621e-01 -8.111432e-01  1.260363e+00 -2.630250e-01
-6.617461e-01 -1.071959e+00  1.116886e+00 -2.472902e-01
-9.273183e-01 -1.227954e+00  2.251532e-01 -6.163303e-01
-7.230030e-01 -1.124610e+00  2.120066e-01 -2.178860e-01
-7.321987e-01 -1.126328e+00  6.668147e-01 -6.619681e-01
-8.065914e-01 -1.204727e+00  6.405191e-01 -2.171133e-01
-2.404704e-01 -1.215957e+00  6.803541e-01 -1.075316e+00
-2.446448e-01 -1.300844e+00  2.223747e-01 -7.318135e-01
-2.483063e-01 -1.076152e+00  1.127120e+00 -7.173017e-01
-2.690465e-01 -1.423244e+00  9.213615e-01 -2.739578e-01
-3.077092e-01 -1.583915e+00  2.679197e-01 -2.537819e-01
-2.328671e-01 -1.122069e+00  2.011330e-01 -2.522606e-01
-2.323798e-01 -1.032285e+00  6.862234e-01 -5.844411e-01
-2.479711e-01 -1.111085e+00  6.173835e-01 -1.950624e-01
-1.193338e+00 -2.648061e-01  2.892008e-01 -1.117624e+00
-9.855917e-01 -7.471501e-01  2.423283e-01 -1.118869e+00
-1.016891e+00 -6.994058e-01  1.041960e+00 -7.121140e-01
-7.557853e-01 -5.680383e-01  1.448691e+00 -2.813554e-01
-1.405856e+00 -8.648989e-01  2.516589e-01 -2.719156e-01
-1.007622e+00 -6.915166e-01  2.178888e-01 -2.159202e-01
-1.137755e+00 -7.519259e-01  5.363032e-01 -6.280245e-01
-1.068662e+00 -7.404461e-01  7.180185e-01 -2.128407e-01
-1.485248e+00 -2.861378e-01  2.434090e-01 -6.704195e-01
-7.225878e-01 -2.862582e-01  3.086182e-01 -1.597337e+00
-1.160627e+00 -2.375863e-01  7.942733e-01 -7.422296e-01
-1.103100e+00 -2.542668e-01  1.120328e+00 -2.619521e-01
-1.039453e+00 -2.431345e-01  2.269050e-01 -5.997747e-01
-1.186834e+00 -2.390249e-01  2.126567e-01 -2.028835e-01
-1.496032e+00 -2.921548e-01  6.589484e-01 -2.612007e-01
-1.031571e+00 -2.336188e-01  6.408473e-01 -2.232592e-01
-2.323978e-01 -6.434817e-01  8.212422e-01 -1.197287e+00
-2.029238e-01 -7.423782e-01  2.598053e-01 -1.210176e+00
-2.455923e-01 -5.178877e-01  1.360086e+00 -8.376166e-01
-2.554174e-01 -2.524943e-01  1.530160e+00 -2.927054e-01
-2.114938e-01 -6.809956e-01  2.076249e-01 -6.675739e-01
-1.915003e-01 -6.209775e-01  2.272264e-01 -2.212645e-01
-2.027675e-01 -5.759010e-01  6.276649e-01 -6.953499e-01
-1.997907e-01 -6.109842e-01  6.851686e-01 -2.233676e-01
-2.325100e-01 -2.077778e-01  7.815953e-01 -1.166773e+00
-1.980625e-01 -2.141883e-01  2.463761e-01 -1.107681e+00
-2.146246e-01 -2.053271e-01  1.064028e+00 -7.248479e-01
-2.028722e-01 -2.331350e-01  1.070882e+00 -2.347369e-01
-1.995272e-01 -2.235667e-01  2.031262e-01 -6.137497e-01
-2.234261e-01 -2.048293e-01  2.052079e-01 -2.008280e-01
-2.116845e-01 -1.902032e-01  6.279260e-01 -6.431439e-01
-2.015059e-01 -2.039455e-01  6.267478e-01 -2.129501e-01
-7.508174e-01 -1.955218e-01  2.445063e-01 -1.058058e+00
-5.615830e-01 -5.379668e-01  2.313422e-01 -1.138542e+00
-5.471413e-01 -5.969139e-01  1.023658e+00 -6.748611e-01
-6.342684e-01 -5.732997e-01  9.932826e-01 -2.176163e-01
-6.567052e-01 -6.871170e-01  1.949683e-01 -6.253873e-01
-5.856997e-01 -6.189660e-01  1.977009e-01 -2.077428e-01
-6.642637e-01 -5.980051e-01  5.953177e-01 -6.610438e-01
-6.228756e-01 -6.574973e-01  5.943487e-01 -2.176090e-01
-7.112174e-01 -2.400170e-01  7.623627e-01 -1.162007e+00
-2.396403e-01 -2.634357e-01  2.887386e-01 -1.550914e+00
-7.029249e-01 -2.105018e-01  1.153511e+00 -7.796776e-01
-6.316275e-01 -1.869500e-01  1.085368e+00 -2.466515e-01
-5.964645e-01 -2.196736e-01  2.090655e-01 -5.983430e-01
-6.913877e-01 -2.070416e-01  2.052841e-01 -1.972008e-01
-6.402864e-01 -1.928056e-01  6.564386e-01 -6.413411e-01
-6.069715e-01 -2.094820e-01  6.190742e-01 -2.100757e-01
-6.540899e-01 -8.664221e-01 -7.498539e-01  1.204404e+00
-5.314654e-01 -1.074961e+00 -2.213504e-01  1.071811e+00
-2.121621e-01 -8.111432e-01 -1.260363e+00  2.630250e-01
-6.617461e-01 -1.071959e+00 -1.116886e+00  2.472902e-01
-9.273183e-01 -1.227954e+00 -2.251532e-01  6.163303e-01
-7.230030e-01 -1.124610e+00 -2.120066e-01  2.178860e-01
-7.321987e-01 -1.126328e+00 -6.668147e-01  6.619681e-01
-8.065914e-01 -1.204727e+00 -6.405191e-01  2.171133e-01
-2.404704e-01 -1.215957e+00 -6.803541e-01  1.075316e+00
-2.446448e-01 -1.300844e+00 -2.223747e-01  7.318135e-01
-2.483063e-01 -1.076152e+00 -1.127120e+00  7.173017e-01
-2.690465e-01 -1.423244e+00 -9.213615e-01  2.739578e-01
-3.077092e-01 -1.583915e+00 -2.679197e-01  2.537819e-01
-2.328671e-01 -1.122069e+00 -2.011330e-01  2.522606e-01
-2.323798e-01 -1.032285e+00 -6.862234e-01  5.844411e-01
-2.479711e-01 -1.111085e+00 -6.173835e-01  1.950624e-01
-1.193338e+00 -2.648061e-01 -2.892008e-01  1.117624e+00
-9.855917e-01 -7.471501e-01 -2.423283e-01  1.118869e+00
-1.016891e+00 -6.994058e-01 -1.041960e+00  7.121140e-01
-7.557853e-01 -5.680383e-01 -1.448691e+00  2.813554e-01
-1.405856e+00 -8.648989e-01 -2.516589e-01  2.719156e-01
-1.007622e+00 -6.915166e-01 -2.178888e-01  2.159202e-01
-1.137755e+00 -7.519259e-01 -5.363032e-01  6.280245e-01
-1.068662e+00 -7.404461e-01 -7.180185e-01  2.128407e-01
-1.485248e+00 -2.861378e-01 -2.434090e-01  6.704195e-01
-7.225878e-01 -2.862582e-01 -3.086182e-01  1.597337e+00
-1.160627e+00 -2.375863e-01 -7.942733e-01  7.422296e-01
-1.103100e+00 -2.542668e-01 -1.120328e+00  2.619521e-01
-1.039453e+00 -2.431345e-01 -2.269050e-01  5.997747e-01
-1.186834e+00 -2.390249e-01 -2.126567e-01  2.028835e-01
-1.496032e+00 -2.921548e-01 -6.589484e-01  2.612007e-01
-1.031571e+00 -2.336188e-01 -6.408473e-01  2.232592e-01
-2.323978e-01 -6.434817e-01 -8.212422e-01  1.197287e+00
-2.029238e-01 -7.423782e-01 -2.598053e-01  1.210176e+00
-2.455923e-01 -5.178877e-01 -1.360086e+00  8.376166e-01
-2.554174e-01 -2.524943e-01 -1.530160e+00  2.927054e-01
-2.114938e-01 -6.809956e-01 -2.076249e-01  6.675739e-01
-1.915003e-01 -6.209775e-01 -2.272264e-01  2.212645e-01
-2.027675e-01 -5.759010e-01 -6.276649e-01  6.953499e-01
-1.997907e-01 -6.109842e-01 -6.851686e-01  2.233676e-01
-2.325100e-01 -2.077778e-01 -7.815953e-01  1.166773e+00
-1.980625e-01 -2.141883e-01 -2.463761e-01  1.107681e+00
-2.146246e-01 -2.053271e-01 -1.064028e+00  7.248479e-01
-2.028722e-01 -2.331350e-01 -1.070882e+00  2.347369e-01
-1.995272e-01 -2.235667e-01 -2.031262e-01  6.137497e-01
-2.234261e-01 -2.048293e-01 -2.052079e-01  2.008280e-01
-2.116845e-01 -1.902032e-01 -6.279260e-01  6.431439e-01
-2.015059e-01 -2.039455e-01 -6.267478e-01  2.129501e-01
-7.508174e-01 -1.955218e-01 -2.445063e-01  1.058058e+00
-5.615830e-01 -5.379668e-01 -2.313422e-01  1.138542e+00
-5.471413e-01 -5.969139e-01 -1.023658e+00  6.748611e-01
-6.342684e-01 -5.732997e-01 -9.932826e-01  2.176163e-01
-6.567052e-01 -6.871170e-01 -1.949683e-01  6.253873e-01
-5.856997e-01 -6.189660e-01 -1.977009e-01  2.077428e-01
-6.642637e-01 -5.980051e-01 -5.953177e-01  6.610438e-01
-6.228756e-01 -6.574973e-01 -5.943487e-01  2.176090e-01
-7.112174e-01 -2.400170e-01 -7.623627e-01  1.162007e+00
-2.396403e-01 -2.634357e-01 -2.887386e-01  1.550914e+00
-7.029249e-01 -2.105018e-01 -1.153511e+00  7.796776e-01
-6.316275e-01 -1.869500e-01 -1.085368e+00  2.466515e-01
-5.964645e-01 -2.196736e-01 -2.090655e-01  5.983430e-01
-6.913877e-01 -2.070416e-01 -2.052841e-01  1.972008e-01
-6.402864e-01 -1.928056e-01 -6.564386e-01  6.413411e-01
-6.069715e-01 -2.094820e-01 -6.190742e-01  2.100757e-01
-6.540899e-01 -8.664221e-01 -7.498539e-01 -1.204404e+00
-5.314654e-01 -1.074961e+00 -2.213504e-01 -1.071811e+00
-2.121621e-01 -8.111432e-01 -1.260363e+00 -2.630250e-01
-6.617461e-01 -1.071959e+00 -1.116886e+00 -2.472902e-01
-9.273183e-01 -1.227954e+00 -2.251532e-01 -6.163303e-01
-7.230030e-01 -1.124610e+00 -2.120066e-01 -2.178860e-01
-7.321987e-01 -1.126328e+00 -6.668147e-01 -6.619681e-01
-8.065914e-01 -1.204727e+00 -6.405191e-01 -2.171133e-01
-2.404704e-01 -1.215957e+00 -6.803541e-01 -1.075316e+00
-2.446448e-01 -1.300844e+00 -2.223747e-01 -7.318135e-01
-2.483063e-01 -1.076152e+00 -1.127120e+00 -7.173017e-01
-2.690465e-01 -1.423244e+00 -9.213615e-01 -2.739578e-01
-3.077092e-01 -1.583915e+00 -2.679197e-01 -2.537819e-01
-2.328671e-01 -1.122069e+00 -2.011330e-01 -2.522606e-01
-2.323798e-01 -1.032285e+00 -6.862234e-01 -5.844411e-01
-2.479711e-01 -1.111085e+00 -6.173835e-01 -1.950624e-01
-1.193338e+00 -2.648061e-01 -2.892008e-01 -1.117624e+00
-9.855917e-01 -7.471501e-01 -2.423283e-01 -1.118869e+00
-1.016891e+00 -6.994058e-01 -1.041960e+00 -7.121140e-01
-7.557853e-01 -5.680383e-01 -1.448691e+00 -2.813554e-01
-1.405856e+00 -8.648989e-01 -2.516589e-01 -2.719156e-01
-1.007622e+00 -6.915166e-01 -2.178888e-01 -2.159202e-01
-1.137755e+00 -7.519259e-01 -5.363032e-01 -6.280245e-01
-1.068662e+00 -7.404461e-01 -7.180185e-01 -2.128407e-01
-1.485248e+00 -2.861378e-01 -2.434090e-01 -6.704195e-01
-7.225878e-01 -2.862582e-01 -3.086182e-01 -1.597337e+00
-1.160627e+00 -2.375863e-01 -7.942733e-01 -7.422296e-01
-1.103100e+00 -2.542668e-01 -1.120328e+00 -2.619521e-01
-1.039453e+00 -2.431345e-01 -2.269050e-01 -5.997747e-01
-1.186834e+00 -2.390249e-01 -2.126567e-01 -2.028835e-01
-1.496032e+00 -2.921548e-01 -6.589484e-01 -2.612007e-01
-1.031571e+00 -2.336188e-01 -6.408473e-01 -2.232592e-01
-2.323978e-01 -6.434817e-01 -8.212422e-01 -1.197287e+00
-2.029238e-01 -7.423782e-01 -2.598053e-01 -1.210176e+00
-2.455923e-01 -5.178877e-01 -1.360086e+00 -8.376166e-01
-2.554174e-01 -2.524943e-01 -1.530160e+00 -2.927054e-01
-2.114938e-01 -6.809956e-01 -2.076249e-01 -6.675739e-01
-1.915003e-01 -6.209775e-01 -2.272264e-01 -2.212645e-01
-2.027675e-01 -5.759010e-01 -6.276649e-01 -6.953499e-01
-1.997907e-01 -6.109842e-01 -6.851686e-01 -2.233676e-01
-2.325100e-01 -2.077778e-01 -7.815953e-01 -1.166773e+00
-1.980625e-01 -2.141883e-01 -2.463761e-01 -1.107681e+00
-2.146246e-01 -2.053271e-01 -1.064028e+00 -7.248479e-01
-2.028722e-01 -2.331350e-01 -1.070882e+00 -2.347369e-01
-1.995272e-01 -2.235667e-01 -2.031262e-01 -6.137497e-01
-2.234261e-01 -2.048293e-01 -2.052079e-01 -2.008280e-01
-2.116845e-01 -1.902032e-01 -6.279260e-01 -6.431439e-01
-2.015059e-01 -2.039455e-01 -6.267478e-01 -2.129501e-01
-7.508174e-01 -1.955218e-01 -2.445063e-01 -1.058058e+00
-5.615830e-01 -5.379668e-01 -2.313422e-01 -1.138542e+00
-5.471413e-01 -5.969139e-01 -1.023658e+00 -6.748611e-01
-6.342684e-01 -5.732997e-01 -9.932826e-01 -2.176163e-01
-6.567052e-01 -6.871170e-01 -1.949683e-01 -6.253873e-01
-5.856997e-01 -6.189660e-01 -1.977009e-01 -2.077428e-01
-6.642637e-01 -5.980051e-01 -5.953177e-01 -6.610438e-01
-6.228756e-01 -6.574973e-01 -5.943487e-01 -2.176090e-01
-7.112174e-01 -2.400170e-01 -7.623627e-01 -1.162007e+00
-2.396403e-01 -2.634357e-01 -2.887386e-01 -1.550914e+00
-7.029249e-01 -2.105018e-01 -1.153511e+00 -7.796776e-01
-6.316275e-01 -1.869500e-01 -1.085368e+00 -2.466515e-01
-5.964645e-01 -2.196736e-01 -2.090655e-01 -5.983430e-01
-6.913877e-01 -2.070416e-01 -2.052841e-01 -1.972008e-01
-6.402864e-01 -1.928056e-01 -6.564386e-01 -6.413411e-01
-6.069715e-01 -2.094820e-01 -6.190742e-01 -2.100757e-01
