 2.617599e-01  9.970083e-01  2.643186e-01  9.446848e-01
 2.233888e-01  8.416876e-01  3.446522e-01  1.426461e+00
 2.644387e-01  1.002974e+00  8.636836e-01  8.389576e-01
 2.733423e-01  1.055306e+00  1.214296e+00  3.246142e-01
 3.029049e-01  9.585572e-01  1.954582e-01  4.771994e-01
 1.194677e+00  1.284470e+00  2.614371e-01  2.737678e-01
 2.697664e-01  9.718309e-01  5.605131e-01  3.782547e-01
 3.005535e-01  9.626128e-01  7.585285e-01  1.709081e-01
 3.234595e-01  1.405230e+00  2.319063e-01  8.992479e-01
 2.516020e-01  2.983997e-01  3.948740e-01  1.715185e+00
 3.043525e-01  1.395428e+00  6.956064e-01  7.854015e-01
 3.571910e-01  1.492909e+00  9.676859e-01  3.222762e-01
 2.948739e-01  1.260672e+00  1.581810e-01  3.435048e-01
 5.151459e-01  1.615253e+00  2.206900e-01  2.435758e-01
 2.530829e-01  1.247193e+00  4.273519e-01  2.829024e-01
 3.825674e-01  1.380873e+00  5.970266e-01  1.762100e-01
 8.862348e-01  8.633201e-01  2.686491e-01  9.999655e-01
 6.797631e-01  7.482543e-01  3.086588e-01  1.395818e+00
 8.493090e-01  8.522408e-01  8.596678e-01  8.623477e-01
 8.827259e-01  8.847043e-01  1.208434e+00  3.187410e-01
 9.283545e-01  8.213335e-01  2.299657e-01  5.766172e-01
 1.051670e+00  8.319516e-01  2.219576e-01  2.008547e-01
 9.115970e-01  8.124940e-01  6.292167e-01  5.099667e-01
 9.730420e-01  8.379262e-01  7.182338e-01  1.953194e-01
 1.218298e+00  3.140389e-01  2.852787e-01  1.091153e+00
 8.241928e-01  2.730361e-01  3.780120e-01  1.526378e+00
 1.162473e+00  3.061773e-01  9.062716e-01  9.195318e-01
 1.205904e+00  3.045330e-01  1.249159e+00  3.167069e-01
 1.360661e+00  3.292824e-01  2.302258e-01  6.296004e-01
 1.442919e+00  3.373607e-01  2.227007e-01  2.024856e-01
 1.324349e+00  3.217096e-01  6.481941e-01  5.609356e-01
 1.356665e+00  3.288061e-01  7.255731e-01  2.046212e-01
 2.066646e-01  6.014869e-01  2.835121e-01  8.770086e-01
 1.747347e-01  4.431705e-01  2.770704e-01  1.145049e+00
 2.246840e-01  6.072327e-01  9.097012e-01  7.776566e-01
 2.245451e-01  6.279967e-01  1.328173e+00  3.183210e-01
 2.396683e-01  5.598805e-01  2.332761e-01  4.972058e-01
 2.623900e-01  5.012121e-01  2.112913e-01  1.571746e-01
 2.331602e-01  5.727850e-01  6.615922e-01  4.450531e-01
 2.473925e-01  5.624129e-01  7.718132e-01  1.710416e-01
 2.526052e-01  2.677513e-01  1.202983e+00  1.235750e+00
 1.839593e-01  1.721228e-01  4.352680e-01  1.281957e+00
 2.211621e-01  2.111698e-01  1.037617e+00  8.059572e-01
 2.167693e-01  2.055007e-01  1.428725e+00  3.363316e-01
 2.145199e-01  1.466996e-01  2.564319e-01  5.103446e-01
 2.493632e-01  1.616027e-01  2.375858e-01  1.763698e-01
 2.104809e-01  1.614226e-01  7.236446e-01  4.807954e-01
 2.262391e-01  1.729944e-01  8.307675e-01  1.753554e-01
 6.099592e-01  4.867473e-01  2.648998e-01  9.046803e-01
 4.874297e-01  4.028226e-01  2.456252e-01  1.137631e+00
 6.174356e-01  5.347801e-01  8.851272e-01  7.825441e-01
 6.275361e-01  5.547954e-01  1.296846e+00  3.064362e-01
 6.859627e-01  5.007080e-01  2.362505e-01  5.350848e-01
 7.424244e-01  4.932661e-01  2.120521e-01  1.635991e-01
 6.661191e-01  5.101443e-01  6.595268e-01  4.749525e-01
 6.965571e-01  5.014372e-01  7.363822e-01  1.764989e-01
 7.715155e-01  1.778956e-01  2.870500e-01  9.205147e-01
 5.564284e-01  1.661768e-01  3.097273e-01  1.208568e+00
 7.003507e-01  1.995379e-01  9.534126e-01  8.142028e-01
 6.997252e-01  2.035775e-01  1.353977e+00  3.317616e-01
 7.946502e-01  1.723487e-01  2.472518e-01  5.489097e-01
 8.582532e-01  1.736165e-01  2.261525e-01  1.786424e-01
 7.391377e-01  1.749995e-01  6.932414e-01  4.885888e-01
 7.791821e-01  1.768316e-01  7.691852e-01  1.790319e-01
 2.617599e-01  9.970083e-01  2.643186e-01 -9.446848e-01
 2.233888e-01  8.416876e-01  3.446522e-01 -1.426461e+00
 2.644387e-01  1.002974e+00  8.636836e-01 -8.389576e-01
 2.733423e-01  1.055306e+00  1.214296e+00 -3.246142e-01
 3.029049e-01  9.585572e-01  1.954582e-01 -4.771994e-01
 1.194677e+00  1.284470e+00  2.614371e-01 -2.737678e-01
 2.697664e-01  9.718309e-01  5.605131e-01 -3.782547e-01
 3.005535e-01  9.626128e-01  7.585285e-01 -1.709081e-01
 3.234595e-01  1.405230e+00  2.319063e-01 -8.992479e-01
 2.516020e-01  2.983997e-01  3.948740e-01 -1.715185e+00
 3.043525e-01  1.395428e+00  6.956064e-01 -7.854015e-01
 3.571910e-01  1.492909e+00  9.676859e-01 -3.222762e-01
 2.948739e-01  1.260672e+00  1.581810e-01 -3.435048e-01
 5.151459e-01  1.615253e+00  2.206900e-01 -2.435758e-01
 2.530829e-01  1.247193e+00  4.273519e-01 -2.829024e-01
 3.825674e-01  1.380873e+00  5.970266e-01 -1.762100e-01
 8.862348e-01  8.633201e-01  2.686491e-01 -9.999655e-01
 6.797631e-01  7.482543e-01  3.086588e-01 -1.395818e+00
 8.493090e-01  8.522408e-01  8.596678e-01 -8.623477e-01
 8.827259e-01  8.847043e-01  1.208434e+00 -3.187410e-01
 9.283545e-01  8.213335e-01  2.299657e-01 -5.766172e-01
 1.051670e+00  8.319516e-01  2.219576e-01 -2.008547e-01
 9.115970e-01  8.124940e-01  6.292167e-01 -5.099667e-01
 9.730420e-01  8.379262e-01  7.182338e-01 -1.953194e-01
 1.218298e+00  3.140389e-01  2.852787e-01 -1.091153e+00
 8.241928e-01  2.730361e-01  3.780120e-01 -1.526378e+00
 1.162473e+00  3.061773e-01  9.062716e-01 -9.195318e-01
 1.205904e+00  3.045330e-01  1.249159e+00 -3.167069e-01
 1.360661e+00  3.292824e-01  2.302258e-01 -6.296004e-01
 1.442919e+00  3.373607e-01  2.227007e-01 -2.024856e-01
 1.324349e+00  3.217096e-01  6.481941e-01 -5.609356e-01
 1.356665e+00  3.288061e-01  7.255731e-01 -2.046212e-01
 2.066646e-01  6.014869e-01  2.835121e-01 -8.770086e-01
 1.747347e-01  4.431705e-01  2.770704e-01 -1.145049e+00
 2.246840e-01  6.072327e-01  9.097012e-01 -7.776566e-01
 2.245451e-01  6.279967e-01  1.328173e+00 -3.183210e-01
 2.396683e-01  5.598805e-01  2.332761e-01 -4.972058e-01
 2.623900e-01  5.012121e-01  2.112913e-01 -1.571746e-01
 2.331602e-01  5.727850e-01  6.615922e-01 -4.450531e-01
 2.473925e-01  5.624129e-01  7.718132e-01 -1.710416e-01
 2.526052e-01  2.677513e-01  1.202983e+00 -1.235750e+00
 1.839593e-01  1.721228e-01  4.352680e-01 -1.281957e+00
 2.211621e-01  2.111698e-01  1.037617e+00 -8.059572e-01
 2.167693e-01  2.055007e-01  1.428725e+00 -3.363316e-01
 2.145199e-01  1.466996e-01  2.564319e-01 -5.103446e-01
 2.493632e-01  1.616027e-01  2.375858e-01 -1.763698e-01
 2.104809e-01  1.614226e-01  7.236446e-01 -4.807954e-01
 2.262391e-01  1.729944e-01  8.307675e-01 -1.753554e-01
 6.099592e-01  4.867473e-01  2.648998e-01 -9.046803e-01
 4.874297e-01  4.028226e-01  2.456252e-01 -1.137631e+00
 6.174356e-01  5.347801e-01  8.851272e-01 -7.825441e-01
 6.275361e-01  5.547954e-01  1.296846e+00 -3.064362e-01
 6.859627e-01  5.007080e-01  2.362505e-01 -5.350848e-01
 7.424244e-01  4.932661e-01  2.120521e-01 -1.635991e-01
 6.661191e-01  5.101443e-01  6.595268e-01 -4.749525e-01
 6.965571e-01  5.014372e-01  7.363822e-01 -1.764989e-01
 7.715155e-01  1.778956e-01  2.870500e-01 -9.205147e-01
 5.564284e-01  1.661768e-01  3.097273e-01 -1.208568e+00
 7.003507e-01  1.995379e-01  9.534126e-01 -8.142028e-01
 6.997252e-01  2.035775e-01  1.353977e+00 -3.317616e-01
 7.946502e-01  1.723487e-01  2.472518e-01 -5.489097e-01
 8.582532e-01  1.736165e-01  2.261525e-01 -1.786424e-01
 7.391377e-01  1.749995e-01  6.932414e-01 -4.885888e-01
 7.791821e-01  1.768316e-01  7.691852e-01 -1.790319e-01
 2.617599e-01  9.970083e-01 -2.643186e-01  9.446848e-01
 2.233888e-01  8.416876e-01 -3.446522e-01  1.426461e+00
 2.644387e-01  1.002974e+00 -8.636836e-01  8.389576e-01
 2.733423e-01  1.055306e+00 -1.214296e+00  3.246142e-01
 3.029049e-01  9.585572e-01 -1.954582e-01  4.771994e-01
 1.194677e+00  1.284470e+00 -2.614371e-01  2.737678e-01
 2.697664e-01  9.718309e-01 -5.605131e-01  3.782547e-01
 3.005535e-01  9.626128e-01 -7.585285e-01  1.709081e-01
 3.234595e-01  1.405230e+00 -2.319063e-01  8.992479e-01
 2.516020e-01  2.983997e-01 -3.948740e-01  1.715185e+00
 3.043525e-01  1.395428e+00 -6.956064e-01  7.854015e-01
 3.571910e-01  1.492909e+00 -9.676859e-01  3.222762e-01
 2.948739e-01  1.260672e+00 -1.581810e-01  3.435048e-01
 5.151459e-01  1.615253e+00 -2.206900e-01  2.435758e-01
 2.530829e-01  1.247193e+00 -4.273519e-01  2.829024e-01
 3.825674e-01  1.380873e+00 -5.970266e-01  1.762100e-01
 8.862348e-01  8.633201e-01 -2.686491e-01  9.999655e-01
 6.797631e-01  7.482543e-01 -3.086588e-01  1.395818e+00
 8.493090e-01  8.522408e-01 -8.596678e-01  8.623477e-01
 8.827259e-01  8.847043e-01 -1.208434e+00  3.187410e-01
 9.283545e-01  8.213335e-01 -2.299657e-01  5.766172e-01
 1.051670e+00  8.319516e-01 -2.219576e-01  2.008547e-01
 9.115970e-01  8.124940e-01 -6.292167e-01  5.099667e-01
 9.730420e-01  8.379262e-01 -7.182338e-01  1.953194e-01
 1.218298e+00  3.140389e-01 -2.852787e-01  1.091153e+00
 8.241928e-01  2.730361e-01 -3.780120e-01  1.526378e+00
 1.162473e+00  3.061773e-01 -9.062716e-01  9.195318e-01
 1.205904e+00  3.045330e-01 -1.249159e+00  3.167069e-01
 1.360661e+00  3.292824e-01 -2.302258e-01  6.296004e-01
 1.442919e+00  3.373607e-01 -2.227007e-01  2.024856e-01
 1.324349e+00  3.217096e-01 -6.481941e-01  5.609356e-01
 1.356665e+00  3.288061e-01 -7.255731e-01  2.046212e-01
 2.066646e-01  6.014869e-01 -2.835121e-01  8.770086e-01
 1.747347e-01  4.431705e-01 -2.770704e-01  1.145049e+00
 2.246840e-01  6.072327e-01 -9.097012e-01  7.776566e-01
 2.245451e-01  6.279967e-01 -1.328173e+00  3.183210e-01
 2.396683e-01  5.598805e-01 -2.332761e-01  4.972058e-01
 2.623900e-01  5.012121e-01 -2.112913e-01  1.571746e-01
 2.331602e-01  5.727850e-01 -6.615922e-01  4.450531e-01
 2.473925e-01  5.624129e-01 -7.718132e-01  1.710416e-01
 2.526052e-01  2.677513e-01 -1.202983e+00  1.235750e+00
 1.839593e-01  1.721228e-01 -4.352680e-01  1.281957e+00
 2.211621e-01  2.111698e-01 -1.037617e+00  8.059572e-01
 2.167693e-01  2.055007e-01 -1.428725e+00  3.363316e-01
 2.145199e-01  1.466996e-01 -2.564319e-01  5.103446e-01
 2.493632e-01  1.616027e-01 -2.375858e-01  1.763698e-01
 2.104809e-01  1.614226e-01 -7.236446e-01  4.807954e-01
 2.262391e-01  1.729944e-01 -8.307675e-01  1.753554e-01
 6.099592e-01  4.867473e-01 -2.648998e-01  9.046803e-01
 4.874297e-01  4.028226e-01 -2.456252e-01  1.137631e+00
 6.174356e-01  5.347801e-01 -8.851272e-01  7.825441e-01
 6.275361e-01  5.547954e-01 -1.296846e+00  3.064362e-01
 6.859627e-01  5.007080e-01 -2.362505e-01  5.350848e-01
 7.424244e-01  4.932661e-01 -2.120521e-01  1.635991e-01
 6.661191e-01  5.101443e-01 -6.595268e-01  4.749525e-01
 6.965571e-01  5.014372e-01 -7.363822e-01  1.764989e-01
 7.715155e-01  1.778956e-01 -2.870500e-01  9.205147e-01
 5.564284e-01  1.661768e-01 -3.097273e-01  1.208568e+00
 7.003507e-01  1.995379e-01 -9.534126e-01  8.142028e-01
 6.997252e-01  2.035775e-01 -1.353977e+00  3.317616e-01
 7.946502e-01  1.723487e-01 -2.472518e-01  5.489097e-01
 8.582532e-01  1.736165e-01 -2.261525e-01  1.786424e-01
 7.391377e-01  1.749995e-01 -6.932414e-01  4.885888e-01
 7.791821e-01  1.768316e-01 -7.691852e-01  1.790319e-01
 2.617599e-01  9.970083e-01 -2.643186e-01 -9.446848e-01
 2.233888e-01  8.416876e-01 -3.446522e-01 -1.426461e+00
 2.644387e-01  1.002974e+00 -8.636836e-01 -8.389576e-01
 2.733423e-01  1.055306e+00 -1.214296e+00 -3.246142e-01
 3.029049e-01  9.585572e-01 -1.954582e-01 -4.771994e-01
 1.194677e+00  1.284470e+00 -2.614371e-01 -2.737678e-01
 2.697664e-01  9.718309e-01 -5.605131e-01 -3.782547e-01
 3.005535e-01  9.626128e-01 -7.585285e-01 -1.709081e-01
 3.234595e-01  1.405230e+00 -2.319063e-01 -8.992479e-01
 2.516020e-01  2.983997e-01 -3.948740e-01 -1.715185e+00
 3.043525e-01  1.395428e+00 -6.956064e-01 -7.854015e-01
 3.571910e-01  1.492909e+00 -9.676859e-01 -3.222762e-01
 2.948739e-01  1.260672e+00 -1.581810e-01 -3.435048e-01
 5.151459e-01  1.615253e+00 -2.206900e-01 -2.435758e-01
 2.530829e-01  1.247193e+00 -4.273519e-01 -2.829024e-01
 3.825674e-01  1.380873e+00 -5.970266e-01 -1.762100e-01
 8.862348e-01  8.633201e-01 -2.686491e-01 -9.999655e-01
 6.797631e-01  7.482543e-01 -3.086588e-01 -1.395818e+00
 8.493090e-01  8.522408e-01 -8.596678e-01 -8.623477e-01
 8.827259e-01  8.847043e-01 -1.208434e+00 -3.187410e-01
 9.283545e-01  8.213335e-01 -2.299657e-01 -5.766172e-01
 1.051670e+00  8.319516e-01 -2.219576e-01 -2.008547e-01
 9.115970e-01  8.124940e-01 -6.292167e-01 -5.099667e-01
 9.730420e-01  8.379262e-01 -7.182338e-01 -1.953194e-01
 1.218298e+00  3.140389e-01 -2.852787e-01 -1.091153e+00
 8.241928e-01  2.730361e-01 -3.780120e-01 -1.526378e+00
 1.162473e+00  3.061773e-01 -9.062716e-01 -9.195318e-01
 1.205904e+00  3.045330e-01 -1.249159e+00 -3.167069e-01
 1.360661e+00  3.292824e-01 -2.302258e-01 -6.296004e-01
 1.442919e+00  3.373607e-01 -2.227007e-01 -2.024856e-01
 1.324349e+00  3.217096e-01 -6.481941e-01 -5.609356e-01
 1.356665e+00  3.288061e-01 -7.255731e-01 -2.046212e-01
 2.066646e-01  6.014869e-01 -2.835121e-01 -8.770086e-01
 1.747347e-01  4.431705e-01 -2.770704e-01 -1.145049e+00
 2.246840e-01  6.072327e-01 -9.097012e-01 -7.776566e-01
 2.245451e-01  6.279967e-01 -1.328173e+00 -3.183210e-01
 2.396683e-01  5.598805e-01 -2.332761e-01 -4.972058e-01
 2.623900e-01  5.012121e-01 -2.112913e-01 -1.571746e-01
 2.331602e-01  5.727850e-01 -6.615922e-01 -4.450531e-01
 2.473925e-01  5.624129e-01 -7.718132e-01 -1.710416e-01
 2.526052e-01  2.677513e-01 -1.202983e+00 -1.235750e+00
 1.839593e-01  1.721228e-01 -4.352680e-01 -1.281957e+00
 2.211621e-01  2.111698e-01 -1.037617e+00 -8.059572e-01
 2.167693e-01  2.055007e-01 -1.428725e+00 -3.363316e-01
 2.145199e-01  1.466996e-01 -2.564319e-01 -5.103446e-01
 2.493632e-01  1.616027e-01 -2.375858e-01 -1.763698e-01
 2.104809e-01  1.614226e-01 -7.236446e-01 -4.807954e-01
 2.262391e-01  1.729944e-01 -8.307675e-01 -1.753554e-01
 6.099592e-01  4.867473e-01 -2.648998e-01 -9.046803e-01
 4.874297e-01  4.028226e-01 -2.456252e-01 -1.137631e+00
 6.174356e-01  5.347801e-01 -8.851272e-01 -7.825441e-01
 6.275361e-01  5.547954e-01 -1.296846e+00 -3.064362e-01
 6.859627e-01  5.007080e-01 -2.362505e-01 -5.350848e-01
 7.424244e-01  4.932661e-01 -2.120521e-01 -1.635991e-01
 6.661191e-01  5.101443e-01 -6.595268e-01 -4.749525e-01
 6.965571e-01  5.014372e-01 -7.363822e-01 -1.764989e-01
 7.715155e-01  1.778956e-01 -2.870500e-01 -9.205147e-01
 5.564284e-01  1.661768e-01 -3.097273e-01 -1.208568e+00
 7.003507e-01  1.995379e-01 -9.534126e-01 -8.142028e-01
 6.997252e-01  2.035775e-01 -1.353977e+00 -3.317616e-01
 7.946502e-01  1.723487e-01 -2.472518e-01 -5.489097e-01
 8.582532e-01  1.736165e-01 -2.261525e-01 -1.786424e-01
 7.391377e-01  1.749995e-01 -6.932414e-01 -4.885888e-01
 7.791821e-01  1.768316e-01 -7.691852e-01 -1.790319e-01
 2.617599e-01 -9.970083e-01  2.643186e-01  9.446848e-01
 2.233888e-01 -8.416876e-01  3.446522e-01  1.426461e+00
 2.644387e-01 -1.002974e+00  8.636836e-01  8.389576e-01
 2.733423e-01 -1.055306e+00  1.214296e+00  3.246142e-01
 3.029049e-01 -9.585572e-01  1.954582e-01  4.771994e-01
 1.194677e+00 -1.284470e+00  2.614371e-01  2.737678e-01
 2.697664e-01 -9.718309e-01  5.605131e-01  3.782547e-01
 3.005535e-01 -9.626128e-01  7.585285e-01  1.709081e-01
 3.234595e-01 -1.405230e+00  2.319063e-01  8.992479e-01
 2.516020e-01 -2.983997e-01  3.948740e-01  1.715185e+00
 3.043525e-01 -1.395428e+00  6.956064e-01  7.854015e-01
 3.571910e-01 -1.492909e+00  9.676859e-01  3.222762e-01
 2.948739e-01 -1.260672e+00  1.581810e-01  3.435048e-01
 5.151459e-01 -1.615253e+00  2.206900e-01  2.435758e-01
 2.530829e-01 -1.247193e+00  4.273519e-01  2.829024e-01
 3.825674e-01 -1.380873e+00  5.970266e-01  1.762100e-01
 8.862348e-01 -8.633201e-01  2.686491e-01  9.999655e-01
 6.797631e-01 -7.482543e-01  3.086588e-01  1.395818e+00
 8.493090e-01 -8.522408e-01  8.596678e-01  8.623477e-01
 8.827259e-01 -8.847043e-01  1.208434e+00  3.187410e-01
 9.283545e-01 -8.213335e-01  2.299657e-01  5.766172e-01
 1.051670e+00 -8.319516e-01  2.219576e-01  2.008547e-01
 9.115970e-01 -8.124940e-01  6.292167e-01  5.099667e-01
 9.730420e-01 -8.379262e-01  7.182338e-01  1.953194e-01
 1.218298e+00 -3.140389e-01  2.852787e-01  1.091153e+00
 8.241928e-01 -2.730361e-01  3.780120e-01  1.526378e+00
 1.162473e+00 -3.061773e-01  9.062716e-01  9.195318e-01
 1.205904e+00 -3.045330e-01  1.249159e+00  3.167069e-01
 1.360661e+00 -3.292824e-01  2.302258e-01  6.296004e-01
 1.442919e+00 -3.373607e-01  2.227007e-01  2.024856e-01
 1.324349e+00 -3.217096e-01  6.481941e-01  5.609356e-01
 1.356665e+00 -3.288061e-01  7.255731e-01  2.046212e-01
 2.066646e-01 -6.014869e-01  2.835121e-01  8.770086e-01
 1.747347e-01 -4.431705e-01  2.770704e-01  1.145049e+00
 2.246840e-01 -6.072327e-01  9.097012e-01  7.776566e-01
 2.245451e-01 -6.279967e-01  1.328173e+00  3.183210e-01
 2.396683e-01 -5.598805e-01  2.332761e-01  4.972058e-01
 2.623900e-01 -5.012121e-01  2.112913e-01  1.571746e-01
 2.331602e-01 -5.727850e-01  6.615922e-01  4.450531e-01
 2.473925e-01 -5.624129e-01  7.718132e-01  1.710416e-01
 2.526052e-01 -2.677513e-01  1.202983e+00  1.235750e+00
 1.839593e-01 -1.721228e-01  4.352680e-01  1.281957e+00
 2.211621e-01 -2.111698e-01  1.037617e+00  8.059572e-01
 2.167693e-01 -2.055007e-01  1.428725e+00  3.363316e-01
 2.145199e-01 -1.466996e-01  2.564319e-01  5.103446e-01
 2.493632e-01 -1.616027e-01  2.375858e-01  1.763698e-01
 2.104809e-01 -1.614226e-01  7.236446e-01  4.807954e-01
 2.262391e-01 -1.729944e-01  8.307675e-01  1.753554e-01
 6.099592e-01 -4.867473e-01  2.648998e-01  9.046803e-01
 4.874297e-01 -4.028226e-01  2.456252e-01  1.137631e+00
 6.174356e-01 -5.347801e-01  8.851272e-01  7.825441e-01
 6.275361e-01 -5.547954e-01  1.296846e+00  3.064362e-01
 6.859627e-01 -5.007080e-01  2.362505e-01  5.350848e-01
 7.424244e-01 -4.932661e-01  2.120521e-01  1.635991e-01
 6.661191e-01 -5.101443e-01  6.595268e-01  4.749525e-01
 6.965571e-01 -5.014372e-01  7.363822e-01  1.764989e-01
 7.715155e-01 -1.778956e-01  2.870500e-01  9.205147e-01
 5.564284e-01 -1.661768e-01  3.097273e-01  1.208568e+00
 7.003507e-01 -1.995379e-01  9.534126e-01  8.142028e-01
 6.997252e-01 -2.035775e-01  1.353977e+00  3.317616e-01
 7.946502e-01 -1.723487e-01  2.472518e-01  5.489097e-01
 8.582532e-01 -1.736165e-01  2.261525e-01  1.786424e-01
 7.391377e-01 -1.749995e-01  6.932414e-01  4.885888e-01
 7.791821e-01 -1.768316e-01  7.691852e-01  1.790319e-01
 2.617599e-01 -9.970083e-01  2.643186e-01 -9.446848e-01
 2.233888e-01 -8.416876e-01  3.446522e-01 -1.426461e+00
 2.644387e-01 -1.002974e+00  8.636836e-01 -8.389576e-01
 2.733423e-01 -1.055306e+00  1.214296e+00 -3.246142e-01
 3.029049e-01 -9.585572e-01  1.954582e-01 -4.771994e-01
 1.194677e+00 -1.284470e+00  2.614371e-01 -2.737678e-01
 2.697664e-01 -9.718309e-01  5.605131e-01 -3.782547e-01
 3.005535e-01 -9.626128e-01  7.585285e-01 -1.709081e-01
 3.234595e-01 -1.405230e+00  2.319063e-01 -8.992479e-01
 2.516020e-01 -2.983997e-01  3.948740e-01 -1.715185e+00
 3.043525e-01 -1.395428e+00  6.956064e-01 -7.854015e-01
 3.571910e-01 -1.492909e+00  9.676859e-01 -3.222762e-01
 2.948739e-01 -1.260672e+00  1.581810e-01 -3.435048e-01
 5.151459e-01 -1.615253e+00  2.206900e-01 -2.435758e-01
 2.530829e-01 -1.247193e+00  4.273519e-01 -2.829024e-01
 3.825674e-01 -1.380873e+00  5.970266e-01 -1.762100e-01
 8.862348e-01 -8.633201e-01  2.686491e-01 -9.999655e-01
 6.797631e-01 -7.482543e-01  3.086588e-01 -1.395818e+00
 8.493090e-01 -8.522408e-01  8.596678e-01 -8.623477e-01
 8.827259e-01 -8.847043e-01  1.208434e+00 -3.187410e-01
 9.283545e-01 -8.213335e-01  2.299657e-01 -5.766172e-01
 1.051670e+00 -8.319516e-01  2.219576e-01 -2.008547e-01
 9.115970e-01 -8.124940e-01  6.292167e-01 -5.099667e-01
 9.730420e-01 -8.379262e-01  7.182338e-01 -1.953194e-01
 1.218298e+00 -3.140389e-01  2.852787e-01 -1.091153e+00
 8.241928e-01 -2.730361e-01  3.780120e-01 -1.526378e+00
 1.162473e+00 -3.061773e-01  9.062716e-01 -9.195318e-01
 1.205904e+00 -3.045330e-01  1.249159e+00 -3.167069e-01
 1.360661e+00 -3.292824e-01  2.302258e-01 -6.296004e-01
 1.442919e+00 -3.373607e-01  2.227007e-01 -2.024856e-01
 1.324349e+00 -3.217096e-01  6.481941e-01 -5.609356e-01
 1.356665e+00 -3.288061e-01  7.255731e-01 -2.046212e-01
 2.066646e-01 -6.014869e-01  2.835121e-01 -8.770086e-01
 1.747347e-01 -4.431705e-01  2.770704e-01 -1.145049e+00
 2.246840e-01 -6.072327e-01  9.097012e-01 -7.776566e-01
 2.245451e-01 -6.279967e-01  1.328173e+00 -3.183210e-01
 2.396683e-01 -5.598805e-01  2.332761e-01 -4.972058e-01
 2.623900e-01 -5.012121e-01  2.112913e-01 -1.571746e-01
 2.331602e-01 -5.727850e-01  6.615922e-01 -4.450531e-01
 2.473925e-01 -5.624129e-01  7.718132e-01 -1.710416e-01
 2.526052e-01 -2.677513e-01  1.202983e+00 -1.235750e+00
 1.839593e-01 -1.721228e-01  4.352680e-01 -1.281957e+00
 2.211621e-01 -2.111698e-01  1.037617e+00 -8.059572e-01
 2.167693e-01 -2.055007e-01  1.428725e+00 -3.363316e-01
 2.145199e-01 -1.466996e-01  2.564319e-01 -5.103446e-01
 2.493632e-01 -1.616027e-01  2.375858e-01 -1.763698e-01
 2.104809e-01 -1.614226e-01  7.236446e-01 -4.807954e-01
 2.262391e-01 -1.729944e-01  8.307675e-01 -1.753554e-01
 6.099592e-01 -4.867473e-01  2.648998e-01 -9.046803e-01
 4.874297e-01 -4.028226e-01  2.456252e-01 -1.137631e+00
 6.174356e-01 -5.347801e-01  8.851272e-01 -7.825441e-01
 6.275361e-01 -5.547954e-01  1.296846e+00 -3.064362e-01
 6.859627e-01 -5.007080e-01  2.362505e-01 -5.350848e-01
 7.424244e-01 -4.932661e-01  2.120521e-01 -1.635991e-01
 6.661191e-01 -5.101443e-01  6.595268e-01 -4.749525e-01
 6.965571e-01 -5.014372e-01  7.363822e-01 -1.764989e-01
 7.715155e-01 -1.778956e-01  2.870500e-01 -9.205147e-01
 5.564284e-01 -1.661768e-01  3.097273e-01 -1.208568e+00
 7.003507e-01 -1.995379e-01  9.534126e-01 -8.142028e-01
 6.997252e-01 -2.035775e-01  1.353977e+00 -3.317616e-01
 7.946502e-01 -1.723487e-01  2.472518e-01 -5.489097e-01
 8.582532e-01 -1.736165e-01  2.261525e-01 -1.786424e-01
 7.391377e-01 -1.749995e-01  6.932414e-01 -4.885888e-01
 7.791821e-01 -1.768316e-01  7.691852e-01 -1.790319e-01
 2.617599e-01 -9.970083e-01 -2.643186e-01  9.446848e-01
 2.233888e-01 -8.416876e-01 -3.446522e-01  1.426461e+00
 2.644387e-01 -1.002974e+00 -8.636836e-01  8.389576e-01
 2.733423e-01 -1.055306e+00 -1.214296e+00  3.246142e-01
 3.029049e-01 -9.585572e-01 -1.954582e-01  4.771994e-01
 1.194677e+00 -1.284470e+00 -2.614371e-01  2.737678e-01
 2.697664e-01 -9.718309e-01 -5.605131e-01  3.782547e-01
 3.005535e-01 -9.626128e-01 -7.585285e-01  1.709081e-01
 3.234595e-01 -1.405230e+00 -2.319063e-01  8.992479e-01
 2.516020e-01 -2.983997e-01 -3.948740e-01  1.715185e+00
 3.043525e-01 -1.395428e+00 -6.956064e-01  7.854015e-01
 3.571910e-01 -1.492909e+00 -9.676859e-01  3.222762e-01
 2.948739e-01 -1.260672e+00 -1.581810e-01  3.435048e-01
 5.151459e-01 -1.615253e+00 -2.206900e-01  2.435758e-01
 2.530829e-01 -1.247193e+00 -4.273519e-01  2.829024e-01
 3.825674e-01 -1.380873e+00 -5.970266e-01  1.762100e-01
 8.862348e-01 -8.633201e-01 -2.686491e-01  9.999655e-01
 6.797631e-01 -7.482543e-01 -3.086588e-01  1.395818e+00
 8.493090e-01 -8.522408e-01 -8.596678e-01  8.623477e-01
 8.827259e-01 -8.847043e-01 -1.208434e+00  3.187410e-01
 9.283545e-01 -8.213335e-01 -2.299657e-01  5.766172e-01
 1.051670e+00 -8.319516e-01 -2.219576e-01  2.008547e-01
 9.115970e-01 -8.124940e-01 -6.292167e-01  5.099667e-01
 9.730420e-01 -8.379262e-01 -7.182338e-01  1.953194e-01
 1.218298e+00 -3.140389e-01 -2.852787e-01  1.091153e+00
 8.241928e-01 -2.730361e-01 -3.780120e-01  1.526378e+00
 1.162473e+00 -3.061773e-01 -9.062716e-01  9.195318e-01
 1.205904e+00 -3.045330e-01 -1.249159e+00  3.167069e-01
 1.360661e+00 -3.292824e-01 -2.302258e-01  6.296004e-01
 1.442919e+00 -3.373607e-01 -2.227007e-01  2.024856e-01
 1.324349e+00 -3.217096e-01 -6.481941e-01  5.609356e-01
 1.356665e+00 -3.288061e-01 -7.255731e-01  2.046212e-01
 2.066646e-01 -6.014869e-01 -2.835121e-01  8.770086e-01
 1.747347e-01 -4.431705e-01 -2.770704e-01  1.145049e+00
 2.246840e-01 -6.072327e-01 -9.097012e-01  7.776566e-01
 2.245451e-01 -6.279967e-01 -1.328173e+00  3.183210e-01
 2.396683e-01 -5.598805e-01 -2.332761e-01  4.972058e-01
 2.623900e-01 -5.012121e-01 -2.112913e-01  1.571746e-01
 2.331602e-01 -5.727850e-01 -6.615922e-01  4.450531e-01
 2.473925e-01 -5.624129e-01 -7.718132e-01  1.710416e-01
 2.526052e-01 -2.677513e-01 -1.202983e+00  1.235750e+00
 1.839593e-01 -1.721228e-01 -4.352680e-01  1.281957e+00
 2.211621e-01 -2.111698e-01 -1.037617e+00  8.059572e-01
 2.167693e-01 -2.055007e-01 -1.428725e+00  3.363316e-01
 2.145199e-01 -1.466996e-01 -2.564319e-01  5.103446e-01
 2.493632e-01 -1.616027e-01 -2.375858e-01  1.763698e-01
 2.104809e-01 -1.614226e-01 -7.236446e-01  4.807954e-01
 2.262391e-01 -1.729944e-01 -8.307675e-01  1.753554e-01
 6.099592e-01 -4.867473e-01 -2.648998e-01  9.046803e-01
 4.874297e-01 -4.028226e-01 -2.456252e-01  1.137631e+00
 6.174356e-01 -5.347801e-01 -8.851272e-01  7.825441e-01
 6.275361e-01 -5.547954e-01 -1.296846e+00  3.064362e-01
 6.859627e-01 -5.007080e-01 -2.362505e-01  5.350848e-01
 7.424244e-01 -4.932661e-01 -2.120521e-01  1.635991e-01
 6.661191e-01 -5.101443e-01 -6.595268e-01  4.749525e-01
 6.965571e-01 -5.014372e-01 -7.363822e-01  1.764989e-01
 7.715155e-01 -1.778956e-01 -2.870500e-01  9.205147e-01
 5.564284e-01 -1.661768e-01 -3.097273e-01  1.208568e+00
 7.003507e-01 -1.995379e-01 -9.534126e-01  8.142028e-01
 6.997252e-01 -2.035775e-01 -1.353977e+00  3.317616e-01
 7.946502e-01 -1.723487e-01 -2.472518e-01  5.489097e-01
 8.582532e-01 -1.736165e-01 -2.261525e-01  1.786424e-01
 7.391377e-01 -1.749995e-01 -6.932414e-01  4.885888e-01
 7.791821e-01 -1.768316e-01 -7.691852e-01  1.790319e-01
 2.617599e-01 -9.970083e-01 -2.643186e-01 -9.446848e-01
 2.233888e-01 -8.416876e-01 -3.446522e-01 -1.426461e+00
 2.644387e-01 -1.002974e+00 -8.636836e-01 -8.389576e-01
 2.733423e-01 -1.055306e+00 -1.214296e+00 -3.246142e-01
 3.029049e-01 -9.585572e-01 -1.954582e-01 -4.771994e-01
 1.194677e+00 -1.284470e+00 -2.614371e-01 -2.737678e-01
 2.697664e-01 -9.718309e-01 -5.605131e-01 -3.782547e-01
 3.005535e-01 -9.626128e-01 -7.585285e-01 -1.709081e-01
 3.234595e-01 -1.405230e+00 -2.319063e-01 -8.992479e-01
 2.516020e-01 -2.983997e-01 -3.948740e-01 -1.715185e+00
 3.043525e-01 -1.395428e+00 -6.956064e-01 -7.854015e-01
 3.571910e-01 -1.492909e+00 -9.676859e-01 -3.222762e-01
 2.948739e-01 -1.260672e+00 -1.581810e-01 -3.435048e-01
 5.151459e-01 -1.615253e+00 -2.206900e-01 -2.435758e-01
 2.530829e-01 -1.247193e+00 -4.273519e-01 -2.829024e-01
 3.825674e-01 -1.380873e+00 -5.970266e-01 -1.762100e-01
 8.862348e-01 -8.633201e-01 -2.686491e-01 -9.999655e-01
 6.797631e-01 -7.482543e-01 -3.086588e-01 -1.395818e+00
 8.493090e-01 -8.522408e-01 -8.596678e-01 -8.623477e-01
 8.827259e-01 -8.847043e-01 -1.208434e+00 -3.187410e-01
 9.283545e-01 -8.213335e-01 -2.299657e-01 -5.766172e-01
 1.051670e+00 -8.319516e-01 -2.219576e-01 -2.008547e-01
 9.115970e-01 -8.124940e-01 -6.292167e-01 -5.099667e-01
 9.730420e-01 -8.379262e-01 -7.182338e-01 -1.953194e-01
 1.218298e+00 -3.140389e-01 -2.852787e-01 -1.091153e+00
 8.241928e-01 -2.730361e-01 -3.780120e-01 -1.526378e+00
 1.162473e+00 -3.061773e-01 -9.062716e-01 -9.195318e-01
 1.205904e+00 -3.045330e-01 -1.249159e+00 -3.167069e-01
 1.360661e+00 -3.292824e-01 -2.302258e-01 -6.296004e-01
 1.442919e+00 -3.373607e-01 -2.227007e-01 -2.024856e-01
 1.324349e+00 -3.217096e-01 -6.481941e-01 -5.609356e-01
 1.356665e+00 -3.288061e-01 -7.255731e-01 -2.046212e-01
 2.066646e-01 -6.014869e-01 -2.835121e-01 -8.770086e-01
 1.747347e-01 -4.431705e-01 -2.770704e-01 -1.145049e+00
 2.246840e-01 -6.072327e-01 -9.097012e-01 -7.776566e-01
 2.245451e-01 -6.279967e-01 -1.328173e+00 -3.183210e-01
 2.396683e-01 -5.598805e-01 -2.332761e-01 -4.972058e-01
 2.623900e-01 -5.012121e-01 -2.112913e-01 -1.571746e-01
 2.331602e-01 -5.727850e-01 -6.615922e-01 -4.450531e-01
 2.473925e-01 -5.624129e-01 -7.718132e-01 -1.710416e-01
 2.526052e-01 -2.677513e-01 -1.202983e+00 -1.235750e+00
 1.839593e-01 -1.721228e-01 -4.352680e-01 -1.281957e+00
 2.211621e-01 -2.111698e-01 -1.037617e+00 -8.059572e-01
 2.167693e-01 -2.055007e-01 -1.428725e+00 -3.363316e-01
 2.145199e-01 -1.466996e-01 -2.564319e-01 -5.103446e-01
 2.493632e-01 -1.616027e-01 -2.375858e-01 -1.763698e-01
 2.104809e-01 -1.614226e-01 -7.236446e-01 -4.807954e-01
 2.262391e-01 -1.729944e-01 -8.307675e-01 -1.753554e-01
 6.099592e-01 -4.867473e-01 -2.648998e-01 -9.046803e-01
 4.874297e-01 -4.028226e-01 -2.456252e-01 -1.137631e+00
 6.174356e-01 -5.347801e-01 -8.851272e-01 -7.825441e-01
 6.275361e-01 -5.547954e-01 -1.296846e+00 -3.064362e-01
 6.859627e-01 -5.007080e-01 -2.362505e-01 -5.350848e-01
 7.424244e-01 -4.932661e-01 -2.120521e-01 -1.635991e-01
 6.661191e-01 -5.101443e-01 -6.595268e-01 -4.749525e-01
 6.965571e-01 -5.014372e-01 -7.363822e-01 -1.764989e-01
 7.715155e-01 -1.778956e-01 -2.870500e-01 -9.205147e-01
 5.564284e-01 -1.661768e-01 -3.097273e-01 -1.208568e+00
 7.003507e-01 -1.995379e-01 -9.534126e-01 -8.142028e-01
 6.997252e-01 -2.035775e-01 -1.353977e+00 -3.317616e-01
 7.946502e-01 -1.723487e-01 -2.472518e-01 -5.489097e-01
 8.582532e-01 -1.736165e-01 -2.261525e-01 -1.786424e-01
 7.391377e-01 -1.749995e-01 -6.932414e-01 -4.885888e-01
 7.791821e-01 -1.768316e-01 -7.691852e-01 -1.790319e-01
-2.617599e-01  9.970083e-01  2.643186e-01  9.446848e-01
-2.233888e-01  8.416876e-01  3.446522e-01  1.426461e+00
-2.644387e-01  1.002974e+00  8.636836e-01  8.389576e-01
-2.733423e-01  1.055306e+00  1.214296e+00  3.246142e-01
-3.029049e-01  9.585572e-01  1.954582e-01  4.771994e-01
-1.194677e+00  1.284470e+00  2.614371e-01  2.737678e-01
-2.697664e-01  9.718309e-01  5.605131e-01  3.782547e-01
-3.005535e-01  9.626128e-01  7.585285e-01  1.709081e-01
-3.234595e-01  1.405230e+00  2.319063e-01  8.992479e-01
-2.516020e-01  2.983997e-01  3.948740e-01  1.715185e+00
-3.043525e-01  1.395428e+00  6.956064e-01  7.854015e-01
-3.571910e-01  1.492909e+00  9.676859e-01  3.222762e-01
-2.948739e-01  1.260672e+00  1.581810e-01  3.435048e-01
-5.151459e-01  1.615253e+00  2.206900e-01  2.435758e-01
-2.530829e-01  1.247193e+00  4.273519e-01  2.829024e-01
-3.825674e-01  1.380873e+00  5.970266e-01  1.762100e-01
-8.862348e-01  8.633201e-01  2.686491e-01  9.999655e-01
-6.797631e-01  7.482543e-01  3.086588e-01  1.395818e+00
-8.493090e-01  8.522408e-01  8.596678e-01  8.623477e-01
-8.827259e-01  8.847043e-01  1.208434e+00  3.187410e-01
-9.283545e-01  8.213335e-01  2.299657e-01  5.766172e-01
-1.051670e+00  8.319516e-01  2.219576e-01  2.008547e-01
-9.115970e-01  8.124940e-01  6.292167e-01  5.099667e-01
-9.730420e-01  8.379262e-01  7.182338e-01  1.953194e-01
-1.218298e+00  3.140389e-01  2.852787e-01  1.091153e+00
-8.241928e-01  2.730361e-01  3.780120e-01  1.526378e+00
-1.162473e+00  3.061773e-01  9.062716e-01  9.195318e-01
-1.205904e+00  3.045330e-01  1.249159e+00  3.167069e-01
-1.360661e+00  3.292824e-01  2.302258e-01  6.296004e-01
-1.442919e+00  3.373607e-01  2.227007e-01  2.024856e-01
-1.324349e+00  3.217096e-01  6.481941e-01  5.609356e-01
-1.356665e+00  3.288061e-01  7.255731e-01  2.046212e-01
-2.066646e-01  6.014869e-01  2.835121e-01  8.770086e-01
-1.747347e-01  4.431705e-01  2.770704e-01  1.145049e+00
-2.246840e-01  6.072327e-01  9.097012e-01  7.776566e-01
-2.245451e-01  6.279967e-01  1.328173e+00  3.183210e-01
-2.396683e-01  5.598805e-01  2.332761e-01  4.972058e-01
-2.623900e-01  5.012121e-01  2.112913e-01  1.571746e-01
-2.331602e-01  5.727850e-01  6.615922e-01  4.450531e-01
-2.473925e-01  5.624129e-01  7.718132e-01  1.710416e-01
-2.526052e-01  2.677513e-01  1.202983e+00  1.235750e+00
-1.839593e-01  1.721228e-01  4.352680e-01  1.281957e+00
-2.211621e-01  2.111698e-01  1.037617e+00  8.059572e-01
-2.167693e-01  2.055007e-01  1.428725e+00  3.363316e-01
-2.145199e-01  1.466996e-01  2.564319e-01  5.103446e-01
-2.493632e-01  1.616027e-01  2.375858e-01  1.763698e-01
-2.104809e-01  1.614226e-01  7.236446e-01  4.807954e-01
-2.262391e-01  1.729944e-01  8.307675e-01  1.753554e-01
-6.099592e-01  4.867473e-01  2.648998e-01  9.046803e-01
-4.874297e-01  4.028226e-01  2.456252e-01  1.137631e+00
-6.174356e-01  5.347801e-01  8.851272e-01  7.825441e-01
-6.275361e-01  5.547954e-01  1.296846e+00  3.064362e-01
-6.859627e-01  5.007080e-01  2.362505e-01  5.350848e-01
-7.424244e-01  4.932661e-01  2.120521e-01  1.635991e-01
-6.661191e-01  5.101443e-01  6.595268e-01  4.749525e-01
-6.965571e-01  5.014372e-01  7.363822e-01  1.764989e-01
-7.715155e-01  1.778956e-01  2.870500e-01  9.205147e-01
-5.564284e-01  1.661768e-01  3.097273e-01  1.208568e+00
-7.003507e-01  1.995379e-01  9.534126e-01  8.142028e-01
-6.997252e-01  2.035775e-01  1.353977e+00  3.317616e-01
-7.946502e-01  1.723487e-01  2.472518e-01  5.489097e-01
-8.582532e-01  1.736165e-01  2.261525e-01  1.786424e-01
-7.391377e-01  1.749995e-01  6.932414e-01  4.885888e-01
-7.791821e-01  1.768316e-01  7.691852e-01  1.790319e-01
-2.617599e-01  9.970083e-01  2.643186e-01 -9.446848e-01
-2.233888e-01  8.416876e-01  3.446522e-01 -1.426461e+00
-2.644387e-01  1.002974e+00  8.636836e-01 -8.389576e-01
-2.733423e-01  1.055306e+00  1.214296e+00 -3.246142e-01
-3.029049e-01  9.585572e-01  1.954582e-01 -4.771994e-01
-1.194677e+00  1.284470e+00  2.614371e-01 -2.737678e-01
-2.697664e-01  9.718309e-01  5.605131e-01 -3.782547e-01
-3.005535e-01  9.626128e-01  7.585285e-01 -1.709081e-01
-3.234595e-01  1.405230e+00  2.319063e-01 -8.992479e-01
-2.516020e-01  2.983997e-01  3.948740e-01 -1.715185e+00
-3.043525e-01  1.395428e+00  6.956064e-01 -7.854015e-01
-3.571910e-01  1.492909e+00  9.676859e-01 -3.222762e-01
-2.948739e-01  1.260672e+00  1.581810e-01 -3.435048e-01
-5.151459e-01  1.615253e+00  2.206900e-01 -2.435758e-01
-2.530829e-01  1.247193e+00  4.273519e-01 -2.829024e-01
-3.825674e-01  1.380873e+00  5.970266e-01 -1.762100e-01
-8.862348e-01  8.633201e-01  2.686491e-01 -9.999655e-01
-6.797631e-01  7.482543e-01  3.086588e-01 -1.395818e+00
-8.493090e-01  8.522408e-01  8.596678e-01 -8.623477e-01
-8.827259e-01  8.847043e-01  1.208434e+00 -3.187410e-01
-9.283545e-01  8.213335e-01  2.299657e-01 -5.766172e-01
-1.051670e+00  8.319516e-01  2.219576e-01 -2.008547e-01
-9.115970e-01  8.124940e-01  6.292167e-01 -5.099667e-01
-9.730420e-01  8.379262e-01  7.182338e-01 -1.953194e-01
-1.218298e+00  3.140389e-01  2.852787e-01 -1.091153e+00
-8.241928e-01  2.730361e-01  3.780120e-01 -1.526378e+00
-1.162473e+00  3.061773e-01  9.062716e-01 -9.195318e-01
-1.205904e+00  3.045330e-01  1.249159e+00 -3.167069e-01
-1.360661e+00  3.292824e-01  2.302258e-01 -6.296004e-01
-1.442919e+00  3.373607e-01  2.227007e-01 -2.024856e-01
-1.324349e+00  3.217096e-01  6.481941e-01 -5.609356e-01
-1.356665e+00  3.288061e-01  7.255731e-01 -2.046212e-01
-2.066646e-01  6.014869e-01  2.835121e-01 -8.770086e-01
-1.747347e-01  4.431705e-01  2.770704e-01 -1.145049e+00
-2.246840e-01  6.072327e-01  9.097012e-01 -7.776566e-01
-2.245451e-01  6.279967e-01  1.328173e+00 -3.183210e-01
-2.396683e-01  5.598805e-01  2.332761e-01 -4.972058e-01
-2.623900e-01  5.012121e-01  2.112913e-01 -1.571746e-01
-2.331602e-01  5.727850e-01  6.615922e-01 -4.450531e-01
-2.473925e-01  5.624129e-01  7.718132e-01 -1.710416e-01
-2.526052e-01  2.677513e-01  1.202983e+00 -1.235750e+00
-1.839593e-01  1.721228e-01  4.352680e-01 -1.281957e+00
-2.211621e-01  2.111698e-01  1.037617e+00 -8.059572e-01
-2.167693e-01  2.055007e-01  1.428725e+00 -3.363316e-01
-2.145199e-01  1.466996e-01  2.564319e-01 -5.103446e-01
-2.493632e-01  1.616027e-01  2.375858e-01 -1.763698e-01
-2.104809e-01  1.614226e-01  7.236446e-01 -4.807954e-01
-2.262391e-01  1.729944e-01  8.307675e-01 -1.753554e-01
-6.099592e-01  4.867473e-01  2.648998e-01 -9.046803e-01
-4.874297e-01  4.028226e-01  2.456252e-01 -1.137631e+00
-6.174356e-01  5.347801e-01  8.851272e-01 -7.825441e-01
-6.275361e-01  5.547954e-01  1.296846e+00 -3.064362e-01
-6.859627e-01  5.007080e-01  2.362505e-01 -5.350848e-01
-7.424244e-01  4.932661e-01  2.120521e-01 -1.635991e-01
-6.661191e-01  5.101443e-01  6.595268e-01 -4.749525e-01
-6.965571e-01  5.014372e-01  7.363822e-01 -1.764989e-01
-7.715155e-01  1.778956e-01  2.870500e-01 -9.205147e-01
-5.564284e-01  1.661768e-01  3.097273e-01 -1.208568e+00
-7.003507e-01  1.995379e-01  9.534126e-01 -8.142028e-01
-6.997252e-01  2.035775e-01  1.353977e+00 -3.317616e-01
-7.946502e-01  1.723487e-01  2.472518e-01 -5.489097e-01
-8.582532e-01  1.736165e-01  2.261525e-01 -1.786424e-01
-7.391377e-01  1.749995e-01  6.932414e-01 -4.885888e-01
-7.791821e-01  1.768316e-01  7.691852e-01 -1.790319e-01
-2.617599e-01  9.970083e-01 -2.643186e-01  9.446848e-01
-2.233888e-01  8.416876e-01 -3.446522e-01  1.426461e+00
-2.644387e-01  1.002974e+00 -8.636836e-01  8.389576e-01
-2.733423e-01  1.055306e+00 -1.214296e+00  3.246142e-01
-3.029049e-01  9.585572e-01 -1.954582e-01  4.771994e-01
-1.194677e+00  1.284470e+00 -2.614371e-01  2.737678e-01
-2.697664e-01  9.718309e-01 -5.605131e-01  3.782547e-01
-3.005535e-01  9.626128e-01 -7.585285e-01  1.709081e-01
-3.234595e-01  1.405230e+00 -2.319063e-01  8.992479e-01
-2.516020e-01  2.983997e-01 -3.948740e-01  1.715185e+00
-3.043525e-01  1.395428e+00 -6.956064e-01  7.854015e-01
-3.571910e-01  1.492909e+00 -9.676859e-01  3.222762e-01
-2.948739e-01  1.260672e+00 -1.581810e-01  3.435048e-01
-5.151459e-01  1.615253e+00 -2.206900e-01  2.435758e-01
-2.530829e-01  1.247193e+00 -4.273519e-01  2.829024e-01
-3.825674e-01  1.380873e+00 -5.970266e-01  1.762100e-01
-8.862348e-01  8.633201e-01 -2.686491e-01  9.999655e-01
-6.797631e-01  7.482543e-01 -3.086588e-01  1.395818e+00
-8.493090e-01  8.522408e-01 -8.596678e-01  8.623477e-01
-8.827259e-01  8.847043e-01 -1.208434e+00  3.187410e-01
-9.283545e-01  8.213335e-01 -2.299657e-01  5.766172e-01
-1.051670e+00  8.319516e-01 -2.219576e-01  2.008547e-01
-9.115970e-01  8.124940e-01 -6.292167e-01  5.099667e-01
-9.730420e-01  8.379262e-01 -7.182338e-01  1.953194e-01
-1.218298e+00  3.140389e-01 -2.852787e-01  1.091153e+00
-8.241928e-01  2.730361e-01 -3.780120e-01  1.526378e+00
-1.162473e+00  3.061773e-01 -9.062716e-01  9.195318e-01
-1.205904e+00  3.045330e-01 -1.249159e+00  3.167069e-01
-1.360661e+00  3.292824e-01 -2.302258e-01  6.296004e-01
-1.442919e+00  3.373607e-01 -2.227007e-01  2.024856e-01
-1.324349e+00  3.217096e-01 -6.481941e-01  5.609356e-01
-1.356665e+00  3.288061e-01 -7.255731e-01  2.046212e-01
-2.066646e-01  6.014869e-01 -2.835121e-01  8.770086e-01
-1.747347e-01  4.431705e-01 -2.770704e-01  1.145049e+00
-2.246840e-01  6.072327e-01 -9.097012e-01  7.776566e-01
-2.245451e-01  6.279967e-01 -1.328173e+00  3.183210e-01
-2.396683e-01  5.598805e-01 -2.332761e-01  4.972058e-01
-2.623900e-01  5.012121e-01 -2.112913e-01  1.571746e-01
-2.331602e-01  5.727850e-01 -6.615922e-01  4.450531e-01
-2.473925e-01  5.624129e-01 -7.718132e-01  1.710416e-01
-2.526052e-01  2.677513e-01 -1.202983e+00  1.235750e+00
-1.839593e-01  1.721228e-01 -4.352680e-01  1.281957e+00
-2.211621e-01  2.111698e-01 -1.037617e+00  8.059572e-01
-2.167693e-01  2.055007e-01 -1.428725e+00  3.363316e-01
-2.145199e-01  1.466996e-01 -2.564319e-01  5.103446e-01
-2.493632e-01  1.616027e-01 -2.375858e-01  1.763698e-01
-2.104809e-01  1.614226e-01 -7.236446e-01  4.807954e-01
-2.262391e-01  1.729944e-01 -8.307675e-01  1.753554e-01
-6.099592e-01  4.867473e-01 -2.648998e-01  9.046803e-01
-4.874297e-01  4.028226e-01 -2.456252e-01  1.137631e+00
-6.174356e-01  5.347801e-01 -8.851272e-01  7.825441e-01
-6.275361e-01  5.547954e-01 -1.296846e+00  3.064362e-01
-6.859627e-01  5.007080e-01 -2.362505e-01  5.350848e-01
-7.424244e-01  4.932661e-01 -2.120521e-01  1.635991e-01
-6.661191e-01  5.101443e-01 -6.595268e-01  4.749525e-01
-6.965571e-01  5.014372e-01 -7.363822e-01  1.764989e-01
-7.715155e-01  1.778956e-01 -2.870500e-01  9.205147e-01
-5.564284e-01  1.661768e-01 -3.097273e-01  1.208568e+00
-7.003507e-01  1.995379e-01 -9.534126e-01  8.142028e-01
-6.997252e-01  2.035775e-01 -1.353977e+00  3.317616e-01
-7.946502e-01  1.723487e-01 -2.472518e-01  5.489097e-01
-8.582532e-01  1.736165e-01 -2.261525e-01  1.786424e-01
-7.391377e-01  1.749995e-01 -6.932414e-01  4.885888e-01
-7.791821e-01  1.768316e-01 -7.691852e-01  1.790319e-01
-2.617599e-01  9.970083e-01 -2.643186e-01 -9.446848e-01
-2.233888e-01  8.416876e-01 -3.446522e-01 -1.426461e+00
-2.644387e-01  1.002974e+00 -8.636836e-01 -8.389576e-01
-2.733423e-01  1.055306e+00 -1.214296e+00 -3.246142e-01
-3.029049e-01  9.585572e-01 -1.954582e-01 -4.771994e-01
-1.194677e+00  1.284470e+00 -2.614371e-01 -2.737678e-01
-2.697664e-01  9.718309e-01 -5.605131e-01 -3.782547e-01
-3.005535e-01  9.626128e-01 -7.585285e-01 -1.709081e-01
-3.234595e-01  1.405230e+00 -2.319063e-01 -8.992479e-01
-2.516020e-01  2.983997e-01 -3.948740e-01 -1.715185e+00
-3.043525e-01  1.395428e+00 -6.956064e-01 -7.854015e-01
-3.571910e-01  1.492909e+00 -9.676859e-01 -3.222762e-01
-2.948739e-01  1.260672e+00 -1.581810e-01 -3.435048e-01
-5.151459e-01  1.615253e+00 -2.206900e-01 -2.435758e-01
-2.530829e-01  1.247193e+00 -4.273519e-01 -2.829024e-01
-3.825674e-01  1.380873e+00 -5.970266e-01 -1.762100e-01
-8.862348e-01  8.633201e-01 -2.686491e-01 -9.999655e-01
-6.797631e-01  7.482543e-01 -3.086588e-01 -1.395818e+00
-8.493090e-01  8.522408e-01 -8.596678e-01 -8.623477e-01
-8.827259e-01  8.847043e-01 -1.208434e+00 -3.187410e-01
-9.283545e-01  8.213335e-01 -2.299657e-01 -5.766172e-01
-1.051670e+00  8.319516e-01 -2.219576e-01 -2.008547e-01
-9.115970e-01  8.124940e-01 -6.292167e-01 -5.099667e-01
-9.730420e-01  8.379262e-01 -7.182338e-01 -1.953194e-01
-1.218298e+00  3.140389e-01 -2.852787e-01 -1.091153e+00
-8.241928e-01  2.730361e-01 -3.780120e-01 -1.526378e+00
-1.162473e+00  3.061773e-01 -9.062716e-01 -9.195318e-01
-1.205904e+00  3.045330e-01 -1.249159e+00 -3.167069e-01
-1.360661e+00  3.292824e-01 -2.302258e-01 -6.296004e-01
-1.442919e+00  3.373607e-01 -2.227007e-01 -2.024856e-01
-1.324349e+00  3.217096e-01 -6.481941e-01 -5.609356e-01
-1.356665e+00  3.288061e-01 -7.255731e-01 -2.046212e-01
-2.066646e-01  6.014869e-01 -2.835121e-01 -8.770086e-01
-1.747347e-01  4.431705e-01 -2.770704e-01 -1.145049e+00
-2.246840e-01  6.072327e-01 -9.097012e-01 -7.776566e-01
-2.245451e-01  6.279967e-01 -1.328173e+00 -3.183210e-01
-2.396683e-01  5.598805e-01 -2.332761e-01 -4.972058e-01
-2.623900e-01  5.012121e-01 -2.112913e-01 -1.571746e-01
-2.331602e-01  5.727850e-01 -6.615922e-01 -4.450531e-01
-2.473925e-01  5.624129e-01 -7.718132e-01 -1.710416e-01
-2.526052e-01  2.677513e-01 -1.202983e+00 -1.235750e+00
-1.839593e-01  1.721228e-01 -4.352680e-01 -1.281957e+00
-2.211621e-01  2.111698e-01 -1.037617e+00 -8.059572e-01
-2.167693e-01  2.055007e-01 -1.428725e+00 -3.363316e-01
-2.145199e-01  1.466996e-01 -2.564319e-01 -5.103446e-01
-2.493632e-01  1.616027e-01 -2.375858e-01 -1.763698e-01
-2.104809e-01  1.614226e-01 -7.236446e-01 -4.807954e-01
-2.262391e-01  1.729944e-01 -8.307675e-01 -1.753554e-01
-6.099592e-01  4.867473e-01 -2.648998e-01 -9.046803e-01
-4.874297e-01  4.028226e-01 -2.456252e-01 -1.137631e+00
-6.174356e-01  5.347801e-01 -8.851272e-01 -7.825441e-01
-6.275361e-01  5.547954e-01 -1.296846e+00 -3.064362e-01
-6.859627e-01  5.007080e-01 -2.362505e-01 -5.350848e-01
-7.424244e-01  4.932661e-01 -2.120521e-01 -1.635991e-01
-6.661191e-01  5.101443e-01 -6.595268e-01 -4.749525e-01
-6.965571e-01  5.014372e-01 -7.363822e-01 -1.764989e-01
-7.715155e-01  1.778956e-01 -2.870500e-01 -9.205147e-01
-5.564284e-01  1.661768e-01 -3.097273e-01 -1.208568e+00
-7.003507e-01  1.995379e-01 -9.534126e-01 -8.142028e-01
-6.997252e-01  2.035775e-01 -1.353977e+00 -3.317616e-01
-7.946502e-01  1.723487e-01 -2.472518e-01 -5.489097e-01
-8.582532e-01  1.736165e-01 -2.261525e-01 -1.786424e-01
-7.391377e-01  1.749995e-01 -6.932414e-01 -4.885888e-01
-7.791821e-01  1.768316e-01 -7.691852e-01 -1.790319e-01
-2.617599e-01 -9.970083e-01  2.643186e-01  9.446848e-01
-2.233888e-01 -8.416876e-01  3.446522e-01  1.426461e+00
-2.644387e-01 -1.002974e+00  8.636836e-01  8.389576e-01
-2.733423e-01 -1.055306e+00  1.214296e+00  3.246142e-01
-3.029049e-01 -9.585572e-01  1.954582e-01  4.771994e-01
-1.194677e+00 -1.284470e+00  2.614371e-01  2.737678e-01
-2.697664e-01 -9.718309e-01  5.605131e-01  3.782547e-01
-3.005535e-01 -9.626128e-01  7.585285e-01  1.709081e-01
-3.234595e-01 -1.405230e+00  2.319063e-01  8.992479e-01
-2.516020e-01 -2.983997e-01  3.948740e-01  1.715185e+00
-3.043525e-01 -1.395428e+00  6.956064e-01  7.854015e-01
-3.571910e-01 -1.492909e+00  9.676859e-01  3.222762e-01
-2.948739e-01 -1.260672e+00  1.581810e-01  3.435048e-01
-5.151459e-01 -1.615253e+00  2.206900e-01  2.435758e-01
-2.530829e-01 -1.247193e+00  4.273519e-01  2.829024e-01
-3.825674e-01 -1.380873e+00  5.970266e-01  1.762100e-01
-8.862348e-01 -8.633201e-01  2.686491e-01  9.999655e-01
-6.797631e-01 -7.482543e-01  3.086588e-01  1.395818e+00
-8.493090e-01 -8.522408e-01  8.596678e-01  8.623477e-01
-8.827259e-01 -8.847043e-01  1.208434e+00  3.187410e-01
-9.283545e-01 -8.213335e-01  2.299657e-01  5.766172e-01
-1.051670e+00 -8.319516e-01  2.219576e-01  2.008547e-01
-9.115970e-01 -8.124940e-01  6.292167e-01  5.099667e-01
-9.730420e-01 -8.379262e-01  7.182338e-01  1.953194e-01
-1.218298e+00 -3.140389e-01  2.852787e-01  1.091153e+00
-8.241928e-01 -2.730361e-01  3.780120e-01  1.526378e+00
-1.162473e+00 -3.061773e-01  9.062716e-01  9.195318e-01
-1.205904e+00 -3.045330e-01  1.249159e+00  3.167069e-01
-1.360661e+00 -3.292824e-01  2.302258e-01  6.296004e-01
-1.442919e+00 -3.373607e-01  2.227007e-01  2.024856e-01
-1.324349e+00 -3.217096e-01  6.481941e-01  5.609356e-01
-1.356665e+00 -3.288061e-01  7.255731e-01  2.046212e-01
-2.066646e-01 -6.014869e-01  2.835121e-01  8.770086e-01
-1.747347e-01 -4.431705e-01  2.770704e-01  1.145049e+00
-2.246840e-01 -6.072327e-01  9.097012e-01  7.776566e-01
-2.245451e-01 -6.279967e-01  1.328173e+00  3.183210e-01
-2.396683e-01 -5.598805e-01  2.332761e-01  4.972058e-01
-2.623900e-01 -5.012121e-01  2.112913e-01  1.571746e-01
-2.331602e-01 -5.727850e-01  6.615922e-01  4.450531e-01
-2.473925e-01 -5.624129e-01  7.718132e-01  1.710416e-01
-2.526052e-01 -2.677513e-01  1.202983e+00  1.235750e+00
-1.839593e-01 -1.721228e-01  4.352680e-01  1.281957e+00
-2.211621e-01 -2.111698e-01  1.037617e+00  8.059572e-01
-2.167693e-01 -2.055007e-01  1.428725e+00  3.363316e-01
-2.145199e-01 -1.466996e-01  2.564319e-01  5.103446e-01
-2.493632e-01 -1.616027e-01  2.375858e-01  1.763698e-01
-2.104809e-01 -1.614226e-01  7.236446e-01  4.807954e-01
-2.262391e-01 -1.729944e-01  8.307675e-01  1.753554e-01
-6.099592e-01 -4.867473e-01  2.648998e-01  9.046803e-01
-4.874297e-01 -4.028226e-01  2.456252e-01  1.137631e+00
-6.174356e-01 -5.347801e-01  8.851272e-01  7.825441e-01
-6.275361e-01 -5.547954e-01  1.296846e+00  3.064362e-01
-6.859627e-01 -5.007080e-01  2.362505e-01  5.350848e-01
-7.424244e-01 -4.932661e-01  2.120521e-01  1.635991e-01
-6.661191e-01 -5.101443e-01  6.595268e-01  4.749525e-01
-6.965571e-01 -5.014372e-01  7.363822e-01  1.764989e-01
-7.715155e-01 -1.778956e-01  2.870500e-01  9.205147e-01
-5.564284e-01 -1.661768e-01  3.097273e-01  1.208568e+00
-7.003507e-01 -1.995379e-01  9.534126e-01  8.142028e-01
-6.997252e-01 -2.035775e-01  1.353977e+00  3.317616e-01
-7.946502e-01 -1.723487e-01  2.472518e-01  5.489097e-01
-8.582532e-01 -1.736165e-01  2.261525e-01  1.786424e-01
-7.391377e-01 -1.749995e-01  6.932414e-01  4.885888e-01
-7.791821e-01 -1.768316e-01  7.691852e-01  1.790319e-01
-2.617599e-01 -9.970083e-01  2.643186e-01 -9.446848e-01
-2.233888e-01 -8.416876e-01  3.446522e-01 -1.426461e+00
-2.644387e-01 -1.002974e+00  8.636836e-01 -8.389576e-01
-2.733423e-01 -1.055306e+00  1.214296e+00 -3.246142e-01
-3.029049e-01 -9.585572e-01  1.954582e-01 -4.771994e-01
-1.194677e+00 -1.284470e+00  2.614371e-01 -2.737678e-01
-2.697664e-01 -9.718309e-01  5.605131e-01 -3.782547e-01
-3.005535e-01 -9.626128e-01  7.585285e-01 -1.709081e-01
-3.234595e-01 -1.405230e+00  2.319063e-01 -8.992479e-01
-2.516020e-01 -2.983997e-01  3.948740e-01 -1.715185e+00
-3.043525e-01 -1.395428e+00  6.956064e-01 -7.854015e-01
-3.571910e-01 -1.492909e+00  9.676859e-01 -3.222762e-01
-2.948739e-01 -1.260672e+00  1.581810e-01 -3.435048e-01
-5.151459e-01 -1.615253e+00  2.206900e-01 -2.435758e-01
-2.530829e-01 -1.247193e+00  4.273519e-01 -2.829024e-01
-3.825674e-01 -1.380873e+00  5.970266e-01 -1.762100e-01
-8.862348e-01 -8.633201e-01  2.686491e-01 -9.999655e-01
-6.797631e-01 -7.482543e-01  3.086588e-01 -1.395818e+00
-8.493090e-01 -8.522408e-01  8.596678e-01 -8.623477e-01
-8.827259e-01 -8.847043e-01  1.208434e+00 -3.187410e-01
-9.283545e-01 -8.213335e-01  2.299657e-01 -5.766172e-01
-1.051670e+00 -8.319516e-01  2.219576e-01 -2.008547e-01
-9.115970e-01 -8.124940e-01  6.292167e-01 -5.099667e-01
-9.730420e-01 -8.379262e-01  7.182338e-01 -1.953194e-01
-1.218298e+00 -3.140389e-01  2.852787e-01 -1.091153e+00
-8.241928e-01 -2.730361e-01  3.780120e-01 -1.526378e+00
-1.162473e+00 -3.061773e-01  9.062716e-01 -9.195318e-01
-1.205904e+00 -3.045330e-01  1.249159e+00 -3.167069e-01
-1.360661e+00 -3.292824e-01  2.302258e-01 -6.296004e-01
-1.442919e+00 -3.373607e-01  2.227007e-01 -2.024856e-01
-1.324349e+00 -3.217096e-01  6.481941e-01 -5.609356e-01
-1.356665e+00 -3.288061e-01  7.255731e-01 -2.046212e-01
-2.066646e-01 -6.014869e-01  2.835121e-01 -8.770086e-01
-1.747347e-01 -4.431705e-01  2.770704e-01 -1.145049e+00
-2.246840e-01 -6.072327e-01  9.097012e-01 -7.776566e-01
-2.245451e-01 -6.279967e-01  1.328173e+00 -3.183210e-01
-2.396683e-01 -5.598805e-01  2.332761e-01 -4.972058e-01
-2.623900e-01 -5.012121e-01  2.112913e-01 -1.571746e-01
-2.331602e-01 -5.727850e-01  6.615922e-01 -4.450531e-01
-2.473925e-01 -5.624129e-01  7.718132e-01 -1.710416e-01
-2.526052e-01 -2.677513e-01  1.202983e+00 -1.235750e+00
-1.839593e-01 -1.721228e-01  4.352680e-01 -1.281957e+00
-2.211621e-01 -2.111698e-01  1.037617e+00 -8.059572e-01
-2.167693e-01 -2.055007e-01  1.428725e+00 -3.363316e-01
-2.145199e-01 -1.466996e-01  2.564319e-01 -5.103446e-01
-2.493632e-01 -1.616027e-01  2.375858e-01 -1.763698e-01
-2.104809e-01 -1.614226e-01  7.236446e-01 -4.807954e-01
-2.262391e-01 -1.729944e-01  8.307675e-01 -1.753554e-01
-6.099592e-01 -4.867473e-01  2.648998e-01 -9.046803e-01
-4.874297e-01 -4.028226e-01  2.456252e-01 -1.137631e+00
-6.174356e-01 -5.347801e-01  8.851272e-01 -7.825441e-01
-6.275361e-01 -5.547954e-01  1.296846e+00 -3.064362e-01
-6.859627e-01 -5.007080e-01  2.362505e-01 -5.350848e-01
-7.424244e-01 -4.932661e-01  2.120521e-01 -1.635991e-01
-6.661191e-01 -5.101443e-01  6.595268e-01 -4.749525e-01
-6.965571e-01 -5.014372e-01  7.363822e-01 -1.764989e-01
-7.715155e-01 -1.778956e-01  2.870500e-01 -9.205147e-01
-5.564284e-01 -1.661768e-01  3.097273e-01 -1.208568e+00
-7.003507e-01 -1.995379e-01  9.534126e-01 -8.142028e-01
-6.997252e-01 -2.035775e-01  1.353977e+00 -3.317616e-01
-7.946502e-01 -1.723487e-01  2.472518e-01 -5.489097e-01
-8.582532e-01 -1.736165e-01  2.261525e-01 -1.786424e-01
-7.391377e-01 -1.749995e-01  6.932414e-01 -4.885888e-01
-7.791821e-01 -1.768316e-01  7.691852e-01 -1.790319e-01
-2.617599e-01 -9.970083e-01 -2.643186e-01  9.446848e-01
-2.233888e-01 -8.416876e-01 -3.446522e-01  1.426461e+00
-2.644387e-01 -1.002974e+00 -8.636836e-01  8.389576e-01
-2.733423e-01 -1.055306e+00 -1.214296e+00  3.246142e-01
-3.029049e-01 -9.585572e-01 -1.954582e-01  4.771994e-01
-1.194677e+00 -1.284470e+00 -2.614371e-01  2.737678e-01
-2.697664e-01 -9.718309e-01 -5.605131e-01  3.782547e-01
-3.005535e-01 -9.626128e-01 -7.585285e-01  1.709081e-01
-3.234595e-01 -1.405230e+00 -2.319063e-01  8.992479e-01
-2.516020e-01 -2.983997e-01 -3.948740e-01  1.715185e+00
-3.043525e-01 -1.395428e+00 -6.956064e-01  7.854015e-01
-3.571910e-01 -1.492909e+00 -9.676859e-01  3.222762e-01
-2.948739e-01 -1.260672e+00 -1.581810e-01  3.435048e-01
-5.151459e-01 -1.615253e+00 -2.206900e-01  2.435758e-01
-2.530829e-01 -1.247193e+00 -4.273519e-01  2.829024e-01
-3.825674e-01 -1.380873e+00 -5.970266e-01  1.762100e-01
-8.862348e-01 -8.633201e-01 -2.686491e-01  9.999655e-01
-6.797631e-01 -7.482543e-01 -3.086588e-01  1.395818e+00
-8.493090e-01 -8.522408e-01 -8.596678e-01  8.623477e-01
-8.827259e-01 -8.847043e-01 -1.208434e+00  3.187410e-01
-9.283545e-01 -8.213335e-01 -2.299657e-01  5.766172e-01
-1.051670e+00 -8.319516e-01 -2.219576e-01  2.008547e-01
-9.115970e-01 -8.124940e-01 -6.292167e-01  5.099667e-01
-9.730420e-01 -8.379262e-01 -7.182338e-01  1.953194e-01
-1.218298e+00 -3.140389e-01 -2.852787e-01  1.091153e+00
-8.241928e-01 -2.730361e-01 -3.780120e-01  1.526378e+00
-1.162473e+00 -3.061773e-01 -9.062716e-01  9.195318e-01
-1.205904e+00 -3.045330e-01 -1.249159e+00  3.167069e-01
-1.360661e+00 -3.292824e-01 -2.302258e-01  6.296004e-01
-1.442919e+00 -3.373607e-01 -2.227007e-01  2.024856e-01
-1.324349e+00 -3.217096e-01 -6.481941e-01  5.609356e-01
-1.356665e+00 -3.288061e-01 -7.255731e-01  2.046212e-01
-2.066646e-01 -6.014869e-01 -2.835121e-01  8.770086e-01
-1.747347e-01 -4.431705e-01 -2.770704e-01  1.145049e+00
-2.246840e-01 -6.072327e-01 -9.097012e-01  7.776566e-01
-2.245451e-01 -6.279967e-01 -1.328173e+00  3.183210e-01
-2.396683e-01 -5.598805e-01 -2.332761e-01  4.972058e-01
-2.623900e-01 -5.012121e-01 -2.112913e-01  1.571746e-01
-2.331602e-01 -5.727850e-01 -6.615922e-01  4.450531e-01
-2.473925e-01 -5.624129e-01 -7.718132e-01  1.710416e-01
-2.526052e-01 -2.677513e-01 -1.202983e+00  1.235750e+00
-1.839593e-01 -1.721228e-01 -4.352680e-01  1.281957e+00
-2.211621e-01 -2.111698e-01 -1.037617e+00  8.059572e-01
-2.167693e-01 -2.055007e-01 -1.428725e+00  3.363316e-01
-2.145199e-01 -1.466996e-01 -2.564319e-01  5.103446e-01
-2.493632e-01 -1.616027e-01 -2.375858e-01  1.763698e-01
-2.104809e-01 -1.614226e-01 -7.236446e-01  4.807954e-01
-2.262391e-01 -1.729944e-01 -8.307675e-01  1.753554e-01
-6.099592e-01 -4.867473e-01 -2.648998e-01  9.046803e-01
-4.874297e-01 -4.028226e-01 -2.456252e-01  1.137631e+00
-6.174356e-01 -5.347801e-01 -8.851272e-01  7.825441e-01
-6.275361e-01 -5.547954e-01 -1.296846e+00  3.064362e-01
-6.859627e-01 -5.007080e-01 -2.362505e-01  5.350848e-01
-7.424244e-01 -4.932661e-01 -2.120521e-01  1.635991e-01
-6.661191e-01 -5.101443e-01 -6.595268e-01  4.749525e-01
-6.965571e-01 -5.014372e-01 -7.363822e-01  1.764989e-01
-7.715155e-01 -1.778956e-01 -2.870500e-01  9.205147e-01
-5.564284e-01 -1.661768e-01 -3.097273e-01  1.208568e+00
-7.003507e-01 -1.995379e-01 -9.534126e-01  8.142028e-01
-6.997252e-01 -2.035775e-01 -1.353977e+00  3.317616e-01
-7.946502e-01 -1.723487e-01 -2.472518e-01  5.489097e-01
-8.582532e-01 -1.736165e-01 -2.261525e-01  1.786424e-01
-7.391377e-01 -1.749995e-01 -6.932414e-01  4.885888e-01
-7.791821e-01 -1.768316e-01 -7.691852e-01  1.790319e-01
-2.617599e-01 -9.970083e-01 -2.643186e-01 -9.446848e-01
-2.233888e-01 -8.416876e-01 -3.446522e-01 -1.426461e+00
-2.644387e-01 -1.002974e+00 -8.636836e-01 -8.389576e-01
-2.733423e-01 -1.055306e+00 -1.214296e+00 -3.246142e-01
-3.029049e-01 -9.585572e-01 -1.954582e-01 -4.771994e-01
-1.194677e+00 -1.284470e+00 -2.614371e-01 -2.737678e-01
-2.697664e-01 -9.718309e-01 -5.605131e-01 -3.782547e-01
-3.005535e-01 -9.626128e-01 -7.585285e-01 -1.709081e-01
-3.234595e-01 -1.405230e+00 -2.319063e-01 -8.992479e-01
-2.516020e-01 -2.983997e-01 -3.948740e-01 -1.715185e+00
-3.043525e-01 -1.395428e+00 -6.956064e-01 -7.854015e-01
-3.571910e-01 -1.492909e+00 -9.676859e-01 -3.222762e-01
-2.948739e-01 -1.260672e+00 -1.581810e-01 -3.435048e-01
-5.151459e-01 -1.615253e+00 -2.206900e-01 -2.435758e-01
-2.530829e-01 -1.247193e+00 -4.273519e-01 -2.829024e-01
-3.825674e-01 -1.380873e+00 -5.970266e-01 -1.762100e-01
-8.862348e-01 -8.633201e-01 -2.686491e-01 -9.999655e-01
-6.797631e-01 -7.482543e-01 -3.086588e-01 -1.395818e+00
-8.493090e-01 -8.522408e-01 -8.596678e-01 -8.623477e-01
-8.827259e-01 -8.847043e-01 -1.208434e+00 -3.187410e-01
-9.283545e-01 -8.213335e-01 -2.299657e-01 -5.766172e-01
-1.051670e+00 -8.319516e-01 -2.219576e-01 -2.008547e-01
-9.115970e-01 -8.124940e-01 -6.292167e-01 -5.099667e-01
-9.730420e-01 -8.379262e-01 -7.182338e-01 -1.953194e-01
-1.218298e+00 -3.140389e-01 -2.852787e-01 -1.091153e+00
-8.241928e-01 -2.730361e-01 -3.780120e-01 -1.526378e+00
-1.162473e+00 -3.061773e-01 -9.062716e-01 -9.195318e-01
-1.205904e+00 -3.045330e-01 -1.249159e+00 -3.167069e-01
-1.360661e+00 -3.292824e-01 -2.302258e-01 -6.296004e-01
-1.442919e+00 -3.373607e-01 -2.227007e-01 -2.024856e-01
-1.324349e+00 -3.217096e-01 -6.481941e-01 -5.609356e-01
-1.356665e+00 -3.288061e-01 -7.255731e-01 -2.046212e-01
-2.066646e-01 -6.014869e-01 -2.835121e-01 -8.770086e-01
-1.747347e-01 -4.431705e-01 -2.770704e-01 -1.145049e+00
-2.246840e-01 -6.072327e-01 -9.097012e-01 -7.776566e-01
-2.245451e-01 -6.279967e-01 -1.328173e+00 -3.183210e-01
-2.396683e-01 -5.598805e-01 -2.332761e-01 -4.972058e-01
-2.623900e-01 -5.012121e-01 -2.112913e-01 -1.571746e-01
-2.331602e-01 -5.727850e-01 -6.615922e-01 -4.450531e-01
-2.473925e-01 -5.624129e-01 -7.718132e-01 -1.710416e-01
-2.526052e-01 -2.677513e-01 -1.202983e+00 -1.235750e+00
-1.839593e-01 -1.721228e-01 -4.352680e-01 -1.281957e+00
-2.211621e-01 -2.111698e-01 -1.037617e+00 -8.059572e-01
-2.167693e-01 -2.055007e-01 -1.428725e+00 -3.363316e-01
-2.145199e-01 -1.466996e-01 -2.564319e-01 -5.103446e-01
-2.493632e-01 -1.616027e-01 -2.375858e-01 -1.763698e-01
-2.104809e-01 -1.614226e-01 -7.236446e-01 -4.807954e-01
-2.262391e-01 -1.729944e-01 -8.307675e-01 -1.753554e-01
-6.099592e-01 -4.867473e-01 -2.648998e-01 -9.046803e-01
-4.874297e-01 -4.028226e-01 -2.456252e-01 -1.137631e+00
-6.174356e-01 -5.347801e-01 -8.851272e-01 -7.825441e-01
-6.275361e-01 -5.547954e-01 -1.296846e+00 -3.064362e-01
-6.859627e-01 -5.007080e-01 -2.362505e-01 -5.350848e-01
-7.424244e-01 -4.932661e-01 -2.120521e-01 -1.635991e-01
-6.661191e-01 -5.101443e-01 -6.595268e-01 -4.749525e-01
-6.965571e-01 -5.014372e-01 -7.363822e-01 -1.764989e-01
-7.715155e-01 -1.778956e-01 -2.870500e-01 -9.205147e-01
-5.564284e-01 -1.661768e-01 -3.097273e-01 -1.208568e+00
-7.003507e-01 -1.995379e-01 -9.534126e-01 -8.142028e-01
-6.997252e-01 -2.035775e-01 -1.353977e+00 -3.317616e-01
-7.946502e-01 -1.723487e-01 -2.472518e-01 -5.489097e-01
-8.582532e-01 -1.736165e-01 -2.261525e-01 -1.786424e-01
-7.391377e-01 -1.749995e-01 -6.932414e-01 -4.885888e-01
-7.791821e-01 -1.768316e-01 -7.691852e-01 -1.790319e-01
