 7.419922e-01  1.204428e+00  2.435439e-01  8.495727e-01
 5.025079e-01  8.572237e-01  2.430492e-01  1.172996e+00
 2.761521e-01  9.410986e-01  1.073477e+00  8.249801e-01
 2.619343e-01  8.212062e-01  1.272589e+00  2.540283e-01
 2.573657e-01  9.597762e-01  2.204277e-01  6.815097e-01
 8.821197e-01  1.193117e+00  2.041169e-01  2.285755e-01
 2.493826e-01  9.430542e-01  6.315929e-01  6.424187e-01
 8.598691e-01  1.257843e+00  6.510546e-01  2.381029e-01
 2.867209e-01  1.450356e+00  2.773818e-01  8.958381e-01
 2.591569e-01  1.130630e+00  3.660856e-01  1.337510e+00
 3.239234e-01  1.405640e+00  8.231934e-01  7.303150e-01
 2.902215e-01  1.262890e+00  1.062927e+00  2.442228e-01
 2.510242e-01  1.289090e+00  1.972999e-01  4.894868e-01
 2.943103e-01  1.163720e+00  2.102177e-01  1.633423e-01
 3.147056e-01  1.687465e+00  3.235940e-01  2.733630e-01
 2.845643e-01  1.251680e+00  6.244819e-01  1.808291e-01
 1.275600e+00  8.855557e-01  2.900532e-01  8.139004e-01
 9.216639e-01  7.193893e-01  3.270583e-01  1.273198e+00
 8.067560e-01  7.981814e-01  1.013633e+00  8.647171e-01
 8.115529e-01  7.897134e-01  1.205277e+00  2.747139e-01
 9.617589e-01  6.989810e-01  2.121921e-01  6.250545e-01
 1.088650e+00  7.486727e-01  2.247958e-01  2.147733e-01
 8.512077e-01  7.635634e-01  6.661795e-01  6.223776e-01
 1.112123e+00  7.944690e-01  7.194498e-01  2.342442e-01
 1.433043e+00  2.792759e-01  2.517852e-01  7.862515e-01
 1.097271e+00  2.510329e-01  2.664614e-01  1.173874e+00
 1.155138e+00  2.962580e-01  9.398706e-01  8.466671e-01
 1.169811e+00  2.906556e-01  1.150316e+00  2.746565e-01
 1.626430e+00  3.498132e-01  2.806321e-01  2.784737e-01
 1.173831e+00  2.407063e-01  2.093669e-01  2.199750e-01
 1.090042e+00  2.390674e-01  6.241863e-01  5.852606e-01
 1.190249e+00  2.601822e-01  6.784787e-01  2.057445e-01
 1.979817e-01  5.456665e-01  6.787511e-01  1.115287e+00
 2.101940e-01  5.833713e-01  2.312658e-01  1.233412e+00
 2.055506e-01  5.249310e-01  1.042205e+00  7.406203e-01
 2.025561e-01  3.134394e-01  1.480634e+00  2.833066e-01
 2.168258e-01  5.980162e-01  2.131659e-01  6.312175e-01
 2.109090e-01  6.316875e-01  2.066067e-01  1.971321e-01
 2.246259e-01  6.262718e-01  6.422205e-01  5.413708e-01
 2.146422e-01  6.686703e-01  6.790464e-01  1.698486e-01
 2.132393e-01  1.859403e-01  5.419875e-01  9.839002e-01
 2.284841e-01  2.001612e-01  1.892218e-01  1.138622e+00
 2.130832e-01  1.801202e-01  9.285224e-01  6.560382e-01
 2.292566e-01  2.199757e-01  1.077945e+00  2.084355e-01
 2.220608e-01  1.986417e-01  2.217163e-01  6.101094e-01
 2.337689e-01  2.081781e-01  1.995156e-01  1.942956e-01
 2.317895e-01  2.165102e-01  6.016693e-01  4.954889e-01
 2.314142e-01  2.189479e-01  6.342690e-01  1.675852e-01
 2.755718e-01  2.809884e-01  9.077541e-01  1.404652e+00
 3.164367e-01  3.097482e-01  3.134934e-01  1.646440e+00
 3.570806e-01  2.891901e-01  1.361647e+00  9.573908e-01
 6.514145e-01  3.052241e-01  1.531986e+00  3.460230e-01
 6.401520e-01  5.600236e-01  1.994529e-01  5.984171e-01
 6.547207e-01  6.167048e-01  2.053780e-01  1.874755e-01
 6.201931e-01  5.811891e-01  6.094100e-01  5.489936e-01
 6.461968e-01  6.446467e-01  6.496285e-01  1.668727e-01
 6.321459e-01  2.018808e-01  7.049833e-01  1.145653e+00
 6.546035e-01  2.040282e-01  2.370202e-01  1.243498e+00
 6.592735e-01  2.013384e-01  1.001548e+00  7.450854e-01
 6.760115e-01  2.164414e-01  1.099715e+00  2.310344e-01
 6.896174e-01  1.865456e-01  2.052905e-01  6.511409e-01
 7.095543e-01  1.988777e-01  2.088071e-01  1.970014e-01
 6.870990e-01  2.072044e-01  6.086379e-01  5.713351e-01
 7.066166e-01  2.121782e-01  6.553524e-01  1.787326e-01
 7.419922e-01  1.204428e+00  2.435439e-01 -8.495727e-01
 5.025079e-01  8.572237e-01  2.430492e-01 -1.172996e+00
 2.761521e-01  9.410986e-01  1.073477e+00 -8.249801e-01
 2.619343e-01  8.212062e-01  1.272589e+00 -2.540283e-01
 2.573657e-01  9.597762e-01  2.204277e-01 -6.815097e-01
 8.821197e-01  1.193117e+00  2.041169e-01 -2.285755e-01
 2.493826e-01  9.430542e-01  6.315929e-01 -6.424187e-01
 8.598691e-01  1.257843e+00  6.510546e-01 -2.381029e-01
 2.867209e-01  1.450356e+00  2.773818e-01 -8.958381e-01
 2.591569e-01  1.130630e+00  3.660856e-01 -1.337510e+00
 3.239234e-01  1.405640e+00  8.231934e-01 -7.303150e-01
 2.902215e-01  1.262890e+00  1.062927e+00 -2.442228e-01
 2.510242e-01  1.289090e+00  1.972999e-01 -4.894868e-01
 2.943103e-01  1.163720e+00  2.102177e-01 -1.633423e-01
 3.147056e-01  1.687465e+00  3.235940e-01 -2.733630e-01
 2.845643e-01  1.251680e+00  6.244819e-01 -1.808291e-01
 1.275600e+00  8.855557e-01  2.900532e-01 -8.139004e-01
 9.216639e-01  7.193893e-01  3.270583e-01 -1.273198e+00
 8.067560e-01  7.981814e-01  1.013633e+00 -8.647171e-01
 8.115529e-01  7.897134e-01  1.205277e+00 -2.747139e-01
 9.617589e-01  6.989810e-01  2.121921e-01 -6.250545e-01
 1.088650e+00  7.486727e-01  2.247958e-01 -2.147733e-01
 8.512077e-01  7.635634e-01  6.661795e-01 -6.223776e-01
 1.112123e+00  7.944690e-01  7.194498e-01 -2.342442e-01
 1.433043e+00  2.792759e-01  2.517852e-01 -7.862515e-01
 1.097271e+00  2.510329e-01  2.664614e-01 -1.173874e+00
 1.155138e+00  2.962580e-01  9.398706e-01 -8.466671e-01
 1.169811e+00  2.906556e-01  1.150316e+00 -2.746565e-01
 1.626430e+00  3.498132e-01  2.806321e-01 -2.784737e-01
 1.173831e+00  2.407063e-01  2.093669e-01 -2.199750e-01
 1.090042e+00  2.390674e-01  6.241863e-01 -5.852606e-01
 1.190249e+00  2.601822e-01  6.784787e-01 -2.057445e-01
 1.979817e-01  5.456665e-01  6.787511e-01 -1.115287e+00
 2.101940e-01  5.833713e-01  2.312658e-01 -1.233412e+00
 2.055506e-01  5.249310e-01  1.042205e+00 -7.406203e-01
 2.025561e-01  3.134394e-01  1.480634e+00 -2.833066e-01
 2.168258e-01  5.980162e-01  2.131659e-01 -6.312175e-01
 2.109090e-01  6.316875e-01  2.066067e-01 -1.971321e-01
 2.246259e-01  6.262718e-01  6.422205e-01 -5.413708e-01
 2.146422e-01  6.686703e-01  6.790464e-01 -1.698486e-01
 2.132393e-01  1.859403e-01  5.419875e-01 -9.839002e-01
 2.284841e-01  2.001612e-01  1.892218e-01 -1.138622e+00
 2.130832e-01  1.801202e-01  9.285224e-01 -6.560382e-01
 2.292566e-01  2.199757e-01  1.077945e+00 -2.084355e-01
 2.220608e-01  1.986417e-01  2.217163e-01 -6.101094e-01
 2.337689e-01  2.081781e-01  1.995156e-01 -1.942956e-01
 2.317895e-01  2.165102e-01  6.016693e-01 -4.954889e-01
 2.314142e-01  2.189479e-01  6.342690e-01 -1.675852e-01
 2.755718e-01  2.809884e-01  9.077541e-01 -1.404652e+00
 3.164367e-01  3.097482e-01  3.134934e-01 -1.646440e+00
 3.570806e-01  2.891901e-01  1.361647e+00 -9.573908e-01
 6.514145e-01  3.052241e-01  1.531986e+00 -3.460230e-01
 6.401520e-01  5.600236e-01  1.994529e-01 -5.984171e-01
 6.547207e-01  6.167048e-01  2.053780e-01 -1.874755e-01
 6.201931e-01  5.811891e-01  6.094100e-01 -5.489936e-01
 6.461968e-01  6.446467e-01  6.496285e-01 -1.668727e-01
 6.321459e-01  2.018808e-01  7.049833e-01 -1.145653e+00
 6.546035e-01  2.040282e-01  2.370202e-01 -1.243498e+00
 6.592735e-01  2.013384e-01  1.001548e+00 -7.450854e-01
 6.760115e-01  2.164414e-01  1.099715e+00 -2.310344e-01
 6.896174e-01  1.865456e-01  2.052905e-01 -6.511409e-01
 7.095543e-01  1.988777e-01  2.088071e-01 -1.970014e-01
 6.870990e-01  2.072044e-01  6.086379e-01 -5.713351e-01
 7.066166e-01  2.121782e-01  6.553524e-01 -1.787326e-01
 7.419922e-01  1.204428e+00 -2.435439e-01  8.495727e-01
 5.025079e-01  8.572237e-01 -2.430492e-01  1.172996e+00
 2.761521e-01  9.410986e-01 -1.073477e+00  8.249801e-01
 2.619343e-01  8.212062e-01 -1.272589e+00  2.540283e-01
 2.573657e-01  9.597762e-01 -2.204277e-01  6.815097e-01
 8.821197e-01  1.193117e+00 -2.041169e-01  2.285755e-01
 2.493826e-01  9.430542e-01 -6.315929e-01  6.424187e-01
 8.598691e-01  1.257843e+00 -6.510546e-01  2.381029e-01
 2.867209e-01  1.450356e+00 -2.773818e-01  8.958381e-01
 2.591569e-01  1.130630e+00 -3.660856e-01  1.337510e+00
 3.239234e-01  1.405640e+00 -8.231934e-01  7.303150e-01
 2.902215e-01  1.262890e+00 -1.062927e+00  2.442228e-01
 2.510242e-01  1.289090e+00 -1.972999e-01  4.894868e-01
 2.943103e-01  1.163720e+00 -2.102177e-01  1.633423e-01
 3.147056e-01  1.687465e+00 -3.235940e-01  2.733630e-01
 2.845643e-01  1.251680e+00 -6.244819e-01  1.808291e-01
 1.275600e+00  8.855557e-01 -2.900532e-01  8.139004e-01
 9.216639e-01  7.193893e-01 -3.270583e-01  1.273198e+00
 8.067560e-01  7.981814e-01 -1.013633e+00  8.647171e-01
 8.115529e-01  7.897134e-01 -1.205277e+00  2.747139e-01
 9.617589e-01  6.989810e-01 -2.121921e-01  6.250545e-01
 1.088650e+00  7.486727e-01 -2.247958e-01  2.147733e-01
 8.512077e-01  7.635634e-01 -6.661795e-01  6.223776e-01
 1.112123e+00  7.944690e-01 -7.194498e-01  2.342442e-01
 1.433043e+00  2.792759e-01 -2.517852e-01  7.862515e-01
 1.097271e+00  2.510329e-01 -2.664614e-01  1.173874e+00
 1.155138e+00  2.962580e-01 -9.398706e-01  8.466671e-01
 1.169811e+00  2.906556e-01 -1.150316e+00  2.746565e-01
 1.626430e+00  3.498132e-01 -2.806321e-01  2.784737e-01
 1.173831e+00  2.407063e-01 -2.093669e-01  2.199750e-01
 1.090042e+00  2.390674e-01 -6.241863e-01  5.852606e-01
 1.190249e+00  2.601822e-01 -6.784787e-01  2.057445e-01
 1.979817e-01  5.456665e-01 -6.787511e-01  1.115287e+00
 2.101940e-01  5.833713e-01 -2.312658e-01  1.233412e+00
 2.055506e-01  5.249310e-01 -1.042205e+00  7.406203e-01
 2.025561e-01  3.134394e-01 -1.480634e+00  2.833066e-01
 2.168258e-01  5.980162e-01 -2.131659e-01  6.312175e-01
 2.109090e-01  6.316875e-01 -2.066067e-01  1.971321e-01
 2.246259e-01  6.262718e-01 -6.422205e-01  5.413708e-01
 2.146422e-01  6.686703e-01 -6.790464e-01  1.698486e-01
 2.132393e-01  1.859403e-01 -5.419875e-01  9.839002e-01
 2.284841e-01  2.001612e-01 -1.892218e-01  1.138622e+00
 2.130832e-01  1.801202e-01 -9.285224e-01  6.560382e-01
 2.292566e-01  2.199757e-01 -1.077945e+00  2.084355e-01
 2.220608e-01  1.986417e-01 -2.217163e-01  6.101094e-01
 2.337689e-01  2.081781e-01 -1.995156e-01  1.942956e-01
 2.317895e-01  2.165102e-01 -6.016693e-01  4.954889e-01
 2.314142e-01  2.189479e-01 -6.342690e-01  1.675852e-01
 2.755718e-01  2.809884e-01 -9.077541e-01  1.404652e+00
 3.164367e-01  3.097482e-01 -3.134934e-01  1.646440e+00
 3.570806e-01  2.891901e-01 -1.361647e+00  9.573908e-01
 6.514145e-01  3.052241e-01 -1.531986e+00  3.460230e-01
 6.401520e-01  5.600236e-01 -1.994529e-01  5.984171e-01
 6.547207e-01  6.167048e-01 -2.053780e-01  1.874755e-01
 6.201931e-01  5.811891e-01 -6.094100e-01  5.489936e-01
 6.461968e-01  6.446467e-01 -6.496285e-01  1.668727e-01
 6.321459e-01  2.018808e-01 -7.049833e-01  1.145653e+00
 6.546035e-01  2.040282e-01 -2.370202e-01  1.243498e+00
 6.592735e-01  2.013384e-01 -1.001548e+00  7.450854e-01
 6.760115e-01  2.164414e-01 -1.099715e+00  2.310344e-01
 6.896174e-01  1.865456e-01 -2.052905e-01  6.511409e-01
 7.095543e-01  1.988777e-01 -2.088071e-01  1.970014e-01
 6.870990e-01  2.072044e-01 -6.086379e-01  5.713351e-01
 7.066166e-01  2.121782e-01 -6.553524e-01  1.787326e-01
 7.419922e-01  1.204428e+00 -2.435439e-01 -8.495727e-01
 5.025079e-01  8.572237e-01 -2.430492e-01 -1.172996e+00
 2.761521e-01  9.410986e-01 -1.073477e+00 -8.249801e-01
 2.619343e-01  8.212062e-01 -1.272589e+00 -2.540283e-01
 2.573657e-01  9.597762e-01 -2.204277e-01 -6.815097e-01
 8.821197e-01  1.193117e+00 -2.041169e-01 -2.285755e-01
 2.493826e-01  9.430542e-01 -6.315929e-01 -6.424187e-01
 8.598691e-01  1.257843e+00 -6.510546e-01 -2.381029e-01
 2.867209e-01  1.450356e+00 -2.773818e-01 -8.958381e-01
 2.591569e-01  1.130630e+00 -3.660856e-01 -1.337510e+00
 3.239234e-01  1.405640e+00 -8.231934e-01 -7.303150e-01
 2.902215e-01  1.262890e+00 -1.062927e+00 -2.442228e-01
 2.510242e-01  1.289090e+00 -1.972999e-01 -4.894868e-01
 2.943103e-01  1.163720e+00 -2.102177e-01 -1.633423e-01
 3.147056e-01  1.687465e+00 -3.235940e-01 -2.733630e-01
 2.845643e-01  1.251680e+00 -6.244819e-01 -1.808291e-01
 1.275600e+00  8.855557e-01 -2.900532e-01 -8.139004e-01
 9.216639e-01  7.193893e-01 -3.270583e-01 -1.273198e+00
 8.067560e-01  7.981814e-01 -1.013633e+00 -8.647171e-01
 8.115529e-01  7.897134e-01 -1.205277e+00 -2.747139e-01
 9.617589e-01  6.989810e-01 -2.121921e-01 -6.250545e-01
 1.088650e+00  7.486727e-01 -2.247958e-01 -2.147733e-01
 8.512077e-01  7.635634e-01 -6.661795e-01 -6.223776e-01
 1.112123e+00  7.944690e-01 -7.194498e-01 -2.342442e-01
 1.433043e+00  2.792759e-01 -2.517852e-01 -7.862515e-01
 1.097271e+00  2.510329e-01 -2.664614e-01 -1.173874e+00
 1.155138e+00  2.962580e-01 -9.398706e-01 -8.466671e-01
 1.169811e+00  2.906556e-01 -1.150316e+00 -2.746565e-01
 1.626430e+00  3.498132e-01 -2.806321e-01 -2.784737e-01
 1.173831e+00  2.407063e-01 -2.093669e-01 -2.199750e-01
 1.090042e+00  2.390674e-01 -6.241863e-01 -5.852606e-01
 1.190249e+00  2.601822e-01 -6.784787e-01 -2.057445e-01
 1.979817e-01  5.456665e-01 -6.787511e-01 -1.115287e+00
 2.101940e-01  5.833713e-01 -2.312658e-01 -1.233412e+00
 2.055506e-01  5.249310e-01 -1.042205e+00 -7.406203e-01
 2.025561e-01  3.134394e-01 -1.480634e+00 -2.833066e-01
 2.168258e-01  5.980162e-01 -2.131659e-01 -6.312175e-01
 2.109090e-01  6.316875e-01 -2.066067e-01 -1.971321e-01
 2.246259e-01  6.262718e-01 -6.422205e-01 -5.413708e-01
 2.146422e-01  6.686703e-01 -6.790464e-01 -1.698486e-01
 2.132393e-01  1.859403e-01 -5.419875e-01 -9.839002e-01
 2.284841e-01  2.001612e-01 -1.892218e-01 -1.138622e+00
 2.130832e-01  1.801202e-01 -9.285224e-01 -6.560382e-01
 2.292566e-01  2.199757e-01 -1.077945e+00 -2.084355e-01
 2.220608e-01  1.986417e-01 -2.217163e-01 -6.101094e-01
 2.337689e-01  2.081781e-01 -1.995156e-01 -1.942956e-01
 2.317895e-01  2.165102e-01 -6.016693e-01 -4.954889e-01
 2.314142e-01  2.189479e-01 -6.342690e-01 -1.675852e-01
 2.755718e-01  2.809884e-01 -9.077541e-01 -1.404652e+00
 3.164367e-01  3.097482e-01 -3.134934e-01 -1.646440e+00
 3.570806e-01  2.891901e-01 -1.361647e+00 -9.573908e-01
 6.514145e-01  3.052241e-01 -1.531986e+00 -3.460230e-01
 6.401520e-01  5.600236e-01 -1.994529e-01 -5.984171e-01
 6.547207e-01  6.167048e-01 -2.053780e-01 -1.874755e-01
 6.201931e-01  5.811891e-01 -6.094100e-01 -5.489936e-01
 6.461968e-01  6.446467e-01 -6.496285e-01 -1.668727e-01
 6.321459e-01  2.018808e-01 -7.049833e-01 -1.145653e+00
 6.546035e-01  2.040282e-01 -2.370202e-01 -1.243498e+00
 6.592735e-01  2.013384e-01 -1.001548e+00 -7.450854e-01
 6.760115e-01  2.164414e-01 -1.099715e+00 -2.310344e-01
 6.896174e-01  1.865456e-01 -2.052905e-01 -6.511409e-01
 7.095543e-01  1.988777e-01 -2.088071e-01 -1.970014e-01
 6.870990e-01  2.072044e-01 -6.086379e-01 -5.713351e-01
 7.066166e-01  2.121782e-01 -6.553524e-01 -1.787326e-01
 7.419922e-01 -1.204428e+00  2.435439e-01  8.495727e-01
 5.025079e-01 -8.572237e-01  2.430492e-01  1.172996e+00
 2.761521e-01 -9.410986e-01  1.073477e+00  8.249801e-01
 2.619343e-01 -8.212062e-01  1.272589e+00  2.540283e-01
 2.573657e-01 -9.597762e-01  2.204277e-01  6.815097e-01
 8.821197e-01 -1.193117e+00  2.041169e-01  2.285755e-01
 2.493826e-01 -9.430542e-01  6.315929e-01  6.424187e-01
 8.598691e-01 -1.257843e+00  6.510546e-01  2.381029e-01
 2.867209e-01 -1.450356e+00  2.773818e-01  8.958381e-01
 2.591569e-01 -1.130630e+00  3.660856e-01  1.337510e+00
 3.239234e-01 -1.405640e+00  8.231934e-01  7.303150e-01
 2.902215e-01 -1.262890e+00  1.062927e+00  2.442228e-01
 2.510242e-01 -1.289090e+00  1.972999e-01  4.894868e-01
 2.943103e-01 -1.163720e+00  2.102177e-01  1.633423e-01
 3.147056e-01 -1.687465e+00  3.235940e-01  2.733630e-01
 2.845643e-01 -1.251680e+00  6.244819e-01  1.808291e-01
 1.275600e+00 -8.855557e-01  2.900532e-01  8.139004e-01
 9.216639e-01 -7.193893e-01  3.270583e-01  1.273198e+00
 8.067560e-01 -7.981814e-01  1.013633e+00  8.647171e-01
 8.115529e-01 -7.897134e-01  1.205277e+00  2.747139e-01
 9.617589e-01 -6.989810e-01  2.121921e-01  6.250545e-01
 1.088650e+00 -7.486727e-01  2.247958e-01  2.147733e-01
 8.512077e-01 -7.635634e-01  6.661795e-01  6.223776e-01
 1.112123e+00 -7.944690e-01  7.194498e-01  2.342442e-01
 1.433043e+00 -2.792759e-01  2.517852e-01  7.862515e-01
 1.097271e+00 -2.510329e-01  2.664614e-01  1.173874e+00
 1.155138e+00 -2.962580e-01  9.398706e-01  8.466671e-01
 1.169811e+00 -2.906556e-01  1.150316e+00  2.746565e-01
 1.626430e+00 -3.498132e-01  2.806321e-01  2.784737e-01
 1.173831e+00 -2.407063e-01  2.093669e-01  2.199750e-01
 1.090042e+00 -2.390674e-01  6.241863e-01  5.852606e-01
 1.190249e+00 -2.601822e-01  6.784787e-01  2.057445e-01
 1.979817e-01 -5.456665e-01  6.787511e-01  1.115287e+00
 2.101940e-01 -5.833713e-01  2.312658e-01  1.233412e+00
 2.055506e-01 -5.249310e-01  1.042205e+00  7.406203e-01
 2.025561e-01 -3.134394e-01  1.480634e+00  2.833066e-01
 2.168258e-01 -5.980162e-01  2.131659e-01  6.312175e-01
 2.109090e-01 -6.316875e-01  2.066067e-01  1.971321e-01
 2.246259e-01 -6.262718e-01  6.422205e-01  5.413708e-01
 2.146422e-01 -6.686703e-01  6.790464e-01  1.698486e-01
 2.132393e-01 -1.859403e-01  5.419875e-01  9.839002e-01
 2.284841e-01 -2.001612e-01  1.892218e-01  1.138622e+00
 2.130832e-01 -1.801202e-01  9.285224e-01  6.560382e-01
 2.292566e-01 -2.199757e-01  1.077945e+00  2.084355e-01
 2.220608e-01 -1.986417e-01  2.217163e-01  6.101094e-01
 2.337689e-01 -2.081781e-01  1.995156e-01  1.942956e-01
 2.317895e-01 -2.165102e-01  6.016693e-01  4.954889e-01
 2.314142e-01 -2.189479e-01  6.342690e-01  1.675852e-01
 2.755718e-01 -2.809884e-01  9.077541e-01  1.404652e+00
 3.164367e-01 -3.097482e-01  3.134934e-01  1.646440e+00
 3.570806e-01 -2.891901e-01  1.361647e+00  9.573908e-01
 6.514145e-01 -3.052241e-01  1.531986e+00  3.460230e-01
 6.401520e-01 -5.600236e-01  1.994529e-01  5.984171e-01
 6.547207e-01 -6.167048e-01  2.053780e-01  1.874755e-01
 6.201931e-01 -5.811891e-01  6.094100e-01  5.489936e-01
 6.461968e-01 -6.446467e-01  6.496285e-01  1.668727e-01
 6.321459e-01 -2.018808e-01  7.049833e-01  1.145653e+00
 6.546035e-01 -2.040282e-01  2.370202e-01  1.243498e+00
 6.592735e-01 -2.013384e-01  1.001548e+00  7.450854e-01
 6.760115e-01 -2.164414e-01  1.099715e+00  2.310344e-01
 6.896174e-01 -1.865456e-01  2.052905e-01  6.511409e-01
 7.095543e-01 -1.988777e-01  2.088071e-01  1.970014e-01
 6.870990e-01 -2.072044e-01  6.086379e-01  5.713351e-01
 7.066166e-01 -2.121782e-01  6.553524e-01  1.787326e-01
 7.419922e-01 -1.204428e+00  2.435439e-01 -8.495727e-01
 5.025079e-01 -8.572237e-01  2.430492e-01 -1.172996e+00
 2.761521e-01 -9.410986e-01  1.073477e+00 -8.249801e-01
 2.619343e-01 -8.212062e-01  1.272589e+00 -2.540283e-01
 2.573657e-01 -9.597762e-01  2.204277e-01 -6.815097e-01
 8.821197e-01 -1.193117e+00  2.041169e-01 -2.285755e-01
 2.493826e-01 -9.430542e-01  6.315929e-01 -6.424187e-01
 8.598691e-01 -1.257843e+00  6.510546e-01 -2.381029e-01
 2.867209e-01 -1.450356e+00  2.773818e-01 -8.958381e-01
 2.591569e-01 -1.130630e+00  3.660856e-01 -1.337510e+00
 3.239234e-01 -1.405640e+00  8.231934e-01 -7.303150e-01
 2.902215e-01 -1.262890e+00  1.062927e+00 -2.442228e-01
 2.510242e-01 -1.289090e+00  1.972999e-01 -4.894868e-01
 2.943103e-01 -1.163720e+00  2.102177e-01 -1.633423e-01
 3.147056e-01 -1.687465e+00  3.235940e-01 -2.733630e-01
 2.845643e-01 -1.251680e+00  6.244819e-01 -1.808291e-01
 1.275600e+00 -8.855557e-01  2.900532e-01 -8.139004e-01
 9.216639e-01 -7.193893e-01  3.270583e-01 -1.273198e+00
 8.067560e-01 -7.981814e-01  1.013633e+00 -8.647171e-01
 8.115529e-01 -7.897134e-01  1.205277e+00 -2.747139e-01
 9.617589e-01 -6.989810e-01  2.121921e-01 -6.250545e-01
 1.088650e+00 -7.486727e-01  2.247958e-01 -2.147733e-01
 8.512077e-01 -7.635634e-01  6.661795e-01 -6.223776e-01
 1.112123e+00 -7.944690e-01  7.194498e-01 -2.342442e-01
 1.433043e+00 -2.792759e-01  2.517852e-01 -7.862515e-01
 1.097271e+00 -2.510329e-01  2.664614e-01 -1.173874e+00
 1.155138e+00 -2.962580e-01  9.398706e-01 -8.466671e-01
 1.169811e+00 -2.906556e-01  1.150316e+00 -2.746565e-01
 1.626430e+00 -3.498132e-01  2.806321e-01 -2.784737e-01
 1.173831e+00 -2.407063e-01  2.093669e-01 -2.199750e-01
 1.090042e+00 -2.390674e-01  6.241863e-01 -5.852606e-01
 1.190249e+00 -2.601822e-01  6.784787e-01 -2.057445e-01
 1.979817e-01 -5.456665e-01  6.787511e-01 -1.115287e+00
 2.101940e-01 -5.833713e-01  2.312658e-01 -1.233412e+00
 2.055506e-01 -5.249310e-01  1.042205e+00 -7.406203e-01
 2.025561e-01 -3.134394e-01  1.480634e+00 -2.833066e-01
 2.168258e-01 -5.980162e-01  2.131659e-01 -6.312175e-01
 2.109090e-01 -6.316875e-01  2.066067e-01 -1.971321e-01
 2.246259e-01 -6.262718e-01  6.422205e-01 -5.413708e-01
 2.146422e-01 -6.686703e-01  6.790464e-01 -1.698486e-01
 2.132393e-01 -1.859403e-01  5.419875e-01 -9.839002e-01
 2.284841e-01 -2.001612e-01  1.892218e-01 -1.138622e+00
 2.130832e-01 -1.801202e-01  9.285224e-01 -6.560382e-01
 2.292566e-01 -2.199757e-01  1.077945e+00 -2.084355e-01
 2.220608e-01 -1.986417e-01  2.217163e-01 -6.101094e-01
 2.337689e-01 -2.081781e-01  1.995156e-01 -1.942956e-01
 2.317895e-01 -2.165102e-01  6.016693e-01 -4.954889e-01
 2.314142e-01 -2.189479e-01  6.342690e-01 -1.675852e-01
 2.755718e-01 -2.809884e-01  9.077541e-01 -1.404652e+00
 3.164367e-01 -3.097482e-01  3.134934e-01 -1.646440e+00
 3.570806e-01 -2.891901e-01  1.361647e+00 -9.573908e-01
 6.514145e-01 -3.052241e-01  1.531986e+00 -3.460230e-01
 6.401520e-01 -5.600236e-01  1.994529e-01 -5.984171e-01
 6.547207e-01 -6.167048e-01  2.053780e-01 -1.874755e-01
 6.201931e-01 -5.811891e-01  6.094100e-01 -5.489936e-01
 6.461968e-01 -6.446467e-01  6.496285e-01 -1.668727e-01
 6.321459e-01 -2.018808e-01  7.049833e-01 -1.145653e+00
 6.546035e-01 -2.040282e-01  2.370202e-01 -1.243498e+00
 6.592735e-01 -2.013384e-01  1.001548e+00 -7.450854e-01
 6.760115e-01 -2.164414e-01  1.099715e+00 -2.310344e-01
 6.896174e-01 -1.865456e-01  2.052905e-01 -6.511409e-01
 7.095543e-01 -1.988777e-01  2.088071e-01 -1.970014e-01
 6.870990e-01 -2.072044e-01  6.086379e-01 -5.713351e-01
 7.066166e-01 -2.121782e-01  6.553524e-01 -1.787326e-01
 7.419922e-01 -1.204428e+00 -2.435439e-01  8.495727e-01
 5.025079e-01 -8.572237e-01 -2.430492e-01  1.172996e+00
 2.761521e-01 -9.410986e-01 -1.073477e+00  8.249801e-01
 2.619343e-01 -8.212062e-01 -1.272589e+00  2.540283e-01
 2.573657e-01 -9.597762e-01 -2.204277e-01  6.815097e-01
 8.821197e-01 -1.193117e+00 -2.041169e-01  2.285755e-01
 2.493826e-01 -9.430542e-01 -6.315929e-01  6.424187e-01
 8.598691e-01 -1.257843e+00 -6.510546e-01  2.381029e-01
 2.867209e-01 -1.450356e+00 -2.773818e-01  8.958381e-01
 2.591569e-01 -1.130630e+00 -3.660856e-01  1.337510e+00
 3.239234e-01 -1.405640e+00 -8.231934e-01  7.303150e-01
 2.902215e-01 -1.262890e+00 -1.062927e+00  2.442228e-01
 2.510242e-01 -1.289090e+00 -1.972999e-01  4.894868e-01
 2.943103e-01 -1.163720e+00 -2.102177e-01  1.633423e-01
 3.147056e-01 -1.687465e+00 -3.235940e-01  2.733630e-01
 2.845643e-01 -1.251680e+00 -6.244819e-01  1.808291e-01
 1.275600e+00 -8.855557e-01 -2.900532e-01  8.139004e-01
 9.216639e-01 -7.193893e-01 -3.270583e-01  1.273198e+00
 8.067560e-01 -7.981814e-01 -1.013633e+00  8.647171e-01
 8.115529e-01 -7.897134e-01 -1.205277e+00  2.747139e-01
 9.617589e-01 -6.989810e-01 -2.121921e-01  6.250545e-01
 1.088650e+00 -7.486727e-01 -2.247958e-01  2.147733e-01
 8.512077e-01 -7.635634e-01 -6.661795e-01  6.223776e-01
 1.112123e+00 -7.944690e-01 -7.194498e-01  2.342442e-01
 1.433043e+00 -2.792759e-01 -2.517852e-01  7.862515e-01
 1.097271e+00 -2.510329e-01 -2.664614e-01  1.173874e+00
 1.155138e+00 -2.962580e-01 -9.398706e-01  8.466671e-01
 1.169811e+00 -2.906556e-01 -1.150316e+00  2.746565e-01
 1.626430e+00 -3.498132e-01 -2.806321e-01  2.784737e-01
 1.173831e+00 -2.407063e-01 -2.093669e-01  2.199750e-01
 1.090042e+00 -2.390674e-01 -6.241863e-01  5.852606e-01
 1.190249e+00 -2.601822e-01 -6.784787e-01  2.057445e-01
 1.979817e-01 -5.456665e-01 -6.787511e-01  1.115287e+00
 2.101940e-01 -5.833713e-01 -2.312658e-01  1.233412e+00
 2.055506e-01 -5.249310e-01 -1.042205e+00  7.406203e-01
 2.025561e-01 -3.134394e-01 -1.480634e+00  2.833066e-01
 2.168258e-01 -5.980162e-01 -2.131659e-01  6.312175e-01
 2.109090e-01 -6.316875e-01 -2.066067e-01  1.971321e-01
 2.246259e-01 -6.262718e-01 -6.422205e-01  5.413708e-01
 2.146422e-01 -6.686703e-01 -6.790464e-01  1.698486e-01
 2.132393e-01 -1.859403e-01 -5.419875e-01  9.839002e-01
 2.284841e-01 -2.001612e-01 -1.892218e-01  1.138622e+00
 2.130832e-01 -1.801202e-01 -9.285224e-01  6.560382e-01
 2.292566e-01 -2.199757e-01 -1.077945e+00  2.084355e-01
 2.220608e-01 -1.986417e-01 -2.217163e-01  6.101094e-01
 2.337689e-01 -2.081781e-01 -1.995156e-01  1.942956e-01
 2.317895e-01 -2.165102e-01 -6.016693e-01  4.954889e-01
 2.314142e-01 -2.189479e-01 -6.342690e-01  1.675852e-01
 2.755718e-01 -2.809884e-01 -9.077541e-01  1.404652e+00
 3.164367e-01 -3.097482e-01 -3.134934e-01  1.646440e+00
 3.570806e-01 -2.891901e-01 -1.361647e+00  9.573908e-01
 6.514145e-01 -3.052241e-01 -1.531986e+00  3.460230e-01
 6.401520e-01 -5.600236e-01 -1.994529e-01  5.984171e-01
 6.547207e-01 -6.167048e-01 -2.053780e-01  1.874755e-01
 6.201931e-01 -5.811891e-01 -6.094100e-01  5.489936e-01
 6.461968e-01 -6.446467e-01 -6.496285e-01  1.668727e-01
 6.321459e-01 -2.018808e-01 -7.049833e-01  1.145653e+00
 6.546035e-01 -2.040282e-01 -2.370202e-01  1.243498e+00
 6.592735e-01 -2.013384e-01 -1.001548e+00  7.450854e-01
 6.760115e-01 -2.164414e-01 -1.099715e+00  2.310344e-01
 6.896174e-01 -1.865456e-01 -2.052905e-01  6.511409e-01
 7.095543e-01 -1.988777e-01 -2.088071e-01  1.970014e-01
 6.870990e-01 -2.072044e-01 -6.086379e-01  5.713351e-01
 7.066166e-01 -2.121782e-01 -6.553524e-01  1.787326e-01
 7.419922e-01 -1.204428e+00 -2.435439e-01 -8.495727e-01
 5.025079e-01 -8.572237e-01 -2.430492e-01 -1.172996e+00
 2.761521e-01 -9.410986e-01 -1.073477e+00 -8.249801e-01
 2.619343e-01 -8.212062e-01 -1.272589e+00 -2.540283e-01
 2.573657e-01 -9.597762e-01 -2.204277e-01 -6.815097e-01
 8.821197e-01 -1.193117e+00 -2.041169e-01 -2.285755e-01
 2.493826e-01 -9.430542e-01 -6.315929e-01 -6.424187e-01
 8.598691e-01 -1.257843e+00 -6.510546e-01 -2.381029e-01
 2.867209e-01 -1.450356e+00 -2.773818e-01 -8.958381e-01
 2.591569e-01 -1.130630e+00 -3.660856e-01 -1.337510e+00
 3.239234e-01 -1.405640e+00 -8.231934e-01 -7.303150e-01
 2.902215e-01 -1.262890e+00 -1.062927e+00 -2.442228e-01
 2.510242e-01 -1.289090e+00 -1.972999e-01 -4.894868e-01
 2.943103e-01 -1.163720e+00 -2.102177e-01 -1.633423e-01
 3.147056e-01 -1.687465e+00 -3.235940e-01 -2.733630e-01
 2.845643e-01 -1.251680e+00 -6.244819e-01 -1.808291e-01
 1.275600e+00 -8.855557e-01 -2.900532e-01 -8.139004e-01
 9.216639e-01 -7.193893e-01 -3.270583e-01 -1.273198e+00
 8.067560e-01 -7.981814e-01 -1.013633e+00 -8.647171e-01
 8.115529e-01 -7.897134e-01 -1.205277e+00 -2.747139e-01
 9.617589e-01 -6.989810e-01 -2.121921e-01 -6.250545e-01
 1.088650e+00 -7.486727e-01 -2.247958e-01 -2.147733e-01
 8.512077e-01 -7.635634e-01 -6.661795e-01 -6.223776e-01
 1.112123e+00 -7.944690e-01 -7.194498e-01 -2.342442e-01
 1.433043e+00 -2.792759e-01 -2.517852e-01 -7.862515e-01
 1.097271e+00 -2.510329e-01 -2.664614e-01 -1.173874e+00
 1.155138e+00 -2.962580e-01 -9.398706e-01 -8.466671e-01
 1.169811e+00 -2.906556e-01 -1.150316e+00 -2.746565e-01
 1.626430e+00 -3.498132e-01 -2.806321e-01 -2.784737e-01
 1.173831e+00 -2.407063e-01 -2.093669e-01 -2.199750e-01
 1.090042e+00 -2.390674e-01 -6.241863e-01 -5.852606e-01
 1.190249e+00 -2.601822e-01 -6.784787e-01 -2.057445e-01
 1.979817e-01 -5.456665e-01 -6.787511e-01 -1.115287e+00
 2.101940e-01 -5.833713e-01 -2.312658e-01 -1.233412e+00
 2.055506e-01 -5.249310e-01 -1.042205e+00 -7.406203e-01
 2.025561e-01 -3.134394e-01 -1.480634e+00 -2.833066e-01
 2.168258e-01 -5.980162e-01 -2.131659e-01 -6.312175e-01
 2.109090e-01 -6.316875e-01 -2.066067e-01 -1.971321e-01
 2.246259e-01 -6.262718e-01 -6.422205e-01 -5.413708e-01
 2.146422e-01 -6.686703e-01 -6.790464e-01 -1.698486e-01
 2.132393e-01 -1.859403e-01 -5.419875e-01 -9.839002e-01
 2.284841e-01 -2.001612e-01 -1.892218e-01 -1.138622e+00
 2.130832e-01 -1.801202e-01 -9.285224e-01 -6.560382e-01
 2.292566e-01 -2.199757e-01 -1.077945e+00 -2.084355e-01
 2.220608e-01 -1.986417e-01 -2.217163e-01 -6.101094e-01
 2.337689e-01 -2.081781e-01 -1.995156e-01 -1.942956e-01
 2.317895e-01 -2.165102e-01 -6.016693e-01 -4.954889e-01
 2.314142e-01 -2.189479e-01 -6.342690e-01 -1.675852e-01
 2.755718e-01 -2.809884e-01 -9.077541e-01 -1.404652e+00
 3.164367e-01 -3.097482e-01 -3.134934e-01 -1.646440e+00
 3.570806e-01 -2.891901e-01 -1.361647e+00 -9.573908e-01
 6.514145e-01 -3.052241e-01 -1.531986e+00 -3.460230e-01
 6.401520e-01 -5.600236e-01 -1.994529e-01 -5.984171e-01
 6.547207e-01 -6.167048e-01 -2.053780e-01 -1.874755e-01
 6.201931e-01 -5.811891e-01 -6.094100e-01 -5.489936e-01
 6.461968e-01 -6.446467e-01 -6.496285e-01 -1.668727e-01
 6.321459e-01 -2.018808e-01 -7.049833e-01 -1.145653e+00
 6.546035e-01 -2.040282e-01 -2.370202e-01 -1.243498e+00
 6.592735e-01 -2.013384e-01 -1.001548e+00 -7.450854e-01
 6.760115e-01 -2.164414e-01 -1.099715e+00 -2.310344e-01
 6.896174e-01 -1.865456e-01 -2.052905e-01 -6.511409e-01
 7.095543e-01 -1.988777e-01 -2.088071e-01 -1.970014e-01
 6.870990e-01 -2.072044e-01 -6.086379e-01 -5.713351e-01
 7.066166e-01 -2.121782e-01 -6.553524e-01 -1.787326e-01
-7.419922e-01  1.204428e+00  2.435439e-01  8.495727e-01
-5.025079e-01  8.572237e-01  2.430492e-01  1.172996e+00
-2.761521e-01  9.410986e-01  1.073477e+00  8.249801e-01
-2.619343e-01  8.212062e-01  1.272589e+00  2.540283e-01
-2.573657e-01  9.597762e-01  2.204277e-01  6.815097e-01
-8.821197e-01  1.193117e+00  2.041169e-01  2.285755e-01
-2.493826e-01  9.430542e-01  6.315929e-01  6.424187e-01
-8.598691e-01  1.257843e+00  6.510546e-01  2.381029e-01
-2.867209e-01  1.450356e+00  2.773818e-01  8.958381e-01
-2.591569e-01  1.130630e+00  3.660856e-01  1.337510e+00
-3.239234e-01  1.405640e+00  8.231934e-01  7.303150e-01
-2.902215e-01  1.262890e+00  1.062927e+00  2.442228e-01
-2.510242e-01  1.289090e+00  1.972999e-01  4.894868e-01
-2.943103e-01  1.163720e+00  2.102177e-01  1.633423e-01
-3.147056e-01  1.687465e+00  3.235940e-01  2.733630e-01
-2.845643e-01  1.251680e+00  6.244819e-01  1.808291e-01
-1.275600e+00  8.855557e-01  2.900532e-01  8.139004e-01
-9.216639e-01  7.193893e-01  3.270583e-01  1.273198e+00
-8.067560e-01  7.981814e-01  1.013633e+00  8.647171e-01
-8.115529e-01  7.897134e-01  1.205277e+00  2.747139e-01
-9.617589e-01  6.989810e-01  2.121921e-01  6.250545e-01
-1.088650e+00  7.486727e-01  2.247958e-01  2.147733e-01
-8.512077e-01  7.635634e-01  6.661795e-01  6.223776e-01
-1.112123e+00  7.944690e-01  7.194498e-01  2.342442e-01
-1.433043e+00  2.792759e-01  2.517852e-01  7.862515e-01
-1.097271e+00  2.510329e-01  2.664614e-01  1.173874e+00
-1.155138e+00  2.962580e-01  9.398706e-01  8.466671e-01
-1.169811e+00  2.906556e-01  1.150316e+00  2.746565e-01
-1.626430e+00  3.498132e-01  2.806321e-01  2.784737e-01
-1.173831e+00  2.407063e-01  2.093669e-01  2.199750e-01
-1.090042e+00  2.390674e-01  6.241863e-01  5.852606e-01
-1.190249e+00  2.601822e-01  6.784787e-01  2.057445e-01
-1.979817e-01  5.456665e-01  6.787511e-01  1.115287e+00
-2.101940e-01  5.833713e-01  2.312658e-01  1.233412e+00
-2.055506e-01  5.249310e-01  1.042205e+00  7.406203e-01
-2.025561e-01  3.134394e-01  1.480634e+00  2.833066e-01
-2.168258e-01  5.980162e-01  2.131659e-01  6.312175e-01
-2.109090e-01  6.316875e-01  2.066067e-01  1.971321e-01
-2.246259e-01  6.262718e-01  6.422205e-01  5.413708e-01
-2.146422e-01  6.686703e-01  6.790464e-01  1.698486e-01
-2.132393e-01  1.859403e-01  5.419875e-01  9.839002e-01
-2.284841e-01  2.001612e-01  1.892218e-01  1.138622e+00
-2.130832e-01  1.801202e-01  9.285224e-01  6.560382e-01
-2.292566e-01  2.199757e-01  1.077945e+00  2.084355e-01
-2.220608e-01  1.986417e-01  2.217163e-01  6.101094e-01
-2.337689e-01  2.081781e-01  1.995156e-01  1.942956e-01
-2.317895e-01  2.165102e-01  6.016693e-01  4.954889e-01
-2.314142e-01  2.189479e-01  6.342690e-01  1.675852e-01
-2.755718e-01  2.809884e-01  9.077541e-01  1.404652e+00
-3.164367e-01  3.097482e-01  3.134934e-01  1.646440e+00
-3.570806e-01  2.891901e-01  1.361647e+00  9.573908e-01
-6.514145e-01  3.052241e-01  1.531986e+00  3.460230e-01
-6.401520e-01  5.600236e-01  1.994529e-01  5.984171e-01
-6.547207e-01  6.167048e-01  2.053780e-01  1.874755e-01
-6.201931e-01  5.811891e-01  6.094100e-01  5.489936e-01
-6.461968e-01  6.446467e-01  6.496285e-01  1.668727e-01
-6.321459e-01  2.018808e-01  7.049833e-01  1.145653e+00
-6.546035e-01  2.040282e-01  2.370202e-01  1.243498e+00
-6.592735e-01  2.013384e-01  1.001548e+00  7.450854e-01
-6.760115e-01  2.164414e-01  1.099715e+00  2.310344e-01
-6.896174e-01  1.865456e-01  2.052905e-01  6.511409e-01
-7.095543e-01  1.988777e-01  2.088071e-01  1.970014e-01
-6.870990e-01  2.072044e-01  6.086379e-01  5.713351e-01
-7.066166e-01  2.121782e-01  6.553524e-01  1.787326e-01
-7.419922e-01  1.204428e+00  2.435439e-01 -8.495727e-01
-5.025079e-01  8.572237e-01  2.430492e-01 -1.172996e+00
-2.761521e-01  9.410986e-01  1.073477e+00 -8.249801e-01
-2.619343e-01  8.212062e-01  1.272589e+00 -2.540283e-01
-2.573657e-01  9.597762e-01  2.204277e-01 -6.815097e-01
-8.821197e-01  1.193117e+00  2.041169e-01 -2.285755e-01
-2.493826e-01  9.430542e-01  6.315929e-01 -6.424187e-01
-8.598691e-01  1.257843e+00  6.510546e-01 -2.381029e-01
-2.867209e-01  1.450356e+00  2.773818e-01 -8.958381e-01
-2.591569e-01  1.130630e+00  3.660856e-01 -1.337510e+00
-3.239234e-01  1.405640e+00  8.231934e-01 -7.303150e-01
-2.902215e-01  1.262890e+00  1.062927e+00 -2.442228e-01
-2.510242e-01  1.289090e+00  1.972999e-01 -4.894868e-01
-2.943103e-01  1.163720e+00  2.102177e-01 -1.633423e-01
-3.147056e-01  1.687465e+00  3.235940e-01 -2.733630e-01
-2.845643e-01  1.251680e+00  6.244819e-01 -1.808291e-01
-1.275600e+00  8.855557e-01  2.900532e-01 -8.139004e-01
-9.216639e-01  7.193893e-01  3.270583e-01 -1.273198e+00
-8.067560e-01  7.981814e-01  1.013633e+00 -8.647171e-01
-8.115529e-01  7.897134e-01  1.205277e+00 -2.747139e-01
-9.617589e-01  6.989810e-01  2.121921e-01 -6.250545e-01
-1.088650e+00  7.486727e-01  2.247958e-01 -2.147733e-01
-8.512077e-01  7.635634e-01  6.661795e-01 -6.223776e-01
-1.112123e+00  7.944690e-01  7.194498e-01 -2.342442e-01
-1.433043e+00  2.792759e-01  2.517852e-01 -7.862515e-01
-1.097271e+00  2.510329e-01  2.664614e-01 -1.173874e+00
-1.155138e+00  2.962580e-01  9.398706e-01 -8.466671e-01
-1.169811e+00  2.906556e-01  1.150316e+00 -2.746565e-01
-1.626430e+00  3.498132e-01  2.806321e-01 -2.784737e-01
-1.173831e+00  2.407063e-01  2.093669e-01 -2.199750e-01
-1.090042e+00  2.390674e-01  6.241863e-01 -5.852606e-01
-1.190249e+00  2.601822e-01  6.784787e-01 -2.057445e-01
-1.979817e-01  5.456665e-01  6.787511e-01 -1.115287e+00
-2.101940e-01  5.833713e-01  2.312658e-01 -1.233412e+00
-2.055506e-01  5.249310e-01  1.042205e+00 -7.406203e-01
-2.025561e-01  3.134394e-01  1.480634e+00 -2.833066e-01
-2.168258e-01  5.980162e-01  2.131659e-01 -6.312175e-01
-2.109090e-01  6.316875e-01  2.066067e-01 -1.971321e-01
-2.246259e-01  6.262718e-01  6.422205e-01 -5.413708e-01
-2.146422e-01  6.686703e-01  6.790464e-01 -1.698486e-01
-2.132393e-01  1.859403e-01  5.419875e-01 -9.839002e-01
-2.284841e-01  2.001612e-01  1.892218e-01 -1.138622e+00
-2.130832e-01  1.801202e-01  9.285224e-01 -6.560382e-01
-2.292566e-01  2.199757e-01  1.077945e+00 -2.084355e-01
-2.220608e-01  1.986417e-01  2.217163e-01 -6.101094e-01
-2.337689e-01  2.081781e-01  1.995156e-01 -1.942956e-01
-2.317895e-01  2.165102e-01  6.016693e-01 -4.954889e-01
-2.314142e-01  2.189479e-01  6.342690e-01 -1.675852e-01
-2.755718e-01  2.809884e-01  9.077541e-01 -1.404652e+00
-3.164367e-01  3.097482e-01  3.134934e-01 -1.646440e+00
-3.570806e-01  2.891901e-01  1.361647e+00 -9.573908e-01
-6.514145e-01  3.052241e-01  1.531986e+00 -3.460230e-01
-6.401520e-01  5.600236e-01  1.994529e-01 -5.984171e-01
-6.547207e-01  6.167048e-01  2.053780e-01 -1.874755e-01
-6.201931e-01  5.811891e-01  6.094100e-01 -5.489936e-01
-6.461968e-01  6.446467e-01  6.496285e-01 -1.668727e-01
-6.321459e-01  2.018808e-01  7.049833e-01 -1.145653e+00
-6.546035e-01  2.040282e-01  2.370202e-01 -1.243498e+00
-6.592735e-01  2.013384e-01  1.001548e+00 -7.450854e-01
-6.760115e-01  2.164414e-01  1.099715e+00 -2.310344e-01
-6.896174e-01  1.865456e-01  2.052905e-01 -6.511409e-01
-7.095543e-01  1.988777e-01  2.088071e-01 -1.970014e-01
-6.870990e-01  2.072044e-01  6.086379e-01 -5.713351e-01
-7.066166e-01  2.121782e-01  6.553524e-01 -1.787326e-01
-7.419922e-01  1.204428e+00 -2.435439e-01  8.495727e-01
-5.025079e-01  8.572237e-01 -2.430492e-01  1.172996e+00
-2.761521e-01  9.410986e-01 -1.073477e+00  8.249801e-01
-2.619343e-01  8.212062e-01 -1.272589e+00  2.540283e-01
-2.573657e-01  9.597762e-01 -2.204277e-01  6.815097e-01
-8.821197e-01  1.193117e+00 -2.041169e-01  2.285755e-01
-2.493826e-01  9.430542e-01 -6.315929e-01  6.424187e-01
-8.598691e-01  1.257843e+00 -6.510546e-01  2.381029e-01
-2.867209e-01  1.450356e+00 -2.773818e-01  8.958381e-01
-2.591569e-01  1.130630e+00 -3.660856e-01  1.337510e+00
-3.239234e-01  1.405640e+00 -8.231934e-01  7.303150e-01
-2.902215e-01  1.262890e+00 -1.062927e+00  2.442228e-01
-2.510242e-01  1.289090e+00 -1.972999e-01  4.894868e-01
-2.943103e-01  1.163720e+00 -2.102177e-01  1.633423e-01
-3.147056e-01  1.687465e+00 -3.235940e-01  2.733630e-01
-2.845643e-01  1.251680e+00 -6.244819e-01  1.808291e-01
-1.275600e+00  8.855557e-01 -2.900532e-01  8.139004e-01
-9.216639e-01  7.193893e-01 -3.270583e-01  1.273198e+00
-8.067560e-01  7.981814e-01 -1.013633e+00  8.647171e-01
-8.115529e-01  7.897134e-01 -1.205277e+00  2.747139e-01
-9.617589e-01  6.989810e-01 -2.121921e-01  6.250545e-01
-1.088650e+00  7.486727e-01 -2.247958e-01  2.147733e-01
-8.512077e-01  7.635634e-01 -6.661795e-01  6.223776e-01
-1.112123e+00  7.944690e-01 -7.194498e-01  2.342442e-01
-1.433043e+00  2.792759e-01 -2.517852e-01  7.862515e-01
-1.097271e+00  2.510329e-01 -2.664614e-01  1.173874e+00
-1.155138e+00  2.962580e-01 -9.398706e-01  8.466671e-01
-1.169811e+00  2.906556e-01 -1.150316e+00  2.746565e-01
-1.626430e+00  3.498132e-01 -2.806321e-01  2.784737e-01
-1.173831e+00  2.407063e-01 -2.093669e-01  2.199750e-01
-1.090042e+00  2.390674e-01 -6.241863e-01  5.852606e-01
-1.190249e+00  2.601822e-01 -6.784787e-01  2.057445e-01
-1.979817e-01  5.456665e-01 -6.787511e-01  1.115287e+00
-2.101940e-01  5.833713e-01 -2.312658e-01  1.233412e+00
-2.055506e-01  5.249310e-01 -1.042205e+00  7.406203e-01
-2.025561e-01  3.134394e-01 -1.480634e+00  2.833066e-01
-2.168258e-01  5.980162e-01 -2.131659e-01  6.312175e-01
-2.109090e-01  6.316875e-01 -2.066067e-01  1.971321e-01
-2.246259e-01  6.262718e-01 -6.422205e-01  5.413708e-01
-2.146422e-01  6.686703e-01 -6.790464e-01  1.698486e-01
-2.132393e-01  1.859403e-01 -5.419875e-01  9.839002e-01
-2.284841e-01  2.001612e-01 -1.892218e-01  1.138622e+00
-2.130832e-01  1.801202e-01 -9.285224e-01  6.560382e-01
-2.292566e-01  2.199757e-01 -1.077945e+00  2.084355e-01
-2.220608e-01  1.986417e-01 -2.217163e-01  6.101094e-01
-2.337689e-01  2.081781e-01 -1.995156e-01  1.942956e-01
-2.317895e-01  2.165102e-01 -6.016693e-01  4.954889e-01
-2.314142e-01  2.189479e-01 -6.342690e-01  1.675852e-01
-2.755718e-01  2.809884e-01 -9.077541e-01  1.404652e+00
-3.164367e-01  3.097482e-01 -3.134934e-01  1.646440e+00
-3.570806e-01  2.891901e-01 -1.361647e+00  9.573908e-01
-6.514145e-01  3.052241e-01 -1.531986e+00  3.460230e-01
-6.401520e-01  5.600236e-01 -1.994529e-01  5.984171e-01
-6.547207e-01  6.167048e-01 -2.053780e-01  1.874755e-01
-6.201931e-01  5.811891e-01 -6.094100e-01  5.489936e-01
-6.461968e-01  6.446467e-01 -6.496285e-01  1.668727e-01
-6.321459e-01  2.018808e-01 -7.049833e-01  1.145653e+00
-6.546035e-01  2.040282e-01 -2.370202e-01  1.243498e+00
-6.592735e-01  2.013384e-01 -1.001548e+00  7.450854e-01
-6.760115e-01  2.164414e-01 -1.099715e+00  2.310344e-01
-6.896174e-01  1.865456e-01 -2.052905e-01  6.511409e-01
-7.095543e-01  1.988777e-01 -2.088071e-01  1.970014e-01
-6.870990e-01  2.072044e-01 -6.086379e-01  5.713351e-01
-7.066166e-01  2.121782e-01 -6.553524e-01  1.787326e-01
-7.419922e-01  1.204428e+00 -2.435439e-01 -8.495727e-01
-5.025079e-01  8.572237e-01 -2.430492e-01 -1.172996e+00
-2.761521e-01  9.410986e-01 -1.073477e+00 -8.249801e-01
-2.619343e-01  8.212062e-01 -1.272589e+00 -2.540283e-01
-2.573657e-01  9.597762e-01 -2.204277e-01 -6.815097e-01
-8.821197e-01  1.193117e+00 -2.041169e-01 -2.285755e-01
-2.493826e-01  9.430542e-01 -6.315929e-01 -6.424187e-01
-8.598691e-01  1.257843e+00 -6.510546e-01 -2.381029e-01
-2.867209e-01  1.450356e+00 -2.773818e-01 -8.958381e-01
-2.591569e-01  1.130630e+00 -3.660856e-01 -1.337510e+00
-3.239234e-01  1.405640e+00 -8.231934e-01 -7.303150e-01
-2.902215e-01  1.262890e+00 -1.062927e+00 -2.442228e-01
-2.510242e-01  1.289090e+00 -1.972999e-01 -4.894868e-01
-2.943103e-01  1.163720e+00 -2.102177e-01 -1.633423e-01
-3.147056e-01  1.687465e+00 -3.235940e-01 -2.733630e-01
-2.845643e-01  1.251680e+00 -6.244819e-01 -1.808291e-01
-1.275600e+00  8.855557e-01 -2.900532e-01 -8.139004e-01
-9.216639e-01  7.193893e-01 -3.270583e-01 -1.273198e+00
-8.067560e-01  7.981814e-01 -1.013633e+00 -8.647171e-01
-8.115529e-01  7.897134e-01 -1.205277e+00 -2.747139e-01
-9.617589e-01  6.989810e-01 -2.121921e-01 -6.250545e-01
-1.088650e+00  7.486727e-01 -2.247958e-01 -2.147733e-01
-8.512077e-01  7.635634e-01 -6.661795e-01 -6.223776e-01
-1.112123e+00  7.944690e-01 -7.194498e-01 -2.342442e-01
-1.433043e+00  2.792759e-01 -2.517852e-01 -7.862515e-01
-1.097271e+00  2.510329e-01 -2.664614e-01 -1.173874e+00
-1.155138e+00  2.962580e-01 -9.398706e-01 -8.466671e-01
-1.169811e+00  2.906556e-01 -1.150316e+00 -2.746565e-01
-1.626430e+00  3.498132e-01 -2.806321e-01 -2.784737e-01
-1.173831e+00  2.407063e-01 -2.093669e-01 -2.199750e-01
-1.090042e+00  2.390674e-01 -6.241863e-01 -5.852606e-01
-1.190249e+00  2.601822e-01 -6.784787e-01 -2.057445e-01
-1.979817e-01  5.456665e-01 -6.787511e-01 -1.115287e+00
-2.101940e-01  5.833713e-01 -2.312658e-01 -1.233412e+00
-2.055506e-01  5.249310e-01 -1.042205e+00 -7.406203e-01
-2.025561e-01  3.134394e-01 -1.480634e+00 -2.833066e-01
-2.168258e-01  5.980162e-01 -2.131659e-01 -6.312175e-01
-2.109090e-01  6.316875e-01 -2.066067e-01 -1.971321e-01
-2.246259e-01  6.262718e-01 -6.422205e-01 -5.413708e-01
-2.146422e-01  6.686703e-01 -6.790464e-01 -1.698486e-01
-2.132393e-01  1.859403e-01 -5.419875e-01 -9.839002e-01
-2.284841e-01  2.001612e-01 -1.892218e-01 -1.138622e+00
-2.130832e-01  1.801202e-01 -9.285224e-01 -6.560382e-01
-2.292566e-01  2.199757e-01 -1.077945e+00 -2.084355e-01
-2.220608e-01  1.986417e-01 -2.217163e-01 -6.101094e-01
-2.337689e-01  2.081781e-01 -1.995156e-01 -1.942956e-01
-2.317895e-01  2.165102e-01 -6.016693e-01 -4.954889e-01
-2.314142e-01  2.189479e-01 -6.342690e-01 -1.675852e-01
-2.755718e-01  2.809884e-01 -9.077541e-01 -1.404652e+00
-3.164367e-01  3.097482e-01 -3.134934e-01 -1.646440e+00
-3.570806e-01  2.891901e-01 -1.361647e+00 -9.573908e-01
-6.514145e-01  3.052241e-01 -1.531986e+00 -3.460230e-01
-6.401520e-01  5.600236e-01 -1.994529e-01 -5.984171e-01
-6.547207e-01  6.167048e-01 -2.053780e-01 -1.874755e-01
-6.201931e-01  5.811891e-01 -6.094100e-01 -5.489936e-01
-6.461968e-01  6.446467e-01 -6.496285e-01 -1.668727e-01
-6.321459e-01  2.018808e-01 -7.049833e-01 -1.145653e+00
-6.546035e-01  2.040282e-01 -2.370202e-01 -1.243498e+00
-6.592735e-01  2.013384e-01 -1.001548e+00 -7.450854e-01
-6.760115e-01  2.164414e-01 -1.099715e+00 -2.310344e-01
-6.896174e-01  1.865456e-01 -2.052905e-01 -6.511409e-01
-7.095543e-01  1.988777e-01 -2.088071e-01 -1.970014e-01
-6.870990e-01  2.072044e-01 -6.086379e-01 -5.713351e-01
-7.066166e-01  2.121782e-01 -6.553524e-01 -1.787326e-01
-7.419922e-01 -1.204428e+00  2.435439e-01  8.495727e-01
-5.025079e-01 -8.572237e-01  2.430492e-01  1.172996e+00
-2.761521e-01 -9.410986e-01  1.073477e+00  8.249801e-01
-2.619343e-01 -8.212062e-01  1.272589e+00  2.540283e-01
-2.573657e-01 -9.597762e-01  2.204277e-01  6.815097e-01
-8.821197e-01 -1.193117e+00  2.041169e-01  2.285755e-01
-2.493826e-01 -9.430542e-01  6.315929e-01  6.424187e-01
-8.598691e-01 -1.257843e+00  6.510546e-01  2.381029e-01
-2.867209e-01 -1.450356e+00  2.773818e-01  8.958381e-01
-2.591569e-01 -1.130630e+00  3.660856e-01  1.337510e+00
-3.239234e-01 -1.405640e+00  8.231934e-01  7.303150e-01
-2.902215e-01 -1.262890e+00  1.062927e+00  2.442228e-01
-2.510242e-01 -1.289090e+00  1.972999e-01  4.894868e-01
-2.943103e-01 -1.163720e+00  2.102177e-01  1.633423e-01
-3.147056e-01 -1.687465e+00  3.235940e-01  2.733630e-01
-2.845643e-01 -1.251680e+00  6.244819e-01  1.808291e-01
-1.275600e+00 -8.855557e-01  2.900532e-01  8.139004e-01
-9.216639e-01 -7.193893e-01  3.270583e-01  1.273198e+00
-8.067560e-01 -7.981814e-01  1.013633e+00  8.647171e-01
-8.115529e-01 -7.897134e-01  1.205277e+00  2.747139e-01
-9.617589e-01 -6.989810e-01  2.121921e-01  6.250545e-01
-1.088650e+00 -7.486727e-01  2.247958e-01  2.147733e-01
-8.512077e-01 -7.635634e-01  6.661795e-01  6.223776e-01
-1.112123e+00 -7.944690e-01  7.194498e-01  2.342442e-01
-1.433043e+00 -2.792759e-01  2.517852e-01  7.862515e-01
-1.097271e+00 -2.510329e-01  2.664614e-01  1.173874e+00
-1.155138e+00 -2.962580e-01  9.398706e-01  8.466671e-01
-1.169811e+00 -2.906556e-01  1.150316e+00  2.746565e-01
-1.626430e+00 -3.498132e-01  2.806321e-01  2.784737e-01
-1.173831e+00 -2.407063e-01  2.093669e-01  2.199750e-01
-1.090042e+00 -2.390674e-01  6.241863e-01  5.852606e-01
-1.190249e+00 -2.601822e-01  6.784787e-01  2.057445e-01
-1.979817e-01 -5.456665e-01  6.787511e-01  1.115287e+00
-2.101940e-01 -5.833713e-01  2.312658e-01  1.233412e+00
-2.055506e-01 -5.249310e-01  1.042205e+00  7.406203e-01
-2.025561e-01 -3.134394e-01  1.480634e+00  2.833066e-01
-2.168258e-01 -5.980162e-01  2.131659e-01  6.312175e-01
-2.109090e-01 -6.316875e-01  2.066067e-01  1.971321e-01
-2.246259e-01 -6.262718e-01  6.422205e-01  5.413708e-01
-2.146422e-01 -6.686703e-01  6.790464e-01  1.698486e-01
-2.132393e-01 -1.859403e-01  5.419875e-01  9.839002e-01
-2.284841e-01 -2.001612e-01  1.892218e-01  1.138622e+00
-2.130832e-01 -1.801202e-01  9.285224e-01  6.560382e-01
-2.292566e-01 -2.199757e-01  1.077945e+00  2.084355e-01
-2.220608e-01 -1.986417e-01  2.217163e-01  6.101094e-01
-2.337689e-01 -2.081781e-01  1.995156e-01  1.942956e-01
-2.317895e-01 -2.165102e-01  6.016693e-01  4.954889e-01
-2.314142e-01 -2.189479e-01  6.342690e-01  1.675852e-01
-2.755718e-01 -2.809884e-01  9.077541e-01  1.404652e+00
-3.164367e-01 -3.097482e-01  3.134934e-01  1.646440e+00
-3.570806e-01 -2.891901e-01  1.361647e+00  9.573908e-01
-6.514145e-01 -3.052241e-01  1.531986e+00  3.460230e-01
-6.401520e-01 -5.600236e-01  1.994529e-01  5.984171e-01
-6.547207e-01 -6.167048e-01  2.053780e-01  1.874755e-01
-6.201931e-01 -5.811891e-01  6.094100e-01  5.489936e-01
-6.461968e-01 -6.446467e-01  6.496285e-01  1.668727e-01
-6.321459e-01 -2.018808e-01  7.049833e-01  1.145653e+00
-6.546035e-01 -2.040282e-01  2.370202e-01  1.243498e+00
-6.592735e-01 -2.013384e-01  1.001548e+00  7.450854e-01
-6.760115e-01 -2.164414e-01  1.099715e+00  2.310344e-01
-6.896174e-01 -1.865456e-01  2.052905e-01  6.511409e-01
-7.095543e-01 -1.988777e-01  2.088071e-01  1.970014e-01
-6.870990e-01 -2.072044e-01  6.086379e-01  5.713351e-01
-7.066166e-01 -2.121782e-01  6.553524e-01  1.787326e-01
-7.419922e-01 -1.204428e+00  2.435439e-01 -8.495727e-01
-5.025079e-01 -8.572237e-01  2.430492e-01 -1.172996e+00
-2.761521e-01 -9.410986e-01  1.073477e+00 -8.249801e-01
-2.619343e-01 -8.212062e-01  1.272589e+00 -2.540283e-01
-2.573657e-01 -9.597762e-01  2.204277e-01 -6.815097e-01
-8.821197e-01 -1.193117e+00  2.041169e-01 -2.285755e-01
-2.493826e-01 -9.430542e-01  6.315929e-01 -6.424187e-01
-8.598691e-01 -1.257843e+00  6.510546e-01 -2.381029e-01
-2.867209e-01 -1.450356e+00  2.773818e-01 -8.958381e-01
-2.591569e-01 -1.130630e+00  3.660856e-01 -1.337510e+00
-3.239234e-01 -1.405640e+00  8.231934e-01 -7.303150e-01
-2.902215e-01 -1.262890e+00  1.062927e+00 -2.442228e-01
-2.510242e-01 -1.289090e+00  1.972999e-01 -4.894868e-01
-2.943103e-01 -1.163720e+00  2.102177e-01 -1.633423e-01
-3.147056e-01 -1.687465e+00  3.235940e-01 -2.733630e-01
-2.845643e-01 -1.251680e+00  6.244819e-01 -1.808291e-01
-1.275600e+00 -8.855557e-01  2.900532e-01 -8.139004e-01
-9.216639e-01 -7.193893e-01  3.270583e-01 -1.273198e+00
-8.067560e-01 -7.981814e-01  1.013633e+00 -8.647171e-01
-8.115529e-01 -7.897134e-01  1.205277e+00 -2.747139e-01
-9.617589e-01 -6.989810e-01  2.121921e-01 -6.250545e-01
-1.088650e+00 -7.486727e-01  2.247958e-01 -2.147733e-01
-8.512077e-01 -7.635634e-01  6.661795e-01 -6.223776e-01
-1.112123e+00 -7.944690e-01  7.194498e-01 -2.342442e-01
-1.433043e+00 -2.792759e-01  2.517852e-01 -7.862515e-01
-1.097271e+00 -2.510329e-01  2.664614e-01 -1.173874e+00
-1.155138e+00 -2.962580e-01  9.398706e-01 -8.466671e-01
-1.169811e+00 -2.906556e-01  1.150316e+00 -2.746565e-01
-1.626430e+00 -3.498132e-01  2.806321e-01 -2.784737e-01
-1.173831e+00 -2.407063e-01  2.093669e-01 -2.199750e-01
-1.090042e+00 -2.390674e-01  6.241863e-01 -5.852606e-01
-1.190249e+00 -2.601822e-01  6.784787e-01 -2.057445e-01
-1.979817e-01 -5.456665e-01  6.787511e-01 -1.115287e+00
-2.101940e-01 -5.833713e-01  2.312658e-01 -1.233412e+00
-2.055506e-01 -5.249310e-01  1.042205e+00 -7.406203e-01
-2.025561e-01 -3.134394e-01  1.480634e+00 -2.833066e-01
-2.168258e-01 -5.980162e-01  2.131659e-01 -6.312175e-01
-2.109090e-01 -6.316875e-01  2.066067e-01 -1.971321e-01
-2.246259e-01 -6.262718e-01  6.422205e-01 -5.413708e-01
-2.146422e-01 -6.686703e-01  6.790464e-01 -1.698486e-01
-2.132393e-01 -1.859403e-01  5.419875e-01 -9.839002e-01
-2.284841e-01 -2.001612e-01  1.892218e-01 -1.138622e+00
-2.130832e-01 -1.801202e-01  9.285224e-01 -6.560382e-01
-2.292566e-01 -2.199757e-01  1.077945e+00 -2.084355e-01
-2.220608e-01 -1.986417e-01  2.217163e-01 -6.101094e-01
-2.337689e-01 -2.081781e-01  1.995156e-01 -1.942956e-01
-2.317895e-01 -2.165102e-01  6.016693e-01 -4.954889e-01
-2.314142e-01 -2.189479e-01  6.342690e-01 -1.675852e-01
-2.755718e-01 -2.809884e-01  9.077541e-01 -1.404652e+00
-3.164367e-01 -3.097482e-01  3.134934e-01 -1.646440e+00
-3.570806e-01 -2.891901e-01  1.361647e+00 -9.573908e-01
-6.514145e-01 -3.052241e-01  1.531986e+00 -3.460230e-01
-6.401520e-01 -5.600236e-01  1.994529e-01 -5.984171e-01
-6.547207e-01 -6.167048e-01  2.053780e-01 -1.874755e-01
-6.201931e-01 -5.811891e-01  6.094100e-01 -5.489936e-01
-6.461968e-01 -6.446467e-01  6.496285e-01 -1.668727e-01
-6.321459e-01 -2.018808e-01  7.049833e-01 -1.145653e+00
-6.546035e-01 -2.040282e-01  2.370202e-01 -1.243498e+00
-6.592735e-01 -2.013384e-01  1.001548e+00 -7.450854e-01
-6.760115e-01 -2.164414e-01  1.099715e+00 -2.310344e-01
-6.896174e-01 -1.865456e-01  2.052905e-01 -6.511409e-01
-7.095543e-01 -1.988777e-01  2.088071e-01 -1.970014e-01
-6.870990e-01 -2.072044e-01  6.086379e-01 -5.713351e-01
-7.066166e-01 -2.121782e-01  6.553524e-01 -1.787326e-01
-7.419922e-01 -1.204428e+00 -2.435439e-01  8.495727e-01
-5.025079e-01 -8.572237e-01 -2.430492e-01  1.172996e+00
-2.761521e-01 -9.410986e-01 -1.073477e+00  8.249801e-01
-2.619343e-01 -8.212062e-01 -1.272589e+00  2.540283e-01
-2.573657e-01 -9.597762e-01 -2.204277e-01  6.815097e-01
-8.821197e-01 -1.193117e+00 -2.041169e-01  2.285755e-01
-2.493826e-01 -9.430542e-01 -6.315929e-01  6.424187e-01
-8.598691e-01 -1.257843e+00 -6.510546e-01  2.381029e-01
-2.867209e-01 -1.450356e+00 -2.773818e-01  8.958381e-01
-2.591569e-01 -1.130630e+00 -3.660856e-01  1.337510e+00
-3.239234e-01 -1.405640e+00 -8.231934e-01  7.303150e-01
-2.902215e-01 -1.262890e+00 -1.062927e+00  2.442228e-01
-2.510242e-01 -1.289090e+00 -1.972999e-01  4.894868e-01
-2.943103e-01 -1.163720e+00 -2.102177e-01  1.633423e-01
-3.147056e-01 -1.687465e+00 -3.235940e-01  2.733630e-01
-2.845643e-01 -1.251680e+00 -6.244819e-01  1.808291e-01
-1.275600e+00 -8.855557e-01 -2.900532e-01  8.139004e-01
-9.216639e-01 -7.193893e-01 -3.270583e-01  1.273198e+00
-8.067560e-01 -7.981814e-01 -1.013633e+00  8.647171e-01
-8.115529e-01 -7.897134e-01 -1.205277e+00  2.747139e-01
-9.617589e-01 -6.989810e-01 -2.121921e-01  6.250545e-01
-1.088650e+00 -7.486727e-01 -2.247958e-01  2.147733e-01
-8.512077e-01 -7.635634e-01 -6.661795e-01  6.223776e-01
-1.112123e+00 -7.944690e-01 -7.194498e-01  2.342442e-01
-1.433043e+00 -2.792759e-01 -2.517852e-01  7.862515e-01
-1.097271e+00 -2.510329e-01 -2.664614e-01  1.173874e+00
-1.155138e+00 -2.962580e-01 -9.398706e-01  8.466671e-01
-1.169811e+00 -2.906556e-01 -1.150316e+00  2.746565e-01
-1.626430e+00 -3.498132e-01 -2.806321e-01  2.784737e-01
-1.173831e+00 -2.407063e-01 -2.093669e-01  2.199750e-01
-1.090042e+00 -2.390674e-01 -6.241863e-01  5.852606e-01
-1.190249e+00 -2.601822e-01 -6.784787e-01  2.057445e-01
-1.979817e-01 -5.456665e-01 -6.787511e-01  1.115287e+00
-2.101940e-01 -5.833713e-01 -2.312658e-01  1.233412e+00
-2.055506e-01 -5.249310e-01 -1.042205e+00  7.406203e-01
-2.025561e-01 -3.134394e-01 -1.480634e+00  2.833066e-01
-2.168258e-01 -5.980162e-01 -2.131659e-01  6.312175e-01
-2.109090e-01 -6.316875e-01 -2.066067e-01  1.971321e-01
-2.246259e-01 -6.262718e-01 -6.422205e-01  5.413708e-01
-2.146422e-01 -6.686703e-01 -6.790464e-01  1.698486e-01
-2.132393e-01 -1.859403e-01 -5.419875e-01  9.839002e-01
-2.284841e-01 -2.001612e-01 -1.892218e-01  1.138622e+00
-2.130832e-01 -1.801202e-01 -9.285224e-01  6.560382e-01
-2.292566e-01 -2.199757e-01 -1.077945e+00  2.084355e-01
-2.220608e-01 -1.986417e-01 -2.217163e-01  6.101094e-01
-2.337689e-01 -2.081781e-01 -1.995156e-01  1.942956e-01
-2.317895e-01 -2.165102e-01 -6.016693e-01  4.954889e-01
-2.314142e-01 -2.189479e-01 -6.342690e-01  1.675852e-01
-2.755718e-01 -2.809884e-01 -9.077541e-01  1.404652e+00
-3.164367e-01 -3.097482e-01 -3.134934e-01  1.646440e+00
-3.570806e-01 -2.891901e-01 -1.361647e+00  9.573908e-01
-6.514145e-01 -3.052241e-01 -1.531986e+00  3.460230e-01
-6.401520e-01 -5.600236e-01 -1.994529e-01  5.984171e-01
-6.547207e-01 -6.167048e-01 -2.053780e-01  1.874755e-01
-6.201931e-01 -5.811891e-01 -6.094100e-01  5.489936e-01
-6.461968e-01 -6.446467e-01 -6.496285e-01  1.668727e-01
-6.321459e-01 -2.018808e-01 -7.049833e-01  1.145653e+00
-6.546035e-01 -2.040282e-01 -2.370202e-01  1.243498e+00
-6.592735e-01 -2.013384e-01 -1.001548e+00  7.450854e-01
-6.760115e-01 -2.164414e-01 -1.099715e+00  2.310344e-01
-6.896174e-01 -1.865456e-01 -2.052905e-01  6.511409e-01
-7.095543e-01 -1.988777e-01 -2.088071e-01  1.970014e-01
-6.870990e-01 -2.072044e-01 -6.086379e-01  5.713351e-01
-7.066166e-01 -2.121782e-01 -6.553524e-01  1.787326e-01
-7.419922e-01 -1.204428e+00 -2.435439e-01 -8.495727e-01
-5.025079e-01 -8.572237e-01 -2.430492e-01 -1.172996e+00
-2.761521e-01 -9.410986e-01 -1.073477e+00 -8.249801e-01
-2.619343e-01 -8.212062e-01 -1.272589e+00 -2.540283e-01
-2.573657e-01 -9.597762e-01 -2.204277e-01 -6.815097e-01
-8.821197e-01 -1.193117e+00 -2.041169e-01 -2.285755e-01
-2.493826e-01 -9.430542e-01 -6.315929e-01 -6.424187e-01
-8.598691e-01 -1.257843e+00 -6.510546e-01 -2.381029e-01
-2.867209e-01 -1.450356e+00 -2.773818e-01 -8.958381e-01
-2.591569e-01 -1.130630e+00 -3.660856e-01 -1.337510e+00
-3.239234e-01 -1.405640e+00 -8.231934e-01 -7.303150e-01
-2.902215e-01 -1.262890e+00 -1.062927e+00 -2.442228e-01
-2.510242e-01 -1.289090e+00 -1.972999e-01 -4.894868e-01
-2.943103e-01 -1.163720e+00 -2.102177e-01 -1.633423e-01
-3.147056e-01 -1.687465e+00 -3.235940e-01 -2.733630e-01
-2.845643e-01 -1.251680e+00 -6.244819e-01 -1.808291e-01
-1.275600e+00 -8.855557e-01 -2.900532e-01 -8.139004e-01
-9.216639e-01 -7.193893e-01 -3.270583e-01 -1.273198e+00
-8.067560e-01 -7.981814e-01 -1.013633e+00 -8.647171e-01
-8.115529e-01 -7.897134e-01 -1.205277e+00 -2.747139e-01
-9.617589e-01 -6.989810e-01 -2.121921e-01 -6.250545e-01
-1.088650e+00 -7.486727e-01 -2.247958e-01 -2.147733e-01
-8.512077e-01 -7.635634e-01 -6.661795e-01 -6.223776e-01
-1.112123e+00 -7.944690e-01 -7.194498e-01 -2.342442e-01
-1.433043e+00 -2.792759e-01 -2.517852e-01 -7.862515e-01
-1.097271e+00 -2.510329e-01 -2.664614e-01 -1.173874e+00
-1.155138e+00 -2.962580e-01 -9.398706e-01 -8.466671e-01
-1.169811e+00 -2.906556e-01 -1.150316e+00 -2.746565e-01
-1.626430e+00 -3.498132e-01 -2.806321e-01 -2.784737e-01
-1.173831e+00 -2.407063e-01 -2.093669e-01 -2.199750e-01
-1.090042e+00 -2.390674e-01 -6.241863e-01 -5.852606e-01
-1.190249e+00 -2.601822e-01 -6.784787e-01 -2.057445e-01
-1.979817e-01 -5.456665e-01 -6.787511e-01 -1.115287e+00
-2.101940e-01 -5.833713e-01 -2.312658e-01 -1.233412e+00
-2.055506e-01 -5.249310e-01 -1.042205e+00 -7.406203e-01
-2.025561e-01 -3.134394e-01 -1.480634e+00 -2.833066e-01
-2.168258e-01 -5.980162e-01 -2.131659e-01 -6.312175e-01
-2.109090e-01 -6.316875e-01 -2.066067e-01 -1.971321e-01
-2.246259e-01 -6.262718e-01 -6.422205e-01 -5.413708e-01
-2.146422e-01 -6.686703e-01 -6.790464e-01 -1.698486e-01
-2.132393e-01 -1.859403e-01 -5.419875e-01 -9.839002e-01
-2.284841e-01 -2.001612e-01 -1.892218e-01 -1.138622e+00
-2.130832e-01 -1.801202e-01 -9.285224e-01 -6.560382e-01
-2.292566e-01 -2.199757e-01 -1.077945e+00 -2.084355e-01
-2.220608e-01 -1.986417e-01 -2.217163e-01 -6.101094e-01
-2.337689e-01 -2.081781e-01 -1.995156e-01 -1.942956e-01
-2.317895e-01 -2.165102e-01 -6.016693e-01 -4.954889e-01
-2.314142e-01 -2.189479e-01 -6.342690e-01 -1.675852e-01
-2.755718e-01 -2.809884e-01 -9.077541e-01 -1.404652e+00
-3.164367e-01 -3.097482e-01 -3.134934e-01 -1.646440e+00
-3.570806e-01 -2.891901e-01 -1.361647e+00 -9.573908e-01
-6.514145e-01 -3.052241e-01 -1.531986e+00 -3.460230e-01
-6.401520e-01 -5.600236e-01 -1.994529e-01 -5.984171e-01
-6.547207e-01 -6.167048e-01 -2.053780e-01 -1.874755e-01
-6.201931e-01 -5.811891e-01 -6.094100e-01 -5.489936e-01
-6.461968e-01 -6.446467e-01 -6.496285e-01 -1.668727e-01
-6.321459e-01 -2.018808e-01 -7.049833e-01 -1.145653e+00
-6.546035e-01 -2.040282e-01 -2.370202e-01 -1.243498e+00
-6.592735e-01 -2.013384e-01 -1.001548e+00 -7.450854e-01
-6.760115e-01 -2.164414e-01 -1.099715e+00 -2.310344e-01
-6.896174e-01 -1.865456e-01 -2.052905e-01 -6.511409e-01
-7.095543e-01 -1.988777e-01 -2.088071e-01 -1.970014e-01
-6.870990e-01 -2.072044e-01 -6.086379e-01 -5.713351e-01
-7.066166e-01 -2.121782e-01 -6.553524e-01 -1.787326e-01
