 8.362379e-01  8.406945e-01  8.379936e-01  8.368121e-01
 8.953596e-01  8.953598e-01  8.972489e-01  2.860137e-01
 8.942233e-01  8.972028e-01  2.873671e-01  8.960518e-01
 9.927694e-01  9.911075e-01  2.908041e-01  2.895902e-01
 8.986662e-01  2.871074e-01  8.948608e-01  8.959979e-01
 9.758521e-01  2.864618e-01  9.758314e-01  2.894084e-01
 9.749169e-01  2.890413e-01  2.900695e-01  9.762523e-01
 1.158550e+00  2.912902e-01  2.891837e-01  2.889845e-01
 2.875518e-01  8.969647e-01  8.965020e-01  8.935915e-01
 2.892405e-01  9.726928e-01  9.789755e-01  2.879335e-01
 2.884746e-01  9.758398e-01  2.876058e-01  9.739977e-01
 2.898215e-01  1.154700e+00  2.882234e-01  2.867585e-01
 2.908956e-01  2.891405e-01  9.925177e-01  9.947940e-01
 2.895215e-01  2.869319e-01  1.156707e+00  2.913830e-01
 2.897974e-01  2.909891e-01  2.905290e-01  1.159448e+00
 2.766828e-01  2.749888e-01  2.761423e-01  2.785848e-01
 8.362379e-01  8.406945e-01  8.379936e-01 -8.368121e-01
 8.953596e-01  8.953598e-01  8.972489e-01 -2.860137e-01
 8.942233e-01  8.972028e-01  2.873671e-01 -8.960518e-01
 9.927694e-01  9.911075e-01  2.908041e-01 -2.895902e-01
 8.986662e-01  2.871074e-01  8.948608e-01 -8.959979e-01
 9.758521e-01  2.864618e-01  9.758314e-01 -2.894084e-01
 9.749169e-01  2.890413e-01  2.900695e-01 -9.762523e-01
 1.158550e+00  2.912902e-01  2.891837e-01 -2.889845e-01
 2.875518e-01  8.969647e-01  8.965020e-01 -8.935915e-01
 2.892405e-01  9.726928e-01  9.789755e-01 -2.879335e-01
 2.884746e-01  9.758398e-01  2.876058e-01 -9.739977e-01
 2.898215e-01  1.154700e+00  2.882234e-01 -2.867585e-01
 2.908956e-01  2.891405e-01  9.925177e-01 -9.947940e-01
 2.895215e-01  2.869319e-01  1.156707e+00 -2.913830e-01
 2.897974e-01  2.909891e-01  2.905290e-01 -1.159448e+00
 2.766828e-01  2.749888e-01  2.761423e-01 -2.785848e-01
 8.362379e-01  8.406945e-01 -8.379936e-01  8.368121e-01
 8.953596e-01  8.953598e-01 -8.972489e-01  2.860137e-01
 8.942233e-01  8.972028e-01 -2.873671e-01  8.960518e-01
 9.927694e-01  9.911075e-01 -2.908041e-01  2.895902e-01
 8.986662e-01  2.871074e-01 -8.948608e-01  8.959979e-01
 9.758521e-01  2.864618e-01 -9.758314e-01  2.894084e-01
 9.749169e-01  2.890413e-01 -2.900695e-01  9.762523e-01
 1.158550e+00  2.912902e-01 -2.891837e-01  2.889845e-01
 2.875518e-01  8.969647e-01 -8.965020e-01  8.935915e-01
 2.892405e-01  9.726928e-01 -9.789755e-01  2.879335e-01
 2.884746e-01  9.758398e-01 -2.876058e-01  9.739977e-01
 2.898215e-01  1.154700e+00 -2.882234e-01  2.867585e-01
 2.908956e-01  2.891405e-01 -9.925177e-01  9.947940e-01
 2.895215e-01  2.869319e-01 -1.156707e+00  2.913830e-01
 2.897974e-01  2.909891e-01 -2.905290e-01  1.159448e+00
 2.766828e-01  2.749888e-01 -2.761423e-01  2.785848e-01
 8.362379e-01  8.406945e-01 -8.379936e-01 -8.368121e-01
 8.953596e-01  8.953598e-01 -8.972489e-01 -2.860137e-01
 8.942233e-01  8.972028e-01 -2.873671e-01 -8.960518e-01
 9.927694e-01  9.911075e-01 -2.908041e-01 -2.895902e-01
 8.986662e-01  2.871074e-01 -8.948608e-01 -8.959979e-01
 9.758521e-01  2.864618e-01 -9.758314e-01 -2.894084e-01
 9.749169e-01  2.890413e-01 -2.900695e-01 -9.762523e-01
 1.158550e+00  2.912902e-01 -2.891837e-01 -2.889845e-01
 2.875518e-01  8.969647e-01 -8.965020e-01 -8.935915e-01
 2.892405e-01  9.726928e-01 -9.789755e-01 -2.879335e-01
 2.884746e-01  9.758398e-01 -2.876058e-01 -9.739977e-01
 2.898215e-01  1.154700e+00 -2.882234e-01 -2.867585e-01
 2.908956e-01  2.891405e-01 -9.925177e-01 -9.947940e-01
 2.895215e-01  2.869319e-01 -1.156707e+00 -2.913830e-01
 2.897974e-01  2.909891e-01 -2.905290e-01 -1.159448e+00
 2.766828e-01  2.749888e-01 -2.761423e-01 -2.785848e-01
 8.362379e-01 -8.406945e-01  8.379936e-01  8.368121e-01
 8.953596e-01 -8.953598e-01  8.972489e-01  2.860137e-01
 8.942233e-01 -8.972028e-01  2.873671e-01  8.960518e-01
 9.927694e-01 -9.911075e-01  2.908041e-01  2.895902e-01
 8.986662e-01 -2.871074e-01  8.948608e-01  8.959979e-01
 9.758521e-01 -2.864618e-01  9.758314e-01  2.894084e-01
 9.749169e-01 -2.890413e-01  2.900695e-01  9.762523e-01
 1.158550e+00 -2.912902e-01  2.891837e-01  2.889845e-01
 2.875518e-01 -8.969647e-01  8.965020e-01  8.935915e-01
 2.892405e-01 -9.726928e-01  9.789755e-01  2.879335e-01
 2.884746e-01 -9.758398e-01  2.876058e-01  9.739977e-01
 2.898215e-01 -1.154700e+00  2.882234e-01  2.867585e-01
 2.908956e-01 -2.891405e-01  9.925177e-01  9.947940e-01
 2.895215e-01 -2.869319e-01  1.156707e+00  2.913830e-01
 2.897974e-01 -2.909891e-01  2.905290e-01  1.159448e+00
 2.766828e-01 -2.749888e-01  2.761423e-01  2.785848e-01
 8.362379e-01 -8.406945e-01  8.379936e-01 -8.368121e-01
 8.953596e-01 -8.953598e-01  8.972489e-01 -2.860137e-01
 8.942233e-01 -8.972028e-01  2.873671e-01 -8.960518e-01
 9.927694e-01 -9.911075e-01  2.908041e-01 -2.895902e-01
 8.986662e-01 -2.871074e-01  8.948608e-01 -8.959979e-01
 9.758521e-01 -2.864618e-01  9.758314e-01 -2.894084e-01
 9.749169e-01 -2.890413e-01  2.900695e-01 -9.762523e-01
 1.158550e+00 -2.912902e-01  2.891837e-01 -2.889845e-01
 2.875518e-01 -8.969647e-01  8.965020e-01 -8.935915e-01
 2.892405e-01 -9.726928e-01  9.789755e-01 -2.879335e-01
 2.884746e-01 -9.758398e-01  2.876058e-01 -9.739977e-01
 2.898215e-01 -1.154700e+00  2.882234e-01 -2.867585e-01
 2.908956e-01 -2.891405e-01  9.925177e-01 -9.947940e-01
 2.895215e-01 -2.869319e-01  1.156707e+00 -2.913830e-01
 2.897974e-01 -2.909891e-01  2.905290e-01 -1.159448e+00
 2.766828e-01 -2.749888e-01  2.761423e-01 -2.785848e-01
 8.362379e-01 -8.406945e-01 -8.379936e-01  8.368121e-01
 8.953596e-01 -8.953598e-01 -8.972489e-01  2.860137e-01
 8.942233e-01 -8.972028e-01 -2.873671e-01  8.960518e-01
 9.927694e-01 -9.911075e-01 -2.908041e-01  2.895902e-01
 8.986662e-01 -2.871074e-01 -8.948608e-01  8.959979e-01
 9.758521e-01 -2.864618e-01 -9.758314e-01  2.894084e-01
 9.749169e-01 -2.890413e-01 -2.900695e-01  9.762523e-01
 1.158550e+00 -2.912902e-01 -2.891837e-01  2.889845e-01
 2.875518e-01 -8.969647e-01 -8.965020e-01  8.935915e-01
 2.892405e-01 -9.726928e-01 -9.789755e-01  2.879335e-01
 2.884746e-01 -9.758398e-01 -2.876058e-01  9.739977e-01
 2.898215e-01 -1.154700e+00 -2.882234e-01  2.867585e-01
 2.908956e-01 -2.891405e-01 -9.925177e-01  9.947940e-01
 2.895215e-01 -2.869319e-01 -1.156707e+00  2.913830e-01
 2.897974e-01 -2.909891e-01 -2.905290e-01  1.159448e+00
 2.766828e-01 -2.749888e-01 -2.761423e-01  2.785848e-01
 8.362379e-01 -8.406945e-01 -8.379936e-01 -8.368121e-01
 8.953596e-01 -8.953598e-01 -8.972489e-01 -2.860137e-01
 8.942233e-01 -8.972028e-01 -2.873671e-01 -8.960518e-01
 9.927694e-01 -9.911075e-01 -2.908041e-01 -2.895902e-01
 8.986662e-01 -2.871074e-01 -8.948608e-01 -8.959979e-01
 9.758521e-01 -2.864618e-01 -9.758314e-01 -2.894084e-01
 9.749169e-01 -2.890413e-01 -2.900695e-01 -9.762523e-01
 1.158550e+00 -2.912902e-01 -2.891837e-01 -2.889845e-01
 2.875518e-01 -8.969647e-01 -8.965020e-01 -8.935915e-01
 2.892405e-01 -9.726928e-01 -9.789755e-01 -2.879335e-01
 2.884746e-01 -9.758398e-01 -2.876058e-01 -9.739977e-01
 2.898215e-01 -1.154700e+00 -2.882234e-01 -2.867585e-01
 2.908956e-01 -2.891405e-01 -9.925177e-01 -9.947940e-01
 2.895215e-01 -2.869319e-01 -1.156707e+00 -2.913830e-01
 2.897974e-01 -2.909891e-01 -2.905290e-01 -1.159448e+00
 2.766828e-01 -2.749888e-01 -2.761423e-01 -2.785848e-01
-8.362379e-01  8.406945e-01  8.379936e-01  8.368121e-01
-8.953596e-01  8.953598e-01  8.972489e-01  2.860137e-01
-8.942233e-01  8.972028e-01  2.873671e-01  8.960518e-01
-9.927694e-01  9.911075e-01  2.908041e-01  2.895902e-01
-8.986662e-01  2.871074e-01  8.948608e-01  8.959979e-01
-9.758521e-01  2.864618e-01  9.758314e-01  2.894084e-01
-9.749169e-01  2.890413e-01  2.900695e-01  9.762523e-01
-1.158550e+00  2.912902e-01  2.891837e-01  2.889845e-01
-2.875518e-01  8.969647e-01  8.965020e-01  8.935915e-01
-2.892405e-01  9.726928e-01  9.789755e-01  2.879335e-01
-2.884746e-01  9.758398e-01  2.876058e-01  9.739977e-01
-2.898215e-01  1.154700e+00  2.882234e-01  2.867585e-01
-2.908956e-01  2.891405e-01  9.925177e-01  9.947940e-01
-2.895215e-01  2.869319e-01  1.156707e+00  2.913830e-01
-2.897974e-01  2.909891e-01  2.905290e-01  1.159448e+00
-2.766828e-01  2.749888e-01  2.761423e-01  2.785848e-01
-8.362379e-01  8.406945e-01  8.379936e-01 -8.368121e-01
-8.953596e-01  8.953598e-01  8.972489e-01 -2.860137e-01
-8.942233e-01  8.972028e-01  2.873671e-01 -8.960518e-01
-9.927694e-01  9.911075e-01  2.908041e-01 -2.895902e-01
-8.986662e-01  2.871074e-01  8.948608e-01 -8.959979e-01
-9.758521e-01  2.864618e-01  9.758314e-01 -2.894084e-01
-9.749169e-01  2.890413e-01  2.900695e-01 -9.762523e-01
-1.158550e+00  2.912902e-01  2.891837e-01 -2.889845e-01
-2.875518e-01  8.969647e-01  8.965020e-01 -8.935915e-01
-2.892405e-01  9.726928e-01  9.789755e-01 -2.879335e-01
-2.884746e-01  9.758398e-01  2.876058e-01 -9.739977e-01
-2.898215e-01  1.154700e+00  2.882234e-01 -2.867585e-01
-2.908956e-01  2.891405e-01  9.925177e-01 -9.947940e-01
-2.895215e-01  2.869319e-01  1.156707e+00 -2.913830e-01
-2.897974e-01  2.909891e-01  2.905290e-01 -1.159448e+00
-2.766828e-01  2.749888e-01  2.761423e-01 -2.785848e-01
-8.362379e-01  8.406945e-01 -8.379936e-01  8.368121e-01
-8.953596e-01  8.953598e-01 -8.972489e-01  2.860137e-01
-8.942233e-01  8.972028e-01 -2.873671e-01  8.960518e-01
-9.927694e-01  9.911075e-01 -2.908041e-01  2.895902e-01
-8.986662e-01  2.871074e-01 -8.948608e-01  8.959979e-01
-9.758521e-01  2.864618e-01 -9.758314e-01  2.894084e-01
-9.749169e-01  2.890413e-01 -2.900695e-01  9.762523e-01
-1.158550e+00  2.912902e-01 -2.891837e-01  2.889845e-01
-2.875518e-01  8.969647e-01 -8.965020e-01  8.935915e-01
-2.892405e-01  9.726928e-01 -9.789755e-01  2.879335e-01
-2.884746e-01  9.758398e-01 -2.876058e-01  9.739977e-01
-2.898215e-01  1.154700e+00 -2.882234e-01  2.867585e-01
-2.908956e-01  2.891405e-01 -9.925177e-01  9.947940e-01
-2.895215e-01  2.869319e-01 -1.156707e+00  2.913830e-01
-2.897974e-01  2.909891e-01 -2.905290e-01  1.159448e+00
-2.766828e-01  2.749888e-01 -2.761423e-01  2.785848e-01
-8.362379e-01  8.406945e-01 -8.379936e-01 -8.368121e-01
-8.953596e-01  8.953598e-01 -8.972489e-01 -2.860137e-01
-8.942233e-01  8.972028e-01 -2.873671e-01 -8.960518e-01
-9.927694e-01  9.911075e-01 -2.908041e-01 -2.895902e-01
-8.986662e-01  2.871074e-01 -8.948608e-01 -8.959979e-01
-9.758521e-01  2.864618e-01 -9.758314e-01 -2.894084e-01
-9.749169e-01  2.890413e-01 -2.900695e-01 -9.762523e-01
-1.158550e+00  2.912902e-01 -2.891837e-01 -2.889845e-01
-2.875518e-01  8.969647e-01 -8.965020e-01 -8.935915e-01
-2.892405e-01  9.726928e-01 -9.789755e-01 -2.879335e-01
-2.884746e-01  9.758398e-01 -2.876058e-01 -9.739977e-01
-2.898215e-01  1.154700e+00 -2.882234e-01 -2.867585e-01
-2.908956e-01  2.891405e-01 -9.925177e-01 -9.947940e-01
-2.895215e-01  2.869319e-01 -1.156707e+00 -2.913830e-01
-2.897974e-01  2.909891e-01 -2.905290e-01 -1.159448e+00
-2.766828e-01  2.749888e-01 -2.761423e-01 -2.785848e-01
-8.362379e-01 -8.406945e-01  8.379936e-01  8.368121e-01
-8.953596e-01 -8.953598e-01  8.972489e-01  2.860137e-01
-8.942233e-01 -8.972028e-01  2.873671e-01  8.960518e-01
-9.927694e-01 -9.911075e-01  2.908041e-01  2.895902e-01
-8.986662e-01 -2.871074e-01  8.948608e-01  8.959979e-01
-9.758521e-01 -2.864618e-01  9.758314e-01  2.894084e-01
-9.749169e-01 -2.890413e-01  2.900695e-01  9.762523e-01
-1.158550e+00 -2.912902e-01  2.891837e-01  2.889845e-01
-2.875518e-01 -8.969647e-01  8.965020e-01  8.935915e-01
-2.892405e-01 -9.726928e-01  9.789755e-01  2.879335e-01
-2.884746e-01 -9.758398e-01  2.876058e-01  9.739977e-01
-2.898215e-01 -1.154700e+00  2.882234e-01  2.867585e-01
-2.908956e-01 -2.891405e-01  9.925177e-01  9.947940e-01
-2.895215e-01 -2.869319e-01  1.156707e+00  2.913830e-01
-2.897974e-01 -2.909891e-01  2.905290e-01  1.159448e+00
-2.766828e-01 -2.749888e-01  2.761423e-01  2.785848e-01
-8.362379e-01 -8.406945e-01  8.379936e-01 -8.368121e-01
-8.953596e-01 -8.953598e-01  8.972489e-01 -2.860137e-01
-8.942233e-01 -8.972028e-01  2.873671e-01 -8.960518e-01
-9.927694e-01 -9.911075e-01  2.908041e-01 -2.895902e-01
-8.986662e-01 -2.871074e-01  8.948608e-01 -8.959979e-01
-9.758521e-01 -2.864618e-01  9.758314e-01 -2.894084e-01
-9.749169e-01 -2.890413e-01  2.900695e-01 -9.762523e-01
-1.158550e+00 -2.912902e-01  2.891837e-01 -2.889845e-01
-2.875518e-01 -8.969647e-01  8.965020e-01 -8.935915e-01
-2.892405e-01 -9.726928e-01  9.789755e-01 -2.879335e-01
-2.884746e-01 -9.758398e-01  2.876058e-01 -9.739977e-01
-2.898215e-01 -1.154700e+00  2.882234e-01 -2.867585e-01
-2.908956e-01 -2.891405e-01  9.925177e-01 -9.947940e-01
-2.895215e-01 -2.869319e-01  1.156707e+00 -2.913830e-01
-2.897974e-01 -2.909891e-01  2.905290e-01 -1.159448e+00
-2.766828e-01 -2.749888e-01  2.761423e-01 -2.785848e-01
-8.362379e-01 -8.406945e-01 -8.379936e-01  8.368121e-01
-8.953596e-01 -8.953598e-01 -8.972489e-01  2.860137e-01
-8.942233e-01 -8.972028e-01 -2.873671e-01  8.960518e-01
-9.927694e-01 -9.911075e-01 -2.908041e-01  2.895902e-01
-8.986662e-01 -2.871074e-01 -8.948608e-01  8.959979e-01
-9.758521e-01 -2.864618e-01 -9.758314e-01  2.894084e-01
-9.749169e-01 -2.890413e-01 -2.900695e-01  9.762523e-01
-1.158550e+00 -2.912902e-01 -2.891837e-01  2.889845e-01
-2.875518e-01 -8.969647e-01 -8.965020e-01  8.935915e-01
-2.892405e-01 -9.726928e-01 -9.789755e-01  2.879335e-01
-2.884746e-01 -9.758398e-01 -2.876058e-01  9.739977e-01
-2.898215e-01 -1.154700e+00 -2.882234e-01  2.867585e-01
-2.908956e-01 -2.891405e-01 -9.925177e-01  9.947940e-01
-2.895215e-01 -2.869319e-01 -1.156707e+00  2.913830e-01
-2.897974e-01 -2.909891e-01 -2.905290e-01  1.159448e+00
-2.766828e-01 -2.749888e-01 -2.761423e-01  2.785848e-01
-8.362379e-01 -8.406945e-01 -8.379936e-01 -8.368121e-01
-8.953596e-01 -8.953598e-01 -8.972489e-01 -2.860137e-01
-8.942233e-01 -8.972028e-01 -2.873671e-01 -8.960518e-01
-9.927694e-01 -9.911075e-01 -2.908041e-01 -2.895902e-01
-8.986662e-01 -2.871074e-01 -8.948608e-01 -8.959979e-01
-9.758521e-01 -2.864618e-01 -9.758314e-01 -2.894084e-01
-9.749169e-01 -2.890413e-01 -2.900695e-01 -9.762523e-01
-1.158550e+00 -2.912902e-01 -2.891837e-01 -2.889845e-01
-2.875518e-01 -8.969647e-01 -8.965020e-01 -8.935915e-01
-2.892405e-01 -9.726928e-01 -9.789755e-01 -2.879335e-01
-2.884746e-01 -9.758398e-01 -2.876058e-01 -9.739977e-01
-2.898215e-01 -1.154700e+00 -2.882234e-01 -2.867585e-01
-2.908956e-01 -2.891405e-01 -9.925177e-01 -9.947940e-01
-2.895215e-01 -2.869319e-01 -1.156707e+00 -2.913830e-01
-2.897974e-01 -2.909891e-01 -2.905290e-01 -1.159448e+00
-2.766828e-01 -2.749888e-01 -2.761423e-01 -2.785848e-01
